"Inner_Iter",    "Time(sec)"   ,    "rms[Rho]"    ,    "rms[RhoU]"   ,    "rms[RhoE]"   ,"Linear_Solver_Iterations",    "LinSolRes"   ,"LinSolIterTurb",  "LinSolResTurb" ,     "Min DT"     ,     "Max DT"     ,     "Min CFL"    ,     "Max CFL"    ,     "Avg CFL"    ,"Avg_Massflow(inlet)","Avg_Massflow(outlet)","Avg_Massflow(blade1)", "Avg_Mach(inlet)","Avg_Mach(outlet)","Avg_Mach(blade1)", "Avg_Temp(inlet)","Avg_Temp(outlet)","Avg_Temp(blade1)","Avg_Press(inlet)","Avg_Press(outlet)","Avg_Press(blade1)","Avg_Density(inlet)","Avg_Density(outlet)","Avg_Density(blade1)","Avg_Enthalpy(inlet)","Avg_Enthalpy(outlet)","Avg_Enthalpy(blade1)","Avg_NormalVel(inlet)","Avg_NormalVel(outlet)","Avg_NormalVel(blade1)","Uniformity(inlet)","Uniformity(outlet)","Uniformity(blade1)","Secondary_Strength(inlet)","Secondary_Strength(outlet)","Secondary_Strength(blade1)","Momentum_Distortion(inlet)","Momentum_Distortion(outlet)","Momentum_Distortion(blade1)","Secondary_Over_Uniformity(inlet)","Secondary_Over_Uniformity(outlet)","Secondary_Over_Uniformity(blade1)","Avg_TotalTemp(inlet)","Avg_TotalTemp(outlet)","Avg_TotalTemp(blade1)","Avg_TotalPress(inlet)","Avg_TotalPress(outlet)","Avg_TotalPress(blade1)",   "CD(blade1)"   ,   "CL(blade1)"   ,   "CSF(blade1)"  ,   "CMx(blade1)"  ,   "CMy(blade1)"  ,   "CMz(blade1)"  ,   "CFx(blade1)"  ,   "CFy(blade1)"  ,   "CFz(blade1)"  ,  "CEff(blade1)"  
           0,     0.03801560006,      -3.113802939,      -1.597761018,       2.409729215,                         9,      -4.184759274,               4,      -4.759765841,   2.025487524e-07,   1.250759493e-05,                12,              14.4,       14.26136212,         0.8999411836,         -0.9144722247,                     0,      0.6637710323,      0.6999169304,                 0,        282.481886,       300.0087284,                 0,       11998.14859,         12363.9233,                  0,        0.1479664748,         0.1435663825,                    0,          308820.5611,           330951.7866,                     0,           184.5884353,           -193.3135707,                      0,        184.5901733,         193.3135707,                   0,                126.2845063,                 147.2891635,                           0,             1.883148613e-05,              2.437161584e-11,                          nan,                      0.6841345022,                       0.7619183842,                                nan,           307.3749766,            329.4026061,                      0,            16124.40691,             17148.74312,                       0,       1.377184825,      0.5110837352,                 0,                 0,                 0,      0.7602612579,      0.7858031912,       1.241111587,                 0,      0.3711075856
           1,     0.04194985004,      -3.309561091,      -1.005232988,       2.201914554,                        10,      -3.793184601,               5,      -4.626572422,   2.587148126e-07,   1.500914006e-05,                12,             17.28,       16.95284371,          0.942359721,         -0.9144216096,                     0,      0.6747047847,      0.6998509881,                 0,       272.0733171,       300.0166177,                 0,       12044.59811,        12365.11323,                  0,        0.1542270494,         0.1435764239,                    0,          298239.6123,           330954.9251,                     0,           185.4576425,           -193.2893519,                      0,        185.4557556,         193.2893519,                   0,                124.0105013,                 147.2884407,                           0,            -2.034872845e-05,              -4.40893988e-11,                          nan,                      0.6686797121,                        0.762010112,                                nan,           296.8435571,            329.4057299,                      0,            16339.69968,             17149.38431,                       0,       2.641411387,      0.9889333515,                 0,                 0,                 0,       1.484993997,       1.501890571,       2.387334916,                 0,      0.3743958084
           2,     0.04116909998,      -3.414631918,      -1.151860662,       2.110323077,                        10,      -3.359389477,               6,      -4.417816034,   2.561165744e-07,   1.801103359e-05,                12,            20.736,       20.21511165,         0.9791513441,         -0.9143853521,                     0,      0.7013426813,       0.699804294,                 0,       267.4492697,       300.0224819,                 0,       12149.47225,        12365.92873,                  0,        0.1582584557,         0.1435830866,                    0,          295141.6133,           330957.4539,                     0,           187.7900551,           -193.2727191,                      0,        187.7859584,         193.2727191,                   0,                 132.653931,                 147.2874351,                           0,            -4.362969512e-05,             -3.095815826e-10,                          nan,                      0.7064102773,                       0.7620704865,                                nan,           293.7600598,            329.4082469,                      0,            16873.76369,             17149.80074,                       0,       3.856028229,       1.346648247,                 0,                 0,                 0,       2.204048889,       2.251314981,       3.407931347,                 0,      0.3492319473
           3,     0.04076507501,      -3.533013893,      -1.298039662,       1.998959445,                        10,      -2.867359302,               7,      -4.504254129,   2.547561268e-07,   2.161335667e-05,               1.2,            2.0736,       2.021511165,         0.9927985844,         -0.9143650766,                     0,      0.7247548746,      0.6997772038,                 0,       266.4520562,       300.0257724,                 0,       12190.72703,        12366.38999,                  0,         0.159385787,         0.1435868676,                    0,          295830.1252,           330958.7979,                     0,           189.0496881,           -193.2633443,                      0,        189.0494573,         193.2633442,                   0,                143.1932654,                 147.2864159,                           0,            -2.441868913e-06,             -7.195511964e-10,                          nan,                      0.7574381195,                       0.7621021798,                                nan,           294.4453487,            329.4095846,                      0,            17294.33302,             17150.02588,                       0,       5.018298405,       1.595392686,                 0,                 0,                 0,       2.922162462,       3.025133839,       4.310123196,                 0,      0.3179150695
           4,        0.03734776,       -3.65882281,      -1.341696548,       1.863553662,                         4,       -4.83486357,               2,      -4.200452248,    2.54039689e-08,   2.161350017e-06,              1.44,           2.48832,       2.425813398,         0.9915468487,         -0.9143653619,                     0,      0.7277048581,      0.6997780844,                 0,       267.0034117,       300.0257839,                 0,       12194.37453,         12366.3777,                  0,        0.1591028081,         0.1435867194,                    0,          296671.8397,           330958.8849,                     0,           189.1438924,            -193.263604,                      0,        189.1443787,          193.263604,                   0,                145.0748871,                 147.2865873,                           0,             5.141893221e-06,             -8.008548269e-10,                          nan,                      0.7670060729,                       0.7621020422,                                nan,           295.2831232,            329.4096712,                      0,            17346.08799,             17150.02231,                       0,       5.317795435,       1.636479999,                 0,                 0,                 0,       3.108373029,       3.238477349,       4.524298789,                 0,      0.3077365458
           5,     0.03496885001,      -3.687498598,      -1.315635553,       1.831099916,                         4,       -4.35891692,               3,      -5.770053881,   3.052177426e-08,   2.593621678e-06,             1.728,          2.985984,       2.910976078,         0.9895898541,         -0.9143663332,                     0,      0.7301710882,        0.69977947,                 0,       267.6073684,       300.0257764,                 0,       12195.05287,        12366.36272,                  0,        0.1587516331,         0.1435865491,                    0,          297535.9048,           330958.9935,                     0,           189.1867479,           -193.2640386,                      0,        189.1873907,         193.2640385,                   0,                146.7884969,                 147.2868058,                           0,             6.795557707e-06,             -9.070274531e-10,                          nan,                      0.7758894307,                       0.7621014597,                                nan,           296.1431436,            329.4097793,                      0,            17386.20266,             17150.02274,                       0,       5.585893953,        1.66787417,                 0,                 0,                 0,       3.276923267,       3.432718106,       4.711736612,                 0,      0.2985867945
           6,     0.03364331428,      -3.724005688,      -1.291901647,       1.790866493,                         5,      -4.857176522,               3,      -5.382135605,   3.671798957e-08,   3.112348446e-06,            2.0736,         3.5831808,       3.493171293,          0.986960735,         -0.9143681945,                     0,      0.7319511508,      0.6997815515,                 0,       268.2648368,       300.0257214,                 0,       12192.98876,        12366.34283,                  0,        0.1583352839,         0.1435863444,                    0,          298406.9087,           330959.1084,                     0,           189.1802712,           -193.2647075,                      0,        189.1806726,         193.2647074,                   0,                148.2265203,                 147.2870838,                           0,             4.244101271e-06,             -1.045046827e-09,                          nan,                      0.7835183069,                       0.7621002605,                                nan,           297.0100704,            329.4098937,                      0,            17411.62938,               17150.027,                       0,       5.784099946,       1.684577005,                 0,                 0,                 0,       3.404107267,       3.580263993,       4.845133807,                 0,      0.2912427208
           7,     0.03291996251,      -3.752693131,      -1.283505212,       1.759402293,                         5,      -4.353882215,               3,       -5.00967295,   4.424101305e-08,    3.73482205e-06,           2.48832,        4.29981696,       4.191805552,         0.9837802991,         -0.9143710287,                     0,      0.7328483431,      0.6997845016,                 0,       268.9723232,       300.0255807,                 0,       12188.88454,        12366.31433,                  0,         0.157865527,         0.1435860809,                    0,          299264.7508,           330959.2021,                     0,           189.1325418,           -193.2656613,                      0,        189.1324977,         193.2656612,                   0,                149.2755037,                 147.2874283,                           0,            -4.664153124e-07,             -1.216755252e-09,                          nan,                      0.7892641692,                       0.7620982818,                                nan,           297.8638969,             329.409987,                      0,            17420.09121,             17150.03263,                       0,       5.877096285,       1.683123029,                 0,                 0,                 0,       3.467761715,       3.655121208,       4.900331911,                 0,      0.2863868393
           8,     0.03316848888,      -3.756623834,      -1.294821084,        1.75496321,                         6,      -4.640743223,               3,      -4.652901882,    5.33933951e-08,   4.481793102e-06,          2.985984,       5.159780352,       5.030166662,         0.9802482915,         -0.9143747213,                     0,       0.732696047,      0.6997884257,                 0,       269.7177803,       300.0253117,                 0,       12183.81651,        12366.27227,                  0,        0.1573638386,         0.1435857212,                    0,          300082.0735,           330959.2365,                     0,           189.0551843,           -193.2669259,                      0,        189.0546659,         193.2669258,                   0,                149.8279581,                 147.2878372,                           0,            -5.484966148e-06,             -1.412972073e-09,                          nan,                       0.792511295,                       0.7620954107,                                nan,           298.6773937,            329.4100212,                      0,            17410.37379,             17150.03434,                       0,       5.849432093,       1.663761402,                 0,                 0,                 0,       3.457511272,       3.644847998,        4.86816607,                 0,      0.2844312705
           9,     0.03281225001,      -3.742829645,      -1.321639104,       1.770424933,                         6,      -4.151184193,               3,      -4.315889099,   6.408582099e-08,   5.378162954e-06,         3.5831808,       6.191736422,       6.036199995,          0.976614685,         -0.9143789526,                     0,      0.7313951978,      0.6997933145,                 0,       270.4765699,       300.0248793,                 0,       12178.96263,        12366.21161,                  0,        0.1568600241,         0.1435852238,                    0,          300822.9371,            330959.172,                     0,           188.9598005,           -193.2684898,                      0,        188.9589104,         193.2684897,                   0,                149.8015868,                 147.2882968,                           0,            -9.421555559e-06,             -1.611527578e-09,                          nan,                      0.7927733414,                        0.762091622,                                nan,           299.4147893,             329.409957,                      0,            17382.57684,             17150.02503,                       0,        5.72047491,       1.631977844,                 0,                 0,                 0,       3.384153891,       3.561526446,       4.764736536,                 0,      0.2852871255
          10,     0.03261250909,      -3.732892943,      -1.346724859,       1.783511822,                         7,      -4.304954597,               4,      -5.216843073,   7.686216789e-08,   6.453813669e-06,        4.29981696,       7.430083707,       7.243439993,         0.9731454168,         -0.9143833016,                     0,      0.7289648048,      0.6997990226,                 0,       271.2081575,       300.0242717,                 0,        12175.2416,        12366.12947,                  0,        0.1563892472,         0.1435845608,                    0,          301443.4128,           330958.9835,                     0,           188.8550939,           -193.2703014,                      0,        188.8540224,         193.2703013,                   0,                149.1652351,                 147.2887837,                           0,            -1.134640979e-05,             -1.784377424e-09,                          nan,                      0.7898440987,                       0.7620869983,                                nan,           300.0323606,            329.4097693,                      0,            17338.42353,             17149.99847,                       0,       5.545452503,       1.597324221,                 0,                 0,                 0,       3.280466047,       3.443300456,       4.631108949,                 0,      0.2880421788
          11,     0.03263678334,      -3.730483906,      -1.352229064,       1.788929712,                         8,      -4.385562726,               4,      -4.819959427,   9.246535761e-08,   7.744603624e-06,       5.159780352,       8.916100448,       8.692127992,           0.97009693,         -0.9143874332,                     0,      0.7255943044,      0.6998052875,                 0,       271.8577481,       300.0235123,                 0,       12173.04925,        12366.02751,                  0,        0.1559875428,         0.1435837404,                    0,          301897.7695,           330958.6744,                     0,           188.7473553,           -193.2722791,                      0,        188.7463321,         193.2722789,                   0,                147.9671064,                 147.2892702,                           0,            -1.084220238e-05,             -1.912916603e-09,                          nan,                      0.7839469238,                       0.7620817174,                                nan,           300.4845904,            329.4094617,                      0,            17281.68704,             17149.95294,                       0,       5.375531593,       1.569141699,                 0,                 0,                 0,       3.178222618,        3.32521116,         4.5057204,                 0,      0.2919044697
          12,     0.03312327693,      -3.724584297,      -1.338249561,       1.797346406,                         9,      -4.381038554,               4,      -4.447901663,   1.115711249e-07,   9.293562026e-06,       6.191736422,       10.69932054,       10.43055359,         0.9677054213,         -0.9143912627,                     0,      0.7216781107,        0.69981178,                 0,       272.3645293,       300.0226587,                 0,       12172.26233,        12365.91301,                  0,        0.1556872001,         0.1435828194,                    0,          302150.3429,           330958.2806,                     0,           188.6438779,           -193.2743283,                      0,        188.6431043,         193.2743281,                   0,                146.3579654,                 147.2897304,                           0,            -8.201020543e-06,             -1.999185928e-09,                          nan,                      0.7758458273,                       0.7620760181,                                nan,           300.7359816,            329.4090697,                      0,             17218.6434,              17149.8935,                       0,       5.251390039,       1.554239132,                 0,                 0,                 0,       3.103005779,       3.235490628,       4.418637461,                 0,      0.2959671859
          13,     0.03400246428,      -3.709138843,      -1.310652934,       1.817157666,                        10,      -4.375508824,               4,      -4.082645662,   1.349220381e-07,   1.116503148e-05,       7.430083707,       12.83918465,       12.51666431,         0.9661654818,         -0.9143949593,                     0,      0.7177973302,      0.6998181568,                 0,       272.6776385,        300.021787,                 0,       12172.45176,        12365.79748,                  0,        0.1555107041,         0.1435818952,                    0,           302191.403,            330957.857,                     0,           188.5560123,           -193.2763537,                      0,        188.5555796,         193.2763535,                   0,                144.5947899,                 147.2901431,                           0,            -4.589617915e-06,             -2.060666859e-09,                          nan,                      0.7668550049,                       0.7620701676,                                nan,           300.7768495,            329.4086482,                      0,            17157.93578,             17149.83086,                       0,       5.194003655,       1.553879407,                 0,                 0,                 0,       3.068157914,       3.190059271,       4.383575826,                 0,      0.2991679463
          14,     0.03456536001,      -3.685598471,      -1.272779536,       1.846943572,                        10,       -3.91611998,               5,      -4.502331908,   1.632963186e-07,   1.343352075e-05,       8.916100448,       15.40702157,        14.9841792,         0.9655834392,         -0.9143987459,                     0,      0.7146204675,      0.6998240788,                 0,       272.7751108,       300.0209683,                 0,       12173.11335,        12365.69307,                  0,        0.1554633766,         0.1435810747,                    0,          302049.6934,           330957.4536,                     0,           188.4987621,           -193.2782586,                      0,        188.4986026,         193.2782584,                   0,                143.0064242,                  147.290489,                           0,            -1.692683334e-06,             -2.108063391e-09,                          nan,                      0.7586603942,                       0.7620644465,                                nan,           300.6358032,            329.4082466,                      0,            17109.23725,             17149.77668,                       0,       5.186954271,       1.563332412,                 0,                 0,                 0,        3.06359603,       3.178723262,       4.386823597,                 0,      0.3013969914
          15,     0.03483999999,      -3.658191347,      -1.226912525,       1.881263142,                        10,      -3.530936249,               5,      -4.046984907,   1.975579731e-07,   1.615508559e-05,       10.69932054,       18.48842589,       17.93088546,         0.9659131495,         -0.9144026106,                     0,      0.7127238056,       0.699829187,                 0,       272.6780448,       300.0202529,                 0,       12173.66913,        12365.60875,                  0,        0.1555256292,          0.143580438,                    0,          301793.6295,           330957.0955,                     0,           188.4872805,           -193.2799326,                      0,        188.4872003,         193.2799324,                   0,                141.9104684,                 147.2907408,                           0,            -8.506173811e-07,             -2.117560682e-09,                          nan,                      0.7528918047,                        0.762059149,                                nan,            300.380938,            329.4078901,                      0,            17080.49798,             17149.73792,                       0,       5.193532999,       1.576248862,                 0,                 0,                 0,       3.066325287,       3.176129246,       4.401084923,                 0,       0.303502233
          16,     0.03501760588,      -3.637181361,      -1.186457587,       1.906323321,                        10,      -3.153531426,               6,      -4.245704563,   2.387971681e-07,   1.946858443e-05,       12.83918465,       22.18611107,       21.43473417,         0.9669223177,         -0.9144061424,                     0,      0.7123960426,      0.6998330699,                 0,       272.4497197,       300.0196743,                 0,       12173.33744,        12365.54883,                  0,        0.1556516297,         0.1435800191,                    0,          301515.2782,           330956.7849,                     0,           188.5316231,            -193.281243,                      0,        188.5314289,         193.2812429,                   0,                 141.506087,                  147.290859,                           0,            -2.059738699e-06,             -2.021413814e-09,                          nan,                      0.7505702782,                       0.7620545939,                                nan,           300.1038896,            329.4075811,                      0,            17074.91432,             17149.71423,                       0,       5.182191509,       1.589392265,                 0,                 0,                 0,       3.056110738,       3.159142642,        4.40466734,                 0,      0.3067027266
          17,     0.03524295555,       -3.63086216,      -1.167171038,       1.910343362,                        10,      -2.783445179,               7,      -4.353028266,   2.885275146e-07,   2.344019806e-05,       1.283918465,       2.218611107,       2.143473417,         0.9682437781,         -0.9144086283,                     0,      0.7135101923,      0.6998352928,                 0,       272.1779163,       300.0192665,                 0,       12171.28353,        12365.51428,                  0,        0.1557807805,          0.143579813,                    0,          301301.4431,           330956.5226,                     0,           188.6329805,           -193.2820458,                      0,        188.6326396,         193.2820456,                   0,                141.7886031,                 147.2908066,                           0,             -3.61488135e-06,             -1.748885814e-09,                          nan,                      0.7516652652,                       0.7620511572,                                nan,           299.8910554,              329.40732,                      0,            17089.29784,             17149.70033,                       0,       5.134801889,       1.603635799,                 0,                 0,                 0,       3.020706459,        3.11281404,       4.387280134,                 0,      0.3123072387
          18,     0.03492887895,      -3.644802853,      -1.176282596,       1.889398784,                         4,      -4.650620416,               2,      -4.074084694,   2.908016868e-08,   2.348459043e-06,       1.540702157,       2.662333328,         2.5721681,         0.9686048093,         -0.9144084537,                     0,      0.7141257269,      0.6998347755,                 0,        272.123577,       300.0192783,                 0,       12171.51689,        12365.52077,                  0,        0.1558148705,         0.1435798828,                    0,          301289.3523,           330956.4919,                     0,           188.6619674,            -193.281915,                      0,        188.6616561,         193.2819148,                   0,                142.0496094,                 147.2906898,                           0,             -3.29982954e-06,             -1.670289684e-09,                          nan,                      0.7529331202,                       0.7620510688,                                nan,           299.8790212,            329.4072894,                      0,            17099.16932,             17149.70142,                       0,       5.132222761,       1.604516378,                 0,                 0,                 0,       3.018440502,       3.110228792,       4.386417689,                 0,      0.3126357628
          19,     0.03440864499,      -3.661042281,       -1.19315885,       1.868907333,                         4,      -4.250055469,               3,      -5.470472417,   3.492362333e-08,   2.818794827e-06,       1.848842589,       3.194799994,        3.08660172,         0.9689522884,         -0.9144080245,                     0,      0.7148038703,       0.699834093,                 0,       272.0676288,       300.0192875,                 0,       12171.40655,        12365.52687,                  0,        0.1558454955,         0.1435799492,                    0,           301280.394,           330956.4445,                     0,           188.6924768,           -193.2817348,                      0,        188.6922079,         193.2817347,                   0,                142.3415199,                 147.2905413,                           0,            -2.850919234e-06,             -1.572356689e-09,                          nan,                      0.7543582298,                       0.7620510109,                                nan,           299.8701049,            329.4072422,                      0,            17109.54244,             17149.69943,                       0,       5.127344226,       1.605538331,                 0,                 0,                 0,       3.014613751,       3.105728755,        4.38427429,                 0,      0.3131325419
          20,     0.03401007143,      -3.680520239,      -1.209299466,       1.845733414,                         5,      -4.763341842,               3,      -5.094166383,   4.194531022e-08,   3.383263874e-06,       2.218611107,       3.833759992,       3.703922064,         0.9692767788,          -0.914407305,                     0,      0.7155374514,      0.6998332057,                 0,       272.0120121,       300.0192977,                 0,       12170.89139,        12365.53309,                  0,        0.1558707595,         0.1435800165,                    0,          301276.1613,           330956.3809,                     0,           188.7249595,           -193.2814921,                      0,        188.7247479,          193.281492,                   0,                142.6610808,                 147.2903583,                           0,            -2.242228111e-06,             -1.453309917e-09,                          nan,                      0.7559214275,                       0.7620510212,                                nan,            299.865892,             329.407179,                      0,            17120.22116,             17149.69448,                       0,       5.119445934,       1.606823153,                 0,                 0,                 0,       3.008749604,       3.098667285,       4.380510059,                 0,      0.3138666125
          21,     0.03386294545,      -3.698909291,      -1.221899375,       1.823895421,                         5,      -4.342428546,               3,      -4.717263228,   5.038571669e-08,   4.060564642e-06,       2.662333328,       4.600511991,       4.444706477,          0.969569882,         -0.9144063409,                     0,      0.7163117946,      0.6998320976,                 0,       271.9592953,       300.0193175,                 0,       12169.94465,        12365.54068,                  0,        0.1558888447,         0.1435800953,                    0,          301278.3562,           330956.3092,                     0,           188.7599863,           -193.2811823,                      0,        188.7598425,         193.2811822,                   0,                143.0012268,                 147.2901432,                           0,            -1.523650994e-06,             -1.314681808e-09,                          nan,                      0.7575828892,                       0.7620511297,                                nan,           299.8680766,            329.4071076,                      0,            17130.94027,             17149.68805,                       0,       5.107979348,       1.608549075,                 0,                 0,                 0,       3.000457977,       3.088500031,       4.374934365,                 0,      0.3149090796
          22,     0.03362394348,      -3.715285887,      -1.233677878,       1.804092708,                         6,      -4.713158554,               3,      -4.351598466,   6.053699231e-08,   4.872982014e-06,       3.194799994,       5.520614389,       5.333647773,         0.9698238104,         -0.9144052736,                     0,      0.7171019881,      0.6998307934,                 0,       271.9125764,       300.0193585,                 0,       12168.58699,        12365.55144,                  0,        0.1558982349,         0.1435802005,                    0,          301288.4665,           330956.2445,                     0,           188.7978976,           -193.2808149,                      0,        188.7978201,         193.2808148,                   0,                143.3500145,                 147.2899056,                           0,            -8.211120779e-07,             -1.161187702e-09,                          nan,                      0.7592779113,                       0.7620513487,                                nan,           299.8781396,            329.4070431,                      0,            17141.34112,             17149.68302,                       0,       5.092614569,       1.610943956,                 0,                 0,                 0,       2.989456396,       3.074826487,       4.367528552,                 0,      0.3163294481
          23,     0.03337814167,      -3.730802929,      -1.247743895,       1.785800913,                         6,      -4.243452667,               3,      -4.011427151,   7.275587311e-08,   5.847044876e-06,       3.833759992,       6.624737267,       6.400377327,         0.9700305264,         -0.9144042827,                     0,      0.7178705501,      0.6998293621,                 0,       271.8751763,       300.0194319,                 0,       12166.89063,        12365.56685,                  0,         0.155897946,         0.1435803443,                    0,          301307.2421,           330956.2046,                     0,           188.8383508,            -193.280412,                      0,        188.8383243,         193.2804119,                   0,                143.6897741,                 147.2896635,                           0,            -2.808961291e-07,             -9.993429417e-10,                          nan,                       0.760914262,                       0.7620516847,                                nan,           299.8968273,            329.4070035,                      0,            17150.94053,             17149.68248,                       0,       5.073101275,       1.614266561,                 0,                 0,                 0,       2.975479235,        3.05729072,       4.358346766,                 0,      0.3182011305
          24,       0.033224744,       -3.74407978,      -1.259820299,       1.771379971,                         7,      -4.409252689,               4,      -4.786951045,   8.748072312e-08,    7.01438745e-06,       4.600511991,        7.94968472,       7.680452793,          0.970181648,         -0.9144034548,                     0,      0.7185676893,      0.6998278931,                 0,       271.8500588,       300.0195429,                 0,       12164.97499,        12365.58688,                  0,        0.1558878042,         0.1435805238,                    0,          301334.0669,           330956.2031,                     0,            188.879953,           -193.2799953,                      0,        188.8799538,         193.2799952,                   0,                143.9973719,                 147.2894429,                           0,             8.303648658e-09,             -8.365075299e-10,                          nan,                      0.7623750905,                       0.7620521866,                                nan,           299.9235266,             329.407002,                      0,            17159.12775,             17149.68778,                       0,        5.04888744,       1.618779762,                 0,                 0,                 0,       2.958041843,       3.035294308,       4.347263595,                 0,      0.3206210835
          25,     0.03318148077,      -3.751798151,      -1.261435269,       1.764719274,                         8,      -4.466596557,               4,      -4.378167365,   1.052544294e-07,   8.412934166e-06,       5.520614389,       9.539621664,       9.216543351,         0.9702703268,         -0.9144026817,                     0,      0.7191359955,      0.6998264652,                 0,       271.8390472,        300.019693,                 0,       12162.99674,        12365.60967,                  0,        0.1558687694,         0.1435807166,                    0,          301366.4547,           330956.2482,                     0,           188.9202239,           -193.2795723,                      0,        188.9202293,         193.2795723,                   0,                144.2462711,                 147.2892802,                           0,             5.716963081e-08,             -6.809874886e-10,                          nan,                      0.7635300445,                       0.7620530118,                                nan,           299.9557627,            329.4070468,                      0,            17165.22283,             17149.69753,                       0,       5.018573293,       1.624697138,                 0,                 0,                 0,       2.936099198,       3.007594347,       4.333600689,                 0,      0.3237368556
          26,     0.03326649629,      -3.747982504,      -1.252211152,       1.770718141,                         9,       -4.47349394,               5,      -4.874330963,   1.267550691e-07,   1.008847524e-05,       6.624737267,         11.447546,       11.05713286,         0.9702949726,         -0.9144017388,                     0,      0.7195209678,       0.699825142,                 0,       271.8420335,       300.0198893,                 0,       12161.13707,        12365.63273,                  0,        0.1558432268,         0.1435808904,                    0,          301399.9943,           330956.3531,                     0,           188.9559613,            -193.279139,                      0,        188.9559573,         193.2791389,                   0,                 144.411163,                  147.289222,                           0,            -4.258267294e-08,             -5.415714543e-10,                          nan,                      0.7642583225,                       0.7620544192,                                nan,           299.9891453,            329.4071512,                      0,             17168.6235,             17149.70927,                       0,       4.979436141,       1.632136214,                 0,                 0,                 0,       2.907739659,       2.971953786,       4.315801617,                 0,      0.3277753079
          27,     0.03340663571,      -3.725364164,      -1.244726255,        1.79592056,                        10,      -4.427378786,               5,      -4.427926794,   1.528379031e-07,   1.209655793e-05,        7.94968472,        13.7370552,       13.24644746,         0.9702628376,         -0.9144005352,                     0,      0.7196864941,       0.699824006,                 0,       271.8564807,       300.0201475,                 0,       12159.58067,        12365.65475,                  0,        0.1558150014,         0.1435810225,                    0,          301429.0172,            330956.542,                     0,           188.9839244,           -193.2787067,                      0,        188.9839081,         193.2787067,                   0,                  144.47502,                 147.2893109,                           0,            -1.720253261e-07,             -4.270357401e-10,                          nan,                      0.7644831849,                       0.7620565835,                                nan,           300.0180324,            329.4073393,                      0,            17169.01947,             17149.72242,                       0,       4.927209729,       1.641136142,                 0,                 0,                 0,       2.870017979,       2.924955209,       4.291312221,                 0,      0.3330761692
          28,     0.03354521379,      -3.688227637,      -1.236668536,       1.838488694,                        10,       -4.00094662,               5,      -4.031124248,   1.845950006e-07,   1.450450393e-05,       9.539621664,       16.48446624,       15.86467605,         0.9701912826,         -0.9143992867,                     0,      0.7196312209,      0.6998231738,                 0,       271.8775243,       300.0204732,                 0,       12158.47669,        12365.67531,                  0,        0.1557887953,         0.1435811054,                    0,          301448.0055,           330956.8311,                     0,            189.001771,           -193.2783313,                      0,        189.0017481,         193.2783312,                   0,                144.4367364,                 147.2895445,                           0,            -2.417168984e-07,             -3.461841924e-10,                          nan,                      0.7642084679,                       0.7620592723,                                nan,           300.0369318,            329.4076271,                      0,            17166.59608,              17149.7382,                       0,       4.855582107,       1.651660925,                 0,                 0,                 0,       2.818566225,       2.861599439,       4.256278899,                 0,      0.3401571405
          29,        0.03367076,      -3.633325537,      -1.215530217,       1.891881524,                        10,      -3.680424109,               6,      -4.284039728,   2.234481666e-07,   1.739347945e-05,       9.539621664,       19.78135948,       19.00279167,          0.970105331,          -0.914398367,                     0,      0.7193989641,       0.699822733,                 0,       271.8989291,       300.0208363,                 0,       12157.88562,        12365.69253,                  0,        0.1557689568,         0.1435811316,                    0,          301453.4819,           330957.1944,                     0,           189.0090866,           -193.2781015,                      0,        189.0090652,         193.2781015,                   0,                144.3161333,                  147.289836,                           0,            -2.263682387e-07,             -3.025826256e-10,                          nan,                      0.7635408023,                       0.7620616866,                                nan,           300.0423826,            329.4079886,                      0,            17162.12409,             17149.75534,                       0,       4.754249636,       1.663327074,                 0,                 0,                 0,       2.746317435,       2.773922594,       4.204152709,                 0,      0.3498611141
          30,     0.03386184839,      -3.561359318,      -1.187353643,        1.96061197,                        10,      -3.396817258,               7,      -4.376314658,   2.286291489e-07,   2.088361047e-05,       9.539621664,       23.73763138,       22.74961506,         0.9700310834,         -0.9143978454,                     0,      0.7190743214,      0.6998226209,                 0,       271.9150091,       300.0211676,                 0,       12157.75901,        12365.70132,                  0,         0.155758121,          0.143581075,                    0,          301445.7939,           330957.5505,                     0,           189.0077566,           -193.2780675,                      0,        189.0077415,         193.2780674,                   0,                144.1525915,                 147.2900379,                           0,            -1.590138111e-07,              -2.85201307e-10,                          nan,                      0.7626808845,                       0.7620628653,                                nan,           300.0347306,             329.408343,                      0,             17156.8613,             17149.76581,                       0,       4.606156726,       1.674369769,                 0,                 0,                 0,       2.641981411,       2.649426867,       4.123194294,                 0,      0.3635069035
          31,       0.034032875,      -3.498493171,      -1.163023661,       2.028763682,                        10,      -3.096823851,               8,      -4.387948376,   2.032338333e-07,   2.508118592e-05,       9.539621664,       28.48515766,       27.16336325,         0.9699828955,         -0.9143965435,                     0,      0.7187544839,      0.6998224781,                 0,       271.9234459,       300.0213726,                 0,       12158.05488,        12365.69137,                  0,        0.1557570771,         0.1435808614,                    0,          301430.0149,           330957.7646,                     0,           188.9996238,           -193.2780799,                      0,         188.999615,         193.2780798,                   0,                143.9949449,                 147.2900768,                           0,            -9.339339002e-08,             -2.673864463e-10,                          nan,                      0.7618795674,                       0.7620630176,                                nan,           300.0190254,            329.4085561,                      0,            17152.27156,             17149.74982,                       0,       4.385889263,       1.680318063,                 0,                 0,                 0,       2.490416847,       2.470605343,       3.994446477,                 0,      0.3831191265
          32,     0.03433037576,      -3.448843898,      -1.142873978,       2.087662277,                        10,      -2.811245289,               8,      -4.056403702,   1.835000876e-07,   3.012032575e-05,      0.9539621664,       2.848515766,       2.716336325,         0.9699412722,         -0.9143881682,                     0,      0.7184925614,      0.6998211342,                 0,       271.9287334,       300.0212421,                 0,       12159.11627,        12365.62679,                  0,        0.1557676451,          0.143580174,                    0,          301415.3013,           330957.5072,                     0,           188.9786849,           -193.2772349,                      0,         188.978679,         193.2772348,                   0,                143.8833376,                 147.2903285,                           0,              -6.3077781e-08,             -2.482916095e-10,                          nan,                      0.7613733907,                       0.7620676517,                                nan,           300.0043807,               329.4083,                      0,            17149.67012,             17149.63969,                       0,       4.056752523,       1.673157903,                 0,                 0,                 0,       2.273845303,        2.21312477,       3.789297713,                 0,      0.4124377549
          33,     0.03408789411,      -3.412614053,      -1.127395644,       2.131797794,                         4,      -4.445594208,               3,      -5.302507369,   1.663072728e-08,   3.014006727e-06,         1.1447546,       3.418218919,        3.25960359,         0.9699527963,         -0.9143864721,                     0,      0.7184827689,      0.6998204822,                 0,       271.9256502,       300.0212162,                 0,       12159.11927,        12365.62187,                  0,        0.1557694495,         0.1435801293,                    0,          301411.1131,           330957.4236,                     0,            188.978739,           -193.2769366,                      0,        188.9787338,         193.2769366,                   0,                143.8756968,                 147.2903291,                           0,            -5.494697297e-08,             -2.292723789e-10,                          nan,                      0.7613327377,                       0.7620688308,                                nan,           300.0002121,            329.4082167,                      0,            17149.52054,             17149.62289,                       0,       4.035280474,       1.672059034,                 0,                 0,                 0,       2.259756133,       2.196710226,        3.77541178,                 0,      0.4143600538
          34,     0.03380319428,      -3.414421479,      -1.139374518,       2.128160296,                         4,      -4.050112605,               3,       -4.96290938,   1.955927983e-08,   3.617497457e-06,        1.37370552,       4.101862702,       3.911524308,         0.9699637512,         -0.9143830268,                     0,      0.7184782132,      0.6998192753,                 0,       271.9227924,       300.0211421,                 0,       12159.16859,        12365.60753,                  0,        0.1557717183,         0.1435799983,                    0,          301407.5863,           330957.2401,                     0,            188.978119,           -193.2763847,                      0,        188.9781142,         193.2763846,                   0,                143.8719618,                 147.2903124,                           0,            -5.037800099e-08,             -2.064194371e-10,                          nan,                      0.7613154695,                       0.7620709207,                                nan,           299.9967018,            329.4080341,                      0,            17149.51836,             17149.58454,                       0,       4.006251882,       1.670764544,                 0,                 0,                 0,       2.240856197,       2.174403196,       3.756791056,                 0,      0.4170393158
          35,        0.03360165,      -3.421321703,      -1.147999474,       2.119139611,                         5,      -4.507377614,               3,      -4.606984723,   2.291334429e-08,   4.341841696e-06,       1.648446624,       4.922235243,       4.693829169,         0.9699727975,         -0.9143765402,                     0,      0.7184790498,      0.6998170556,                 0,       271.9203894,       300.0209816,                 0,       12159.28187,        12365.57846,                  0,        0.1557745463,         0.1435797376,                    0,          301404.9875,           330956.8757,                     0,           188.9764486,           -193.2753645,                      0,        188.9764442,         193.2753645,                   0,                 143.872878,                 147.2902722,                           0,            -4.695769729e-08,             -1.993890608e-10,                          nan,                      0.7613270459,                       0.7620747351,                                nan,           299.9941152,            329.4076714,                      0,            17149.69092,             17149.51026,                       0,       3.966628085,       1.669138827,                 0,                 0,                 0,       2.215260865,       2.143868682,        3.73148628,                 0,      0.4207953938
          36,     0.03339701622,      -3.436364746,      -1.155124676,       2.101277218,                         5,      -4.058106809,               3,      -4.258893512,   2.671945627e-08,   5.211212047e-06,       1.978135948,       5.906682292,       5.632595003,          0.969977799,         -0.9143647919,                     0,      0.7184839711,      0.6998130454,                 0,       271.9187997,       300.0206765,                 0,        12159.4877,        12365.52668,                  0,        0.1557780942,         0.1435792823,                    0,          301403.6113,           330956.2007,                     0,           188.9731167,            -193.273494,                      0,        188.9731127,          193.273494,                   0,                143.8787934,                 147.2902255,                           0,            -4.254713459e-08,             -2.401913113e-10,                          nan,                      0.7613717704,                       0.7620818692,                                nan,           299.9927454,            329.4069996,                      0,            17150.05804,             17149.37708,                       0,       3.912836929,       1.666895546,                 0,                 0,                 0,       2.180787737,       2.102438647,       3.697104994,                 0,       0.426006904
          37,     0.03333903947,      -3.459732559,      -1.165885513,       2.073997513,                         6,      -4.326256361,               4,      -5.021423273,   3.099408138e-08,   6.254614971e-06,       2.373763138,        7.08801875,       6.759114004,         0.9699750303,         -0.9143443313,                     0,      0.7184888428,      0.6998060362,                 0,       271.9186013,        300.020169,                 0,       12159.83652,         12365.4428,                  0,        0.1557826768,         0.1435785513,                    0,          301403.7735,           330955.0495,                     0,           188.9670156,           -193.2701533,                      0,        188.9670122,         193.2701532,                   0,                143.8893226,                 147.2902548,                           0,            -3.637616375e-08,             -3.910863855e-10,                          nan,                      0.7614520701,                       0.7620951931,                                nan,           299.9929069,            329.4058538,                      0,            17150.62616,             17149.15349,                       0,        3.84093696,       1.663582838,                 0,                 0,                 0,       2.135101048,       2.047251591,       3.650899275,                 0,      0.4331190163
          38,      0.0332739359,      -3.488514427,      -1.184196349,       2.041306788,                         7,       -4.44444767,               4,         -4.565353,   3.576056198e-08,   7.506882523e-06,       2.848515766,         8.5056225,       8.110377982,         0.9699580236,         -0.9143103375,                     0,       0.718484548,      0.6997943132,                 0,       271.9207292,       300.0194322,                 0,       12160.42223,         12365.3185,                  0,        0.1557889614,         0.1435774605,                    0,          301405.7947,           330953.2476,                     0,            188.956077,           -193.2644361,                      0,        188.9560742,         193.2644361,                   0,                143.9028795,                 147.2905486,                           0,            -2.922611364e-08,             -8.639463589e-10,                          nan,                      0.7615678942,                       0.7621192579,                                nan,           299.9949186,            329.4040603,                      0,            17151.38507,              17148.8017,                       0,       3.746643628,       1.658567335,                 0,                 0,                 0,       2.075793977,       1.975283083,        3.58976891,                 0,      0.4426808363
          39,      0.0333051025,      -3.519959591,      -1.209708679,       2.008192389,                         8,      -4.433024909,               4,      -4.126025554,   4.106424376e-08,   9.009875117e-06,       3.418218919,         10.206747,       9.729814217,         0.9699158937,         -0.9142558699,                     0,      0.7184536655,       0.699775377,                 0,       271.9267151,       300.0184544,                 0,       12161.42258,        12365.14279,                  0,        0.1557983474,         0.1435758883,                    0,          301410.0047,           330950.5712,                     0,           188.9364844,           -193.2550393,                      0,        188.9364823,         193.2550391,                   0,                143.9160714,                 147.2913774,                           0,            -2.245694708e-08,              -2.25629504e-09,                          nan,                      0.7617166872,                       0.7621606043,                                nan,           299.9991088,            329.4013964,                      0,            17152.31297,             17148.26827,                       0,       3.625001987,       1.651017512,                 0,                 0,                 0,       2.000294254,       1.883095488,       3.510049802,                 0,      0.4554528571
          40,     0.03340982195,      -3.553034089,      -1.236353769,       1.976766992,                         9,       -4.35117085,               5,      -4.526896475,     4.7179521e-08,   1.081392657e-05,       4.101862702,        12.2480964,       11.66980196,         0.9698306736,         -0.9141679524,                     0,        0.71836544,      0.6997446599,                 0,        271.939088,       300.0170745,                 0,       12163.16782,         12364.8769,                  0,        0.1558136159,         0.1435734613,                    0,          301416.7918,           330946.4574,                     0,           188.9013692,           -193.2397225,                      0,        188.9013676,         193.2397219,                   0,                143.9229547,                 147.2929561,                           0,            -1.693106433e-08,              -5.63525715e-09,                          nan,                      0.7618947205,                       0.7622291865,                                nan,           300.0058642,            329.3973019,                      0,            17153.39458,             17147.42955,                       0,       3.469475078,       1.639812366,                 0,                 0,                 0,        1.90547219,       1.766168145,       3.406888903,                 0,      0.4726399034
          41,     0.03367048333,      -3.587952885,      -1.256745964,       1.945379556,                        10,      -4.232382429,               5,      -4.072129225,   5.527965718e-08,    1.29795895e-05,       4.101862702,       14.69771568,       13.99232374,          0.969672234,         -0.9140165585,                     0,      0.7181677092,      0.6996920053,                 0,       271.9621044,       300.0146789,                 0,       12166.25653,        12364.39952,                  0,        0.1558399931,         0.1435690646,                    0,          301426.7796,           330939.3728,                     0,           188.8385406,           -193.2136385,                      0,        188.8385394,         193.2136373,                   0,                143.9141328,                 147.2954151,                           0,            -1.317542686e-08,             -1.312692699e-08,                          nan,                      0.7621014932,                       0.7623448177,                                nan,           300.0158052,            329.3902504,                      0,            17154.65812,               17145.962,                       0,        3.27034434,       1.623279507,                 0,                 0,                 0,       1.786929069,       1.617783644,       3.273066534,                 0,      0.4963634829
          42,     0.03393748605,      -3.622853707,      -1.265485234,        1.91342717,                        10,      -3.718536943,               6,      -4.273588263,   6.779962267e-08,   1.557980878e-05,       4.101862702,       17.63725882,       16.76974989,         0.9693875444,         -0.9137317448,                     0,      0.7177720546,      0.6995945569,                 0,       272.0032413,       300.0099252,                 0,       12171.77144,         12363.4272,                  0,        0.1558870539,         0.1435600491,                    0,          301441.3205,           330925.9089,                     0,           188.7261161,           -193.1655654,                      0,        188.7261149,         193.1655621,                   0,                143.8754492,                 147.2994841,                           0,            -1.289714946e-08,             -3.429019457e-08,                          nan,                      0.7623505062,                       0.7625556153,                                nan,           300.0302781,            329.3768496,                      0,            17156.24753,             17143.12323,                       0,       3.012040016,       1.598584225,                 0,                 0,                 0,        1.63794796,       1.427274459,       3.096892669,                 0,      0.5307314033
          43,     0.03408132727,      -3.651447462,      -1.264252853,       1.885067366,                        10,       -3.26963746,               7,      -4.387906073,   7.202502298e-08,    1.87027329e-05,       4.922235243,       21.16471058,       20.08685681,         0.9688781063,         -0.9131606702,                     0,      0.7170234696,      0.6994038879,                 0,       272.0762964,       300.0006002,                 0,       12181.71129,        12361.39325,                  0,        0.1559724579,          0.143540893,                    0,          301463.5645,           330899.5434,                     0,           188.5236988,            -193.070616,                      0,        188.5236968,         193.0706044,                   0,                143.7851981,                 147.3085763,                           0,            -2.096837404e-08,              -1.20340773e-07,                          nan,                      0.7626903168,                       0.7629777552,                                nan,            300.052418,            329.3506075,                      0,            17158.55681,             17137.38819,                       0,       2.670113917,       1.560312647,                 0,                 0,                 0,        1.44873885,       1.178473447,       2.859245393,                 0,      0.5843618271
          44,     0.03422371111,      -3.665276227,      -1.257486198,       1.868721406,                        10,      -2.872145894,               7,      -4.001368423,   7.874267183e-08,   2.245540691e-05,      0.4922235243,       2.116471058,       2.008685681,         0.9679569821,         -0.9119815197,                     0,      0.7156406146,      0.6990204108,                 0,       272.2070711,       299.9832907,                 0,       12199.80032,        12357.17466,                  0,        0.1561289981,         0.1435001853,                    0,          301500.1151,           330848.1284,                     0,           188.1558044,           -192.8760747,                      0,        188.1557996,         192.8760239,                   0,                143.6071874,                 147.3324322,                           0,            -5.051548047e-08,             -5.259564198e-07,                          nan,                      0.7632355084,                       0.7638711604,                                nan,           300.0887975,            329.2994331,                      0,            17162.43619,             17125.68347,                       0,       2.250568689,       1.508027035,                 0,                 0,                 0,       1.222613591,      0.8764208187,       2.563414034,                 0,      0.6700648783
          45,     0.03399793696,       -3.66444319,       -1.24532177,       1.866221134,                         4,      -4.894192973,               3,      -5.626554563,   8.124479204e-09,   2.248674373e-06,      0.5906682292,       2.539765269,       2.410422817,         0.9678387578,         -0.9117886605,                     0,      0.7154381604,      0.6989071511,                 0,       272.2034949,       299.9881321,                 0,       12199.86537,        12357.77309,                  0,        0.1561318848,         0.1435048193,                    0,          301480.3121,           330843.9237,                     0,           188.1293447,           -192.8290555,                      0,        188.1293361,         192.8290085,                   0,                143.5289312,                 147.3324243,                           0,            -9.180570815e-08,             -4.869106472e-07,                          nan,                      0.7629269002,                       0.7640573657,                                nan,           300.0690872,            329.2952482,                      0,            17159.37183,             17124.78363,                       0,       2.220382771,       1.503784823,                 0,                 0,                 0,       1.206784414,       0.854979453,       2.541747151,                 0,      0.6772637772
          46,     0.03379587021,      -3.672330166,      -1.254375991,       1.856390074,                         4,      -4.488533443,               3,      -5.254715402,   9.646950357e-09,   2.700113856e-06,       0.708801875,       3.047718323,        2.89250738,         0.9677204773,         -0.9114903652,                     0,      0.7152088048,      0.6987574316,                 0,       272.2047968,        299.990566,                 0,       12200.67546,        12357.91514,                  0,        0.1561415078,         0.1435053048,                    0,          301463.8114,           330833.9936,                     0,           188.0947564,           -192.7653099,                      0,        188.0947466,         192.7652698,                   0,                143.4501468,                 147.3318444,                           0,            -1.051556113e-07,             -4.168276753e-07,                          nan,                      0.7626483428,                       0.7643069964,                                nan,           300.0526637,            329.2853645,                      0,             17156.9371,             17122.69516,                       0,       2.181231364,       1.498247065,                 0,                 0,                 0,       1.186402663,      0.8271913637,       2.513616713,                 0,      0.6868813138
          47,     0.03361814583,      -3.684312943,      -1.264027418,       1.842683146,                         4,      -4.101800147,               3,      -4.898351117,   1.144261317e-08,    3.24288014e-06,        0.85056225,       3.657261988,       3.471008856,          0.967590977,         -0.9110516967,                     0,      0.7149386658,      0.6985565714,                 0,       272.2129927,       299.9902512,                 0,       12202.49567,        12357.52651,                  0,        0.1561601025,         0.1435009427,                    0,          301451.7602,           330816.7271,                     0,           188.0471842,           -192.6783823,                      0,        188.0471755,         192.6783518,                   0,                143.3710734,                 147.3305095,                           0,            -9.183853078e-08,             -3.174835584e-07,                          nan,                      0.7624207754,                       0.7646448506,                                nan,           300.0406689,            329.2681789,                      0,            17155.28814,             17119.09199,                       0,        2.12979194,       1.490890095,                 0,                 0,                 0,       1.159823941,      0.7907309046,       2.476592744,                 0,      0.7000167794
          48,     0.03349501224,      -3.699581763,      -1.272938594,       1.826107713,                         5,      -4.590090888,               3,      -4.557895147,   1.356497399e-08,   3.895826881e-06,         1.0206747,       4.388714386,       4.165210628,         0.9674288336,         -0.9104278448,                     0,      0.7146042397,      0.6982850016,                 0,       272.2306749,       299.9868744,                 0,       12205.65457,        12356.55526,                  0,         0.156190384,         0.1434912793,                    0,          301445.1928,           330790.1362,                     0,           187.9792111,           -192.5593949,                      0,        187.9792056,         192.5593749,                   0,                143.2904701,                 147.3286206,                           0,            -5.892984056e-08,             -2.078904957e-07,                          nan,                       0.762267665,                       0.7651074927,                                nan,           300.0341323,            329.2417125,                      0,            17154.52039,             17113.60535,                       0,       2.061915082,       1.480998537,                 0,                 0,                 0,       1.125023595,      0.7427308335,       2.427591684,                 0,      0.7182635938
          49,        0.03344292,       -3.71598465,      -1.280341668,       1.808970462,                         5,      -4.135934759,               3,      -4.232863326,   1.609367736e-08,   4.681775674e-06,        1.22480964,       5.266457263,       4.998252753,          0.967200213,          -0.909558826,                     0,      0.7141681229,      0.6979168234,                 0,       272.2612786,       299.9801301,                 0,       12210.58499,         12354.9659,                  0,        0.1562359138,         0.1434760484,                    0,          301444.9928,           330751.7128,                     0,           187.8800105,           -192.3960023,                      0,        187.8800088,         192.3959898,                   0,                 143.204578,                 147.3272815,                           0,            -1.752272538e-08,             -1.297642553e-07,                          nan,                      0.7622129616,                        0.765750272,                                nan,           300.0339332,            329.2034689,                      0,             17154.6593,             17105.79441,                       0,       1.972788154,       1.467642903,                 0,                 0,                 0,       1.079704769,      0.6799260844,       2.362957746,                 0,      0.7439434896
          50,     0.03335837451,      -3.730669192,      -1.286836649,       1.794054182,                         6,      -4.343176464,               4,      -4.995409533,   1.916694294e-08,   5.626804247e-06,       1.469771568,       6.319748715,       5.997903304,         0.9668576649,         -0.9083661909,                     0,      0.7135735726,      0.6974190293,                 0,       272.3094899,        299.970218,                 0,       12217.89773,        12352.76151,                  0,        0.1563018043,         0.1434551894,                    0,          301451.9237,            330698.917,                     0,           187.7342882,           -192.1716704,                      0,          187.73429,          192.171654,                   0,                143.1058173,                 147.3293052,                           0,             1.928297588e-08,             -1.702227637e-07,                          nan,                      0.7622785231,                       0.7666547181,                                nan,           300.0408317,            329.1509202,                      0,            17155.67927,             17095.16628,                       0,       1.857094826,       1.449642479,                 0,                 0,                 0,       1.021436332,      0.5988031588,       2.278530072,                 0,       0.780596908
          51,     0.05767959231,      -3.741533736,      -1.293107392,       1.783083396,                         7,      -4.398948953,               4,       -4.61687808,   2.305464889e-08,   6.759041952e-06,       1.763725882,       7.583698458,       7.197483964,         0.9663378663,         -0.9067555813,                     0,      0.7127361537,      0.6967523061,                 0,       272.3820702,       299.9584492,                 0,       12228.51463,        12350.02443,                  0,        0.1563959386,         0.1434290293,                    0,          301466.8969,           330629.9197,                     0,           187.5204288,           -191.8659826,                      0,        187.5204322,         191.8659296,                   0,                 142.981222,                 147.3396275,                           0,             3.642906754e-08,             -5.530837761e-07,                          nan,                      0.7624834281,                       0.7679301259,                                nan,           300.0557348,            329.0822459,                      0,            17157.56069,             17081.24667,                       0,           1.70957,       1.425591121,                 0,                 0,                 0,      0.9479588011,      0.4960259157,        2.16999952,                 0,      0.8338887094
          52,     0.05717720755,      -3.748229022,       -1.29825773,       1.775988788,                         8,       -4.37374727,               4,      -4.255521011,    2.82960061e-08,   8.122739378e-06,       2.116471058,        9.10043815,       8.636866592,         0.9655555623,         -0.9046095443,                     0,       0.711530972,       0.695868183,                 0,       272.4890523,       299.9467559,                 0,       12243.86219,        12346.81854,                  0,        0.1565307398,         0.1433973841,                    0,          301491.3176,           330542.8313,                     0,           187.2073083,           -191.4543266,                      0,        187.2073095,         191.4541622,                   0,                142.8104476,                 147.3636879,                           0,             1.346071898e-08,              -1.71722758e-06,                          nan,                       0.762846536,                       0.7697074129,                                nan,           300.0800411,            328.9955652,                      0,            17160.36328,             17063.40412,                       0,       1.525886053,       1.393925153,                 0,                 0,                 0,      0.8576119969,      0.3690994161,       2.033499742,                 0,      0.9135185099
          53,     0.05676028333,      -3.751542822,       -1.30032557,       1.771971481,                         9,      -4.309088501,               5,      -4.719146302,   3.590997141e-08,   9.765793102e-06,       2.539765269,       10.92052578,       10.36328046,          0.964390277,         -0.9017366828,                     0,      0.7097734478,      0.6946902267,                 0,       272.6453777,       299.9346873,                 0,       12266.13157,        12342.76674,                  0,        0.1567255094,         0.1433560908,                    0,          301527.4372,           330430.8283,                     0,           186.7491582,           -190.9016877,                      0,        186.7491505,         190.9013007,                   0,                 142.563054,                 147.4027067,                           0,            -8.271927154e-08,             -4.055220517e-06,                          nan,                      0.7633933203,                        0.772140924,                                nan,           300.1159917,            328.8840864,                      0,            17164.29255,             17039.98517,                       0,       1.304194155,       1.353023629,                 0,                 0,                 0,      0.7500246336,        0.21753524,       1.866620945,                 0,       1.037440341
          54,     0.05639725454,      -3.752195923,      -1.298594694,       1.770788845,                        10,      -4.199975922,               5,      -4.298178535,   3.921115612e-08,   1.174452654e-05,       3.047718323,       13.10463094,       12.42303685,         0.9626640421,         -0.8977587969,                     0,      0.7071927463,      0.6930705424,                 0,       272.8729315,       299.9163344,                 0,       12298.60772,        12336.51014,                  0,        0.1570093675,         0.1432921903,                    0,          301578.6242,           330275.1719,                     0,           186.0782673,           -190.1449588,                      0,         186.078238,         190.1442386,                   0,                 142.194748,                 147.4497066,                           0,            -3.148174433e-07,             -7.575019292e-06,                          nan,                      0.7641664578,                       0.7754623949,                                nan,           300.1669391,            328.7291586,                      0,            17169.74976,             17006.92765,                       0,       1.050020016,       1.302749509,                 0,                 0,                 0,      0.6279964603,     0.04581198584,       1.672602637,                 0,       1.240690168
          55,      0.0560613375,      -3.749699438,      -1.293310504,       1.773743129,                        10,      -3.782896189,               5,      -4.007191786,    4.36471104e-08,   1.412400138e-05,       3.657261988,       15.72555712,       14.87737345,         0.9601086689,         -0.8919775015,                     0,      0.7033971116,      0.6907340748,                 0,        273.203168,       299.8829421,                 0,       12346.10036,        12325.74509,                  0,        0.1574250399,         0.1431830928,                    0,          301649.7683,           330043.5982,                     0,           185.0952792,           -189.0654562,                      0,        185.0952023,         189.0642283,                   0,                141.6424624,                 147.4946479,                           0,            -8.309831302e-07,             -1.298857384e-05,                          nan,                      0.7652411335,                       0.7801298491,                                nan,           300.2377502,             328.498669,                      0,            17177.40109,             16957.03269,                       0,      0.7829467438,       1.247455234,                 0,                 0,                 0,      0.5000141487,     -0.1331300298,       1.466774202,                 0,       1.593282357
          56,     0.05574044035,      -3.742680939,      -1.283160461,       1.783227671,                        10,      -3.393590577,               6,      -4.375577634,    4.92117393e-08,   1.697832395e-05,       4.388714386,       18.87066855,       17.81030575,         0.9563201955,         -0.8832849546,                     0,      0.6978309674,      0.6872375393,                 0,       273.6802982,       299.8326478,                 0,       12415.49275,        12308.11425,                  0,        0.1580336034,          0.143002258,                    0,          301747.8936,           329698.0204,                     0,           183.6571517,           -187.4618854,                      0,         183.656964,         187.4595341,                   0,                140.8177778,                  147.540701,                           0,            -2.044582947e-06,             -2.508480722e-05,                          nan,                      0.7667434697,                       0.7870535987,                                nan,           300.3354161,            328.1547088,                      0,             17188.2902,             16880.71612,                       0,      0.5278763087,       1.193027849,                 0,                 0,                 0,      0.3769124439,     -0.3030494329,       1.268908936,                 0,        2.26005189
          57,     0.05543073276,      -3.731416656,      -1.266087707,       1.799188415,                        10,      -3.092005284,               6,      -4.022288939,    5.60892942e-08,   2.039170501e-05,       4.388714386,       22.64480226,        21.2923051,         0.9507054355,         -0.8701100319,                     0,      0.6897359814,      0.6819477035,                 0,        274.362805,       299.7787325,                 0,        12516.1541,        12281.94945,                  0,        0.1589180535,         0.1427238873,                    0,          301881.6762,           329202.6201,                     0,           181.5673466,           -185.0316211,                      0,        181.5668807,         185.0261993,                   0,                139.5973041,                 147.6167236,                           0,            -5.131804499e-06,             -5.860296754e-05,                          nan,                      0.7688478401,                       0.7978152507,                                nan,           300.4685725,            327.6616275,                      0,            17203.83885,             16766.97979,                       0,       0.310950163,       1.146432872,                 0,                 0,                 0,      0.2706876692,     -0.4473724133,       1.100389139,                 0,       3.686870142
          58,      0.0551378983,      -3.716214452,      -1.240613867,       1.820531437,                        10,      -2.752482211,               7,      -4.248236991,   6.451947132e-08,   2.446145417e-05,      0.4388714386,       2.264480226,        2.12923051,         0.9424624453,         -0.8502927591,                     0,      0.6781778666,      0.6739931081,                 0,       275.3152747,       299.7471892,                 0,       12659.14051,        12245.57832,                  0,        0.1601765245,         0.1423161128,                    0,          302056.0876,           328518.7691,                     0,           178.5879467,           -181.3504743,                      0,        178.5867661,         181.3370363,                   0,                137.8121387,                 147.7635993,                           0,             -1.32203909e-05,             -0.0001481934109,                          nan,                      0.7716816965,                       0.8148561503,                                nan,           300.6421675,            326.9809776,                      0,            17225.22949,             16602.26663,                       0,      0.1524972025,       1.114749991,                 0,                 0,                 0,      0.1912466955,     -0.5542180832,      0.9791655914,                 0,       7.309970101
          59,       0.054603555,      -3.696845483,      -1.206238733,       1.846583202,                         4,      -4.649686127,               2,      -4.031875136,   7.454812778e-09,   2.442003221e-06,      0.5266457263,       2.717376271,       2.555076612,         0.9410591538,         -0.8469721858,                     0,       0.676351269,        0.67198677,                 0,       275.3062268,       299.8541788,                 0,       12660.52615,        12259.00493,                  0,        0.1601995769,         0.1424213719,                    0,          301909.4859,           328473.2088,                     0,           178.2958488,           -180.5068838,                      0,        178.2944049,         180.4950252,                   0,                137.1906913,                  147.761449,                           0,            -1.619659209e-05,               -0.00013138724,                          nan,                       0.769461562,                       0.8186455488,                                nan,            300.496252,            326.9356305,                      0,            17199.87569,             16591.63364,                       0,      0.1412107691,       1.110645228,                 0,                 0,                 0,      0.1859563174,     -0.5607087027,      0.9690609133,                 0,        7.86515954
          60,     0.05409671475,      -3.704949799,      -1.216858039,       1.835597553,                         4,      -4.250059397,               3,      -5.492964767,   9.189061849e-09,   2.929159466e-06,      0.6319748715,       3.260851525,       3.066091934,         0.9396652986,         -0.8422264959,                     0,       0.674287371,      0.6694713811,                 0,        275.340371,       299.9342424,                 0,       12669.09291,        12266.68863,                  0,        0.1602883165,         0.1424726144,                    0,          301792.8205,           328357.4007,                     0,           177.9322642,           -179.4280894,                      0,         177.930784,         179.4183506,                   0,                136.5611576,                 147.7484123,                           0,            -1.663720509e-05,             -0.0001085516069,                          nan,                      0.7674959584,                        0.823485512,                                nan,           300.3801328,            326.8203645,                      0,            17180.81155,             16566.03699,                       0,      0.1267327578,       1.105333452,                 0,                 0,                 0,      0.1792201861,     -0.5690067026,      0.9560620301,                 0,       8.721765957
          61,     0.05364484193,      -3.716845071,      -1.228274433,       1.820925167,                         5,      -4.777273957,               3,      -5.103374192,   1.138504872e-08,   3.514781271e-06,      0.7583698458,        3.91302183,       3.679310321,         0.9381794486,         -0.8357912518,                     0,      0.6718802183,      0.6663069845,                 0,       275.4313138,       299.9927259,                 0,       12686.80625,        12269.07673,                  0,        0.1604596139,         0.1424725642,                    0,          301713.1845,            328166.461,                     0,           177.4599907,           -178.0535094,                      0,        177.4586581,         178.0462293,                   0,                135.9230372,                 147.7227518,                           0,            -1.501855781e-05,             -8.177313695e-05,                          nan,                      0.7659419868,                       0.8296876174,                                nan,           300.3008695,            326.6303186,                      0,              17169.111,             16524.26105,                       0,      0.1077219382,       1.098296008,                 0,                 0,                 0,      0.1704399806,     -0.5798646955,      0.9389435932,                 0,       10.19565769
          62,     0.05321878571,      -3.730542415,      -1.238751851,       1.804823587,                         5,      -4.358312118,               3,      -4.711743328,   1.419474758e-08,   4.217173734e-06,       0.910043815,       4.695626196,       4.415172385,         0.9364118073,         -0.8274356914,                     0,       0.668963106,      0.6623521015,                 0,       275.5943468,       300.0389301,                 0,       12715.72392,        12267.60277,                  0,         0.160730377,         0.1424335119,                    0,          301675.1003,           327900.0661,                     0,            176.825835,           -176.3178505,                      0,        176.8247472,         176.3128963,                   0,                135.2642932,                 147.6883339,                           0,            -1.230310679e-05,             -5.619474905e-05,                          nan,                      0.7649624573,                       0.8376490717,                                nan,           300.2629636,            326.3651707,                      0,            17165.07174,             16466.49333,                       0,     0.08239760571,       1.088732724,                 0,                 0,                 0,      0.1588344681,     -0.5942142914,      0.9159900028,                 0,       13.21315971
          63,     0.05285795156,      -3.742743946,       -1.24725083,       1.790927224,                         6,      -4.666876503,               3,      -4.325049469,   1.783624498e-08,   5.059570485e-06,       1.092052578,       5.634751435,       5.298206862,         0.9340836624,         -0.8169616136,                     0,      0.6652994633,      0.6574809757,                 0,       275.8457867,       300.0852368,                 0,       12757.98941,        12264.47835,                  0,        0.1611177514,         0.1423753013,                    0,          301679.2372,           327562.9365,                     0,           175.9608283,           -174.1537895,                      0,        175.9599743,         174.1504516,                   0,                134.5553085,                 147.6592135,                           0,            -9.705866691e-06,             -3.833294523e-05,                          nan,                      0.7646927037,                       0.8478830351,                                nan,           300.2670811,            326.0296192,                      0,            17168.08125,             16394.28084,                       0,     0.04854513182,       1.075479118,                 0,                 0,                 0,      0.1434584461,     -0.6131115052,      0.8849329043,                 0,        22.1542115
          64,     0.05248329846,       -3.75038368,       -1.25419433,       1.782583429,                         6,      -4.209177666,               4,       -5.09246693,   2.262863048e-08,   6.069858331e-06,       1.310463094,       6.761701722,       6.357819757,         0.9308485934,         -0.8042191654,                     0,      0.6605828989,      0.6516113427,                 0,       276.2026421,       300.1469463,                 0,       12815.93461,        12262.38067,                  0,        0.1616404826,         0.1423217278,                    0,          301722.2501,           327166.8847,                     0,           174.7835889,           -171.5006854,                      0,         174.782844,         171.4976114,                   0,                133.7438151,                  147.662577,                           0,            -8.524465856e-06,              -3.58473427e-05,                          nan,                      0.7651999024,                       0.8610182719,                                nan,           300.3098927,            325.6354213,                      0,             17176.7735,             16310.48286,                       0,    0.003685482919,       1.056986153,                 0,                 0,                 0,      0.1232971777,      -0.637589644,      0.8430378142,                 0,       286.7971921
          65,     0.05214672424,      -3.752586616,      -1.259167861,       1.780943636,                         7,      -4.332153742,               4,      -4.602039897,   2.904623884e-08,   7.283252433e-06,       1.572555712,       8.114042067,       7.629150926,         0.9263336083,         -0.7891219741,                     0,      0.6544546412,      0.6447305237,                 0,       276.6812674,       300.2392166,                 0,       12892.12371,        12263.69771,                  0,        0.1623200968,         0.1422932236,                    0,          301796.9126,           326729.4731,                     0,           173.2079803,           -168.3181294,                      0,        173.2070949,         168.3128449,                   0,                132.7529889,                 147.7331565,                           0,            -1.022316647e-05,             -6.279065975e-05,                          nan,                      0.7664408262,                        0.877729543,                                nan,           300.3842056,            325.2000572,                      0,            17189.37625,             16218.59814,                       0,    -0.05447179041,       1.031406548,                 0,                 0,                 0,     0.09746949833,     -0.6683512688,      0.7874472838,                 0,      -18.93469152
          66,      0.0518760597,      -3.750461216,      -1.258360031,       1.784981078,                         8,      -4.430238265,               4,      -4.146528433,   3.778633744e-08,   8.748976478e-06,       1.887066855,        9.73685048,       9.154122721,         0.9201860418,          -0.771539202,                     0,      0.6465427747,      0.6368602867,                 0,        277.294737,       300.3624761,                 0,       12989.12566,        12268.40553,                  0,        0.1631794056,         0.1422892884,                    0,          301892.5695,           326255.1941,                     0,           171.1548604,           -164.5831975,                      0,         171.153431,         164.5717522,                   0,                131.4854185,                 147.8887929,                           0,            -1.670283465e-05,             -0.0001390784691,                          nan,                      0.7682312747,                        0.898628051,                                nan,           300.4794148,            324.7279983,                      0,            17204.03243,             16119.42223,                       0,     -0.1265860515,      0.9972767555,                 0,                 0,                 0,      0.0658137419,     -0.7050339927,      0.7165975333,                 0,      -7.878251544
          67,     0.05166479853,      -3.745965844,      -1.247149742,       1.792358717,                         9,      -4.369216653,               5,      -4.557553417,   4.501907478e-08,   1.051166997e-05,       2.264480226,       11.68422058,        10.9812892,          0.912126779,         -0.7509587257,                     0,      0.6365382182,      0.6278938398,                 0,       278.0464374,       300.4823439,                 0,       13108.60719,        12271.18333,                  0,        0.1642348033,         0.1422646407,                    0,          301994.1541,           325701.1144,                     0,           168.5709477,           -160.2396037,                      0,        168.5683907,         160.2183238,                   0,                129.8359955,                 148.0931904,                           0,            -3.033690707e-05,             -0.0002655823305,                          nan,                      0.7702274132,                       0.9243211815,                                nan,           300.5805239,            324.1765123,                      0,            17218.76793,             16005.12328,                       0,     -0.2050344699,      0.9583096938,                 0,                 0,                 0,     0.03156408107,     -0.7438240418,      0.6380614374,                 0,      -4.673895536
          68,     0.05148189131,       -3.74132609,      -1.226056048,       1.799916756,                        10,      -4.197025284,               5,      -4.149689007,   5.145748182e-08,   1.263147738e-05,       2.264480226,       14.02106469,       13.16882822,         0.9020227164,         -0.7261311213,                     0,      0.6243144024,      0.6173784314,                 0,       278.9210314,       300.5395722,                 0,          13249.74,        12262.30159,                  0,        0.1654819101,         0.1421346168,                    0,          302081.1748,           324972.6045,                     0,           165.4559062,           -155.1065566,                      0,        165.4515027,         155.0745078,                   0,                127.7175233,                 148.2494839,                           0,             -5.32277126e-05,             -0.0004132067542,                          nan,                      0.7719332926,                       0.9559887438,                                nan,           300.6671372,            323.4514125,                      0,            17231.18177,             15858.10178,                       0,     -0.2795030653,      0.9193147808,                 0,                 0,                 0,  -0.0009483831804,     -0.7794313697,      0.5619149133,                 0,      -3.289104467
          69,     0.05129020857,      -3.737112333,      -1.200830131,       1.806352075,                        10,      -3.688026291,               6,      -4.575741241,   5.439662666e-08,   1.518105132e-05,       2.717376271,       16.82527763,       15.78888362,         0.8899858277,         -0.6951650988,                     0,      0.6100669779,      0.6045111258,                 0,       279.8779814,        300.508588,                 0,       13407.62247,        12235.48096,                  0,        0.1668805799,         0.1418383884,                    0,          302129.9759,           323989.7979,                     0,           161.8908235,           -148.8291325,                      0,        161.8839005,         148.7852543,                   0,                125.0986925,                 148.2691398,                           0,            -8.552602319e-05,             -0.0005895591247,                          nan,                      0.7727679663,                       0.9965311449,                                nan,           300.7157099,            322.4732064,                      0,            17238.38004,             15662.17151,                       0,     -0.3371681644,      0.8863344286,                 0,                 0,                 0,    -0.02655930316,     -0.8053167158,      0.5007355365,                 0,      -2.628760726
          70,     0.05110280704,      -3.730223763,      -1.176860328,       1.814819492,                        10,      -3.369756812,               6,      -4.297958695,    6.48870456e-08,   1.834744614e-05,       2.717376271,       20.19033316,       18.92871353,         0.8764618302,         -0.6561808002,                     0,      0.5944026331,      0.5885089745,                 0,       280.8547644,       300.4494929,                 0,       13572.96655,          12195.819,                  0,         0.168350507,         0.1414063436,                    0,          302121.4089,           322773.8599,                     0,           158.0501758,           -140.9579896,                      0,        158.0403862,         140.8926799,                   0,                122.0425625,                 148.1675462,                           0,             -0.000123875649,              -0.000926439431,                          nan,                      0.7722238942,                        1.051634097,                                nan,            300.707183,            321.2629602,                      0,            17237.66604,              15417.9073,                       0,     -0.3657904248,      0.8651017369,                 0,                 0,                 0,    -0.04082039259,     -0.8152182001,      0.4665007355,                 0,      -2.365020181
          71,      0.0509311125,      -3.716888924,      -1.155035488,       1.829525954,                        10,      -3.029029414,               7,      -4.554681623,   6.437689496e-08,   2.217555002e-05,       2.717376271,       24.22839979,       22.68907473,          0.862255583,         -0.6079240283,                     0,      0.5783111785,      0.5690901519,                 0,       281.7782344,       300.4695534,                 0,       13733.43296,        12155.74432,                  0,        0.1697822719,         0.1409318779,                    0,          302047.9975,           321439.0255,                     0,           154.1873303,           -131.1300987,                      0,        154.1747399,         131.0170841,                   0,                118.7195699,                 148.0553216,                           0,            -0.0001633071532,              -0.001722959618,                          nan,                       0.770032562,                        1.130045922,                                nan,           300.6341153,            319.9343741,                      0,            17227.49571,             15142.46322,                       0,     -0.3584754009,      0.8577606704,                 0,                 0,                 0,    -0.04224995114,     -0.8049506914,      0.4650939314,                 0,      -2.392802039
          72,     0.05075566301,        -3.6968451,      -1.131725087,       1.850200007,                        10,      -2.731440081,               7,      -4.250140627,   6.359765715e-08,    2.68143601e-05,      0.2717376271,       2.422839979,       2.268907473,         0.8484990854,         -0.5496571808,                     0,      0.5630471211,      0.5465151367,                 0,        282.572786,       300.6128474,                 0,       13875.33483,        12120.64602,                  0,        0.1710540397,         0.1404574227,                    0,          301911.7487,           320071.9917,                     0,           150.6085943,           -119.1636104,                      0,        150.5932444,         118.9564848,                   0,                115.3825358,                 147.9904306,                           0,            -0.0002038281475,              -0.003473302738,                          nan,                      0.7661866654,                        1.244071988,                                nan,           300.4985042,            318.5737394,                      0,             17207.5733,             14850.38514,                       0,     -0.3152256783,      0.8597163092,                 0,                 0,                 0,    -0.03287912178,     -0.7717317785,      0.4928584205,                 0,      -2.727304177
          73,     0.05038400541,      -3.671576478,      -1.100774243,       1.875059482,                         4,      -4.534601812,               3,      -5.560025359,   6.262122882e-09,    2.70584331e-06,      0.3260851525,       2.907407974,       2.722688968,         0.8454334413,         -0.5379804141,                     0,      0.5604982054,      0.5409363588,                 0,       282.6071202,       300.9779144,                 0,       13878.59967,        12176.30078,                  0,        0.1710740491,         0.1409314741,                    0,          301785.4607,           320092.5756,                     0,           150.0439954,           -116.2498461,                      0,        150.0287428,         116.0473142,                   0,                 114.727391,                  147.994301,                           0,            -0.0002032978625,              -0.003481389179,                          nan,                       0.764702742,                        1.275292771,                                nan,           300.3728074,             318.594227,                      0,            17179.19984,             14858.51772,                       0,     -0.3147002378,      0.8565498918,                 0,                 0,                 0,    -0.03339952843,     -0.7693949922,      0.4906580303,                 0,      -2.721796138
          74,     0.05002551333,       -3.67824001,      -1.111933539,       1.864992131,                         4,      -4.138805868,               3,      -5.163353334,   7.504033358e-09,   3.256046448e-06,       0.391302183,       3.488889569,       3.267226761,         0.8425119625,         -0.5234721825,                     0,      0.5577432541,      0.5346198651,                 0,       282.6815949,        301.255873,                 0,        13890.3886,        12215.04542,                  0,        0.1711747097,         0.1412496127,                    0,          301689.5184,           319975.9856,                     0,           149.4339218,           -112.8627633,                      0,        149.4192431,         112.6685671,                   0,                114.0391963,                 147.9695654,                           0,            -0.0001964480023,              -0.003438320113,                          nan,                      0.7632162627,                        1.313317185,                                nan,           300.2773142,            318.4781827,                      0,            17158.89416,             14838.71891,                       0,     -0.3139043863,      0.8524515232,                 0,                 0,                 0,    -0.03408175886,     -0.7662783497,      0.4878801635,                 0,      -2.715640687
          75,     0.04970041842,      -3.688223019,      -1.125110547,       1.851523497,                         5,      -4.622855234,               3,      -4.774793557,   8.990181379e-09,   3.919147036e-06,      0.4695626196,       4.186667483,       3.920672113,         0.8397081358,         -0.5059105562,                     0,      0.5547798634,      0.5274712501,                 0,       282.7946477,       301.4739965,                 0,       13910.74439,        12239.80539,                  0,        0.1713573942,         0.1414336623,                    0,          301622.2414,           319747.2714,                     0,           148.7737405,           -108.9305355,                      0,        148.7599763,          108.747541,                   0,                113.3212713,                 147.9173216,                           0,            -0.0001850268453,              -0.003357017327,                          nan,                      0.7617725824,                        1.360190036,                                nan,           300.2103521,            318.2505391,                      0,            17146.66384,             14794.13809,                       0,     -0.3129068458,      0.8468628363,                 0,                 0,                 0,    -0.03506990876,     -0.7620981532,      0.4840390093,                 0,      -2.706437547
          76,     0.04939089481,       -3.70028476,      -1.138935109,       1.836250997,                         5,      -4.197067051,               3,      -4.394934977,   1.076800313e-08,   4.717119249e-06,      0.5634751435,        5.02400098,       4.704806536,         0.8369514671,         -0.4853216346,                     0,      0.5516185048,      0.5195209385,                 0,       282.9392837,       301.6666341,                 0,       13938.53033,            12255.7,                  0,        0.1716121862,         0.1415271325,                    0,          301576.9999,           319447.1055,                     0,           148.0610802,           -104.4214442,                      0,        148.0483594,         104.2504745,                   0,                112.5781238,                 147.8547293,                           0,            -0.0001718239028,              -0.003271928388,                          nan,                      0.7604145314,                        1.418264329,                                nan,           300.1653224,            317.9517783,                      0,            17141.22832,             14731.84696,                       0,     -0.3119643366,      0.8388253034,                 0,                 0,                 0,    -0.03662112382,     -0.7564777604,      0.4782165147,                 0,       -2.68884999
          77,     0.04911244231,      -3.710852511,      -1.152016312,       1.822945025,                         6,      -4.463897066,               3,      -4.026304745,   1.289379802e-08,   5.675797216e-06,      0.6761701722,       6.028801176,       5.645767843,         0.8341642963,         -0.4619921724,                     0,      0.5483032377,      0.5109726593,                 0,       283.1023066,       301.8630288,                 0,       13971.32881,        12268.12307,                  0,        0.1719171733,          0.141578727,                    0,          301542.6769,           319121.1443,                     0,           147.3025377,           -99.36091507,                      0,        147.2907694,         99.20042228,                   0,                111.8179639,                 147.8204881,                           0,            -0.0001597775064,              -0.003227892504,                          nan,                      0.7591647757,                        1.490119544,                                nan,           300.1311601,            317.6273429,                      0,            17140.16221,             14660.81922,                       0,     -0.3116216338,      0.8268356206,                 0,                 0,                 0,    -0.03915511436,     -0.7489395408,      0.4688867139,                 0,      -2.653331897
          78,     0.04884258354,      -3.716889055,      -1.164185534,       1.814823639,                         6,      -4.008304655,               4,      -4.806950028,   1.543425613e-08,   6.826755475e-06,      0.8114042067,       7.234561411,       6.774921412,          0.831325906,         -0.4364583078,                     0,      0.5449383836,      0.5022207931,                 0,       283.2651265,       302.0747549,                 0,       14005.66657,        12280.45789,                  0,          0.17224083,         0.1416218866,                    0,          301506.1268,           318807.0739,                     0,           146.5223475,           -93.84616251,                      0,        146.5113049,         93.69086669,                   0,                111.0568696,                 147.8720874,                           0,             -0.000150724081,              -0.003306844459,                          nan,                      0.7580088767,                        1.578297785,                                nan,            300.094781,            317.3147426,                      0,            17140.50504,             14589.24764,                       0,     -0.3126572573,      0.8088563043,                 0,                 0,                 0,    -0.04323900018,     -0.7388680947,      0.4539570687,                 0,      -2.587038315
          79,      0.0486090925,      -3.718084637,      -1.174617959,       1.812645022,                         7,      -4.117387497,               4,      -4.363571677,    1.84686961e-08,   8.210723209e-06,       0.973685048,       8.681473693,       8.129905694,         0.8285410696,         -0.4093796233,                     0,       0.541713841,      0.4937739049,                 0,       283.4062827,       302.2812922,                 0,       14037.55233,        12291.71972,                  0,        0.1725471704,         0.1416547606,                    0,          301456.3042,           318514.2747,                     0,            145.769462,           -88.03461907,                      0,        145.7589496,          87.8712334,                   0,                110.3251384,                 148.0648781,                           0,            -0.0001442277034,              -0.003708406102,                          nan,                      0.7569012994,                        1.685021052,                                nan,           300.0451916,            317.0233141,                      0,            17139.71907,             14520.97215,                       0,     -0.3157160574,      0.7825966401,                 0,                 0,                 0,     -0.0494379031,     -0.7253882372,      0.4312146048,                 0,      -2.478798977
          80,     0.04844081481,      -3.716328475,      -1.180050925,       1.814970135,                         8,      -4.162423865,               5,      -4.913324089,   2.209369374e-08,   9.882090528e-06,       1.168422058,       10.41776843,       9.755810661,         0.8260705456,         -0.3811596448,                     0,      0.5389150737,      0.4859979532,                 0,       283.5050533,       302.4146512,                 0,        14063.0873,        12294.63131,                  0,        0.1728010432,         0.1416257067,                    0,          301388.5704,            318192.191,                     0,           145.1182379,            -82.0615092,                      0,        145.1082647,         81.86689608,                   0,                109.6738245,                 148.4054176,                           0,            -0.0001374448815,              -0.004737479306,                          nan,                      0.7558068779,                         1.81276468,                                nan,            299.977775,             316.702738,                      0,            17136.52898,             14450.77593,                       0,     -0.3204019179,      0.7463338819,                 0,                 0,                 0,    -0.05790809103,     -0.7071409041,      0.3995289652,                 0,       -2.32936771
          81,     0.04828400366,      -3.713612261,      -1.177781873,       1.819662718,                         9,      -4.081771728,               5,       -4.44333117,    2.64282777e-08,   1.191254391e-05,       1.402106469,       12.50132212,       11.70632906,          0.824289822,         -0.3512937104,                     0,      0.5369008995,      0.4787153822,                 0,       283.5447134,       302.3753992,                 0,       14078.89353,        12278.10209,                  0,        0.1729713174,         0.1414538093,                    0,          301306.7281,           317724.4698,                     0,           144.6590387,           -75.85462581,                      0,        144.6498559,         75.60736645,                   0,                109.1760985,                 148.8085149,                           0,            -0.0001269532526,              -0.006508670177,                          nan,                      0.7547611976,                        1.968174821,                                nan,           299.8963157,            316.2372062,                      0,            17131.14769,             14363.76622,                       0,     -0.3228513783,      0.7018203972,                 0,                 0,                 0,    -0.06719191347,     -0.6821147295,       0.362635324,                 0,      -2.173818804
          82,     0.04815103132,      -3.710613214,      -1.170588924,        1.82482414,                        10,       -4.00034392,               5,      -4.021688737,   3.162241265e-08,   1.439101138e-05,       1.682527763,       15.00158654,       14.04497735,         0.8235945212,         -0.3180538559,                     0,      0.5360531262,       0.471140134,                 0,       283.5135987,       302.1163102,                 0,       14082.20945,        12237.89184,                  0,        0.1730312897,         0.1411115923,                    0,          301221.2177,           317015.7698,                     0,           144.4823717,           -68.99926775,                      0,        144.4743007,         68.69774278,                   0,                108.9201517,                 149.1350543,                           0,            -0.0001117203558,              -0.008720850132,                          nan,                      0.7539067585,                        2.170887255,                                nan,           299.8112056,            315.5318236,                      0,            17124.78908,             14247.89774,                       0,      -0.316556351,        0.65301249,                 0,                 0,                 0,    -0.07454241362,     -0.6475301766,      0.3276246417,                 0,      -2.062863335
          83,     0.04802599286,      -3.706727419,      -1.164009223,       1.829482002,                        10,      -3.608430499,               6,      -4.511243156,   3.785998164e-08,   1.741874049e-05,       2.019033316,       18.00190385,       16.84856735,         0.8243122436,         -0.2791069867,                     0,       0.536715129,      0.4625409246,                 0,       283.4029734,       301.7318656,                 0,       14070.68467,        12186.97306,                  0,         0.172957375,          0.140703538,                    0,           301143.461,           316126.0355,                     0,           144.6654377,           -60.88384763,                      0,        144.6586273,         60.54074792,                   0,                108.9912459,                 149.3183585,                           0,            -9.415088431e-05,               -0.01123887487,                          nan,                      0.7534375785,                        2.466410867,                                nan,           299.7338128,            314.6462542,                      0,            17118.72388,              14112.4339,                       0,     -0.2942002063,      0.6039493099,                 0,                 0,                 0,    -0.07661605641,     -0.6000147383,      0.3021437474,                 0,      -2.052851415
          84,     0.04792761529,      -3.699855425,      -1.158147949,       1.835366318,                        10,      -3.210443695,               6,      -4.166863462,   4.535605384e-08,   2.106993011e-05,       2.422839979,       21.60228462,       20.20889894,         0.8266793109,         -0.2329779613,                     0,      0.5391490552,      0.4531139905,                 0,       283.2029857,        301.420769,                 0,       14042.09649,        12148.68776,                  0,        0.1727280152,         0.1404064283,                    0,          301079.3544,           315277.9846,                     0,           145.2693603,           -51.13703317,                      0,        145.2637285,         50.74542349,                   0,                109.4491761,                 149.4286755,                           0,            -7.753462299e-05,               -0.01525744374,                          nan,                      0.7534515137,                        2.944672942,                                nan,           299.6700063,             313.802173,                      0,            17113.47578,             13986.84848,                       0,     -0.2504639085,      0.5563796636,                 0,                 0,                 0,    -0.07046574742,     -0.5363970194,      0.2908070444,                 0,      -2.221396555
          85,     0.04782960465,      -3.688043492,      -1.147621188,       1.845687369,                        10,      -2.794739402,               7,      -4.399906703,   5.433162164e-08,   2.539723547e-05,      0.2422839979,       2.160228462,       2.020889894,         0.8308732023,         -0.1800999322,                     0,      0.5435313123,      0.4439099832,                 0,       282.9003321,       301.3303961,                 0,       13994.27862,        12134.91608,                  0,        0.1723241013,         0.1402894198,                    0,          301026.7996,           314684.0436,                     0,           146.3450915,            -39.9680221,                      0,        146.3404541,         39.46002254,                   0,                110.3163162,                 149.5479481,                           0,             -6.33743245e-05,               -0.02525875228,                          nan,                        0.75383336,                        3.789859672,                                nan,           299.6176976,            313.2110122,                      0,             17108.7113,              13893.6455,                       0,     -0.1854356345,      0.5070401709,                 0,                 0,                 0,    -0.05479318235,     -0.4547695917,      0.2909651662,                 0,      -2.734318958
          86,     0.04755847126,      -3.672657158,      -1.128946437,       1.860467869,                         4,      -4.763796768,               3,      -5.922445511,   5.413942308e-09,    2.55059283e-06,      0.2907407974,       2.592274154,       2.425067873,         0.8317663005,         -0.1673411882,                     0,      0.5443389653,      0.4412827662,                 0,        282.934519,       301.7808932,                 0,       13998.41217,        12212.12385,                  0,        0.1723541888,         0.1409711594,                    0,          301113.0015,           315012.9254,                     0,           146.4756932,           -37.12972015,                      0,        146.4715276,         36.57194834,                   0,                110.6142581,                 149.5379527,                           0,            -5.687661028e-05,               -0.02981882534,                          nan,                      0.7551929031,                        4.088870282,                                nan,            299.703496,            313.5383545,                      0,            17123.67865,             13959.99067,                       0,     -0.1808949453,      0.5035387295,                 0,                 0,                 0,    -0.05369356956,     -0.4490357609,      0.2909314674,                 0,      -2.783597567
          87,     0.04728810455,      -3.674681535,      -1.138526841,       1.855980853,                         4,      -4.352827146,               3,      -5.540735043,    6.49730184e-09,   3.064096063e-06,      0.3488889569,       3.110728985,       2.910081447,         0.8326087288,         -0.1536698906,                     0,      0.5452377175,      0.4386973513,                 0,        282.946497,       302.1113759,                 0,       13998.39546,        12268.80407,                  0,        0.1723467211,          0.141470418,                    0,          301181.2856,           315219.3228,                     0,           146.6290746,           -34.18448585,                      0,        146.6253923,         33.56771217,                   0,                110.9209799,                 149.5133217,                           0,            -5.022597232e-05,                -0.0357594732,                          nan,                      0.7564922979,                        4.454081377,                                nan,           299.7714604,            313.7437858,                      0,            17134.71782,             14003.19281,                       0,     -0.1752691076,      0.4985748679,                 0,                 0,                 0,     -0.0523579288,     -0.4415525138,      0.2903920395,                 0,      -2.844624901
          88,     0.04705129101,      -3.679200586,      -1.149653354,       1.848755358,                         5,       -4.89884381,               3,      -5.162116164,   7.797339496e-09,   3.680690327e-06,      0.4186667483,       3.732874782,       3.492097737,          0.833461937,          -0.138998986,                     0,      0.5462746206,      0.4361533134,                 0,       282.9312946,       302.3321808,                 0,       13993.40507,        12304.52633,                  0,        0.1722945915,         0.1417786684,                    0,          301229.2797,           315314.2323,                     0,           146.8221473,           -31.10493954,                      0,        146.8189899,          30.4198174,                   0,                111.2377433,                 149.4765623,                           0,            -4.300955135e-05,               -0.04356715383,                          nan,                      0.7576522859,                        4.913788941,                                nan,           299.8192299,             313.838251,                      0,            17141.39545,             14022.87839,                       0,     -0.1682945498,      0.4914658566,                 0,                 0,                 0,    -0.05074515886,     -0.4316964596,      0.2889635106,                 0,       -2.92027197
          89,     0.04681481889,      -3.687053846,      -1.161585684,       1.838133828,                         5,      -4.453730876,               3,      -4.783594815,   9.357373413e-09,   4.420220124e-06,       0.502400098,       4.479449739,       4.190517284,         0.8344366154,         -0.1232858619,                     0,      0.5475200193,      0.4336859085,                 0,       282.8845088,       302.4654057,                 0,       13982.83966,        12321.42689,                  0,        0.1721930504,         0.1419109216,                    0,          301256.6879,           315322.7036,                     0,            147.078665,           -27.86598213,                      0,        147.0760805,          27.1036014,                   0,                111.5700342,                 149.4382121,                           0,            -3.514448738e-05,               -0.05396915898,                          nan,                      0.7585872146,                        5.513592452,                                nan,           299.8465097,            313.8466827,                      0,            17143.83967,             14021.86454,                       0,     -0.1596420205,      0.4814589287,                 0,                 0,                 0,    -0.04878441133,     -0.4187495198,      0.2862465973,                 0,      -3.015865918
          90,     0.04658215385,      -3.697358576,       -1.17350522,       1.824995075,                         5,      -4.033592515,               3,      -4.409146935,   1.122926914e-08,   5.306005102e-06,      0.6028801176,       5.375339687,       5.028620741,         0.8356856286,         -0.1065671786,                     0,      0.5490674013,      0.4313790806,                 0,       282.8026066,       302.5399494,                 0,       13966.35063,         12323.7152,                  0,         0.172039886,         0.1419023868,                    0,          301265.6332,           315279.2504,                     0,           147.4279289,           -24.45270555,                      0,         147.425939,         23.60625692,                   0,                111.9292961,                 149.4190482,                           0,            -2.699463715e-05,               -0.06803324038,                          nan,                      0.7592238985,                        6.329637465,                                nan,           299.8554132,            313.8034329,                      0,            17142.78084,             14005.67405,                       0,     -0.1489160247,      0.4678394901,                 0,                 0,                 0,     -0.0463546365,     -0.4019640527,      0.2819125241,                 0,      -3.141632951
          91,     0.04638407717,      -3.707614658,      -1.185150816,       1.811683968,                         6,      -4.291050216,               3,      -4.044483056,    1.34748141e-08,   6.365861809e-06,      0.7234561411,       6.450407624,       6.034344889,         0.8373803501,        -0.08896783688,                     0,       0.551028022,      0.4293625675,                 0,       282.6828432,       302.5871162,                 0,       13943.75525,        12316.84929,                  0,        0.1718344005,         0.1418012356,                    0,          301260.2776,           315223.0915,                     0,           147.9015925,           -20.86926969,                      0,        147.9001588,          19.9336523,                   0,                112.3340471,                 149.4487171,                           0,            -1.938830453e-05,               -0.08765466715,                          nan,                      0.7595262103,                        7.497307308,                                nan,           299.8500826,            313.7475368,                      0,            17139.38556,             13981.56204,                       0,     -0.1356607507,      0.4500632987,                 0,                 0,                 0,    -0.04325739634,      -0.380647668,      0.2758045775,                 0,      -3.317564559
          92,     0.04621956882,      -3.715036213,      -1.195919531,       1.801200362,                         7,      -4.460988797,               4,      -4.882123011,   1.616679064e-08,   7.633889699e-06,      0.8681473693,       7.740489149,       7.241213867,         0.8396770376,         -0.0706608455,                     0,      0.5535212712,      0.4280524288,                 0,       282.5226043,       302.6312145,                 0,       13914.84506,        12306.85013,                  0,         0.171575446,         0.1416653935,                    0,          301245.5698,            315201.344,                     0,           148.5294864,           -16.99619852,                      0,        148.5284836,         16.11793033,                   0,                 112.809626,                 149.5577797,                           0,            -1.350305202e-05,                -0.1006785377,                          nan,                      0.7595150992,                         9.27896924,                                nan,           299.8354437,            313.7258911,                      0,            17134.90984,             13959.76892,                       0,      -0.119383145,      0.4278661734,                 0,                 0,                 0,    -0.03919155873,     -0.3542480639,      0.2680113932,                 0,      -3.583974717
          93,     0.04606519149,      -3.718199583,      -1.203987913,       1.795868078,                         7,      -4.008592338,               4,      -4.439449029,   1.938955163e-08,   9.153058998e-06,       1.041776843,       9.288586978,       8.689456641,         0.8426854334,         -0.0517348449,                     0,      0.5566609591,      0.4279534201,                 0,       282.3190089,       302.6769603,                 0,       13879.25046,        12297.70111,                  0,        0.1712599929,         0.1415386301,                    0,           301226.008,           315245.1468,                     0,           149.3353197,           -12.65455635,                      0,        149.3345338,         12.22531238,                   0,                113.3859901,                 149.7604852,                           0,            -1.052592564e-05,               -0.06668964997,                          nan,                      0.7592750799,                        12.25003341,                                nan,           299.8159735,            313.7694889,                      0,            17130.36879,             13948.85741,                       0,    -0.09957696716,      0.4012694697,                 0,                 0,                 0,    -0.03373328272,     -0.3223754807,      0.2588567348,                 0,      -4.029741828
          94,     0.04595542105,      -3.717943595,      -1.207598171,       1.795708606,                         8,      -4.094467918,               4,      -4.017384889,   2.323918911e-08,   1.097797146e-05,       1.250132212,       11.14630437,       10.42717897,         0.8464499618,        -0.03196322621,                     0,      0.5605367504,      0.4288033706,                 0,       282.0696533,       302.7082996,                 0,       13836.54275,        12288.41465,                  0,        0.1708839264,         0.1414171706,                    0,          301205.2871,           315323.0148,                     0,           150.3325891,           -7.916343396,                      0,        150.3317588,         8.382349032,                   0,                114.0931732,                 150.0339446,                           0,            -1.104575035e-05,                 0.1211977853,                          nan,                      0.7589425818,                        17.89879472,                                nan,           299.7953496,            313.8469924,                      0,            17126.43205,             13945.33369,                       0,     -0.0757607086,      0.3704674363,                 0,                 0,                 0,    -0.02632574138,     -0.2847646037,      0.2487869105,                 0,      -4.889967942
          95,     0.04586352292,      -3.716396078,      -1.207476344,       1.798155753,                         9,      -4.082989271,               5,         -4.496407,   2.782429721e-08,   1.317640723e-05,       1.500158654,       13.37556525,       12.51170219,         0.8509420676,        -0.01061733757,                     0,      0.5651869766,      0.4324530584,                 0,       281.7747566,       302.6337162,                 0,       13786.65033,        12274.02206,                  0,        0.1704458867,         0.1412864742,                    0,          301186.8429,           315438.3885,                     0,           151.5196842,           -1.120709541,                      0,        151.5185858,         5.118489664,                   0,                114.9537845,                 150.3223439,                           0,             -1.44992445e-05,                  19.85919396,                          nan,                      0.7586777814,                        29.36849614,                                nan,           299.7769917,             313.961826,                      0,             17123.5905,             13958.94126,                       0,    -0.04743085861,      0.3357812529,                 0,                 0,                 0,    -0.01621282227,     -0.2412095345,      0.2383625319,                 0,      -7.079383817
          96,      0.0457971299,      -3.714065174,      -1.205608935,       1.801090602,                        10,       -3.96101544,               5,      -4.093544958,   3.326984044e-08,   1.582852574e-05,       1.800190385,        16.0506783,       15.01170485,          0.856052748,         0.01339418135,                     0,      0.5705633797,      0.4378696867,                 0,       281.4400758,        302.354311,                 0,       13730.40341,         12252.1795,                  0,        0.1699522783,         0.1411654375,                    0,          301174.6184,           315436.8931,                     0,              152.8738,            8.755157273,                      0,        152.8723296,         5.180470778,                   0,                115.9730975,                  150.581962,                           0,            -1.923698996e-05,                 -0.649885133,                          nan,                      0.7586271355,                         29.0672351,                                nan,           299.7648245,            313.9603376,                      0,            17122.37103,             13979.10249,                       0,    -0.01365684761,      0.2977874261,                 0,                 0,                 0,   -0.002140917451,     -0.1913193861,      0.2286061092,                 0,      -21.80499004
          97,      0.0457299051,      -3.707449315,      -1.201068641,       1.806799765,                        10,      -3.527674721,               6,       -4.44673095,    3.97360126e-08,   1.902502154e-05,       2.160228462,       19.26081396,       18.00784366,         0.8615825863,         0.04090071456,                     0,      0.5764984804,      0.4347192243,                 0,       281.0789047,       302.5061723,                 0,       13669.89256,        12240.79526,                  0,        0.1694206081,         0.1409634328,                    0,          301172.8939,             315426.41,                     0,            154.345592,             10.5577676,                      0,        154.3437904,         9.638778713,                   0,                117.1293165,                 150.8353472,                           0,             -2.33455158e-05,                -0.1665110941,                          nan,                      0.7588858368,                        15.64880279,                                nan,            299.763108,            313.9499036,                      0,            17123.34214,             13939.87328,                       0,      0.0278373125,      0.2576908484,                 0,                 0,                 0,     0.01836766694,     -0.1340138211,      0.2218553246,                 0,       9.257030414
          98,      0.0456533596,      -3.690975044,      -1.190068279,       1.821909977,                        10,      -3.122309823,               6,      -4.093240796,   4.746048979e-08,   2.286879961e-05,       2.592274154,       23.11297675,       21.59540948,         0.8672193191,         0.07172816176,                     0,      0.5826790778,      0.4361279068,                 0,       280.7148728,       302.5815838,                 0,       13608.79869,        12233.52581,                  0,        0.1688820541,         0.1408446029,                    0,          301187.2224,           315578.2602,                     0,             155.85198,               16.25858,                      0,        155.8499692,         15.84967716,                   0,                118.3703937,                 151.1591502,                           0,            -2.580365637e-05,               -0.04966742413,                          nan,                      0.7595150279,                        9.537049155,                                nan,           299.7773695,             314.101043,                      0,            17127.14644,             13942.93452,                       0,     0.08229384165,      0.2173220334,                 0,                 0,                 0,     0.05006311395,    -0.06623206269,      0.2227430278,                 0,       2.640805546
          99,       0.045591256,      -3.661655686,      -1.170080083,       1.851718749,                        10,      -2.822882101,               7,      -4.285001321,   5.620191761e-08,   2.748332589e-05,      0.2592274154,       2.311297675,       2.159540948,         0.8724646975,          0.1046520603,                     0,      0.5885858052,      0.4393955491,                 0,       280.3906876,       302.7332679,                 0,       13553.47627,         12233.0922,                  0,        0.1683898701,         0.1407690324,                    0,          301229.4066,           315908.6879,                     0,           157.2540735,             23.0342186,                      0,         157.251924,          22.7954573,                   0,                119.6152207,                 151.6020909,                           0,            -2.733725059e-05,               -0.02062356565,                          nan,                      0.7606598231,                        6.650539577,                                nan,           299.8193561,             314.429924,                      0,            17135.02473,             13969.08846,                       0,      0.1583216949,      0.1768012181,                 0,                 0,                 0,     0.09996704572,      0.0188012224,       0.236581791,                 0,       1.116721358
         100,     0.04537493168,      -3.622762485,      -1.143949038,       1.893716364,                         4,      -4.702880127,               3,      -5.738599609,     5.5225646e-09,   2.741918392e-06,      0.3110728985,        2.77355721,       2.591449137,         0.8735237352,          0.1139518349,                     0,      0.5894937561,      0.4400933258,                 0,       280.3779432,       303.0761443,                 0,       13552.14242,        12288.90366,                  0,        0.1683810119,         0.1412511737,                    0,          301275.9313,           316303.5382,                     0,           157.4526763,             24.9319073,                      0,        157.4506465,         24.70567547,                   0,                119.8503835,                 151.6257861,                           0,            -2.578302081e-05,               -0.01806563818,                          nan,                      0.7611933403,                        6.137285589,                                nan,           299.8656631,             314.822926,                      0,             17145.3364,             14038.52058,                       0,      0.1640861478,      0.1753380628,                 0,                 0,                 0,      0.1039279743,     0.02427334698,      0.2389110814,                 0,       1.068573217
         101,     0.05748367647,      -3.630104015,      -1.153473752,       1.884074243,                         4,      -4.276027888,               3,      -5.349211568,    6.60833942e-09,    3.28841866e-06,      0.3732874782,       3.328268652,       3.109738965,         0.8745328201,          0.1227374861,                     0,      0.5904837218,      0.4409200063,                 0,       280.3491238,       303.3160963,                 0,       13547.59266,        12326.50953,                  0,        0.1683418346,         0.1415712651,                    0,          301310.7087,           316598.0576,                     0,           157.6706476,            26.75399197,                      0,         157.668774,         26.53096945,                   0,                120.0961219,                 151.6499174,                           0,            -2.376690856e-05,               -0.01660260282,                          nan,                       0.761698838,                        5.715958389,                                nan,           299.9002777,            315.1160667,                      0,            17152.68126,             14088.31046,                       0,        0.17139604,      0.1729319987,                 0,                 0,                 0,      0.1090390316,     0.03154621934,      0.2414268311,                 0,       1.008961459
         102,     0.05717214272,      -3.641930439,      -1.163883727,       1.869677075,                         5,      -4.790863398,               3,      -4.976016074,    7.90478653e-09,   3.943400054e-06,      0.4479449739,       3.993922382,       3.731686757,         0.8755034108,          0.1311182959,                     0,      0.5915637558,      0.4418734107,                 0,       280.3039643,       303.4615744,                 0,       13539.67147,        12346.16706,                  0,        0.1682705485,         0.1417290703,                    0,          301334.0086,           316801.0038,                     0,           157.9119128,            28.52237647,                      0,        157.9102129,         28.29755828,                   0,                120.3515103,                 151.6778566,                           0,            -2.152882545e-05,               -0.01570220973,                          nan,                      0.7621515296,                        5.360104045,                                nan,           299.9234685,             315.318063,                      0,            17156.96677,             14118.73222,                       0,      0.1808286977,      0.1692224184,                 0,                 0,                 0,      0.1157550516,     0.04129761094,      0.2441920395,                 0,      0.9358161653
         103,     0.05687714519,      -3.656948972,      -1.174647452,        1.85174386,                         5,      -4.347227751,               3,      -4.620200251,   9.452988837e-09,   4.728021776e-06,      0.5375339687,       4.792706859,       4.478024109,         0.8764654502,          0.1393291807,                     0,      0.5927395413,      0.4429627113,                 0,       280.2441494,       303.5342953,                 0,       13528.62732,         12350.8786,                  0,        0.1681692033,         0.1417492846,                    0,          301348.0459,           316935.5873,                     0,           158.1801737,            30.27826417,                      0,        158.1786407,         30.05185442,                   0,                120.6157326,                  151.717817,                           0,             -1.93837499e-05,               -0.01489935123,                          nan,                      0.7625285694,                        5.048534274,                                nan,           299.9374401,            315.4520165,                      0,            17158.58114,             14133.28351,                       0,      0.1931979237,      0.1639248184,                 0,                 0,                 0,       0.124715214,     0.05434728636,      0.2474735466,                 0,      0.8484812637
         104,     0.05660480095,      -3.672453326,      -1.185893585,       1.833173005,                         6,      -4.685205951,               3,       -4.28089447,   1.130242227e-08,   5.667405576e-06,      0.6450407624,       5.751248231,       5.373628931,         0.8774531302,          0.1476700552,                     0,      0.5940042756,      0.4442102709,                 0,       280.1741414,       303.5659225,                 0,        13515.2186,        12345.81462,                  0,        0.1680445178,         0.1416765371,                    0,          301357.1948,           317036.1151,                     0,           158.4755165,             32.0691321,                      0,        158.4741184,          31.8475494,                   0,                120.8874403,                 151.7839278,                           0,            -1.764356691e-05,               -0.01377132306,                          nan,                      0.7628213458,                        4.765953133,                                nan,           299.9465462,            315.5520737,                      0,            17158.39466,             14138.04871,                       0,      0.2096140941,      0.1568865165,                 0,                 0,                 0,      0.1367990653,      0.0716710439,      0.2518227729,                 0,      0.7484540445
         105,     0.05634546792,      -3.685102071,      -1.199025994,       1.817820682,                         6,      -4.231105151,               4,      -5.157671642,   1.351204853e-08,   6.791471756e-06,      0.7740489149,       6.901497877,       6.448337896,         0.8784752184,          0.1563993588,                     0,      0.5953208295,      0.4456479667,                 0,       280.1019468,       303.5912304,                 0,       13500.77835,        12336.91296,                  0,        0.1679082435,         0.1415626917,                    0,          301367.6129,           317140.6685,                     0,           158.7886251,            33.93221396,                      0,        158.7873134,         33.72701479,                   0,                121.1629558,                 151.8945401,                           0,            -1.652085236e-05,               -0.01205808219,                          nan,                      0.7630518662,                        4.503646144,                                nan,           299.9569155,            315.6561376,                      0,            17157.60531,             14140.07474,                       0,      0.2315870908,      0.1481026004,                 0,                 0,                 0,      0.1532292099,     0.09447293135,      0.2581507817,                 0,      0.6395114679
         106,     0.05609495981,      -3.693021722,      -1.213995716,       1.808400149,                         7,      -4.408031239,               4,      -4.785492347,   1.615012425e-08,   8.136096795e-06,      0.9288586978,       8.281797452,       7.737800694,           0.87947405,          0.1656166295,                     0,      0.5965952785,      0.4473066371,                 0,       280.0401114,       303.6401877,                 0,       13487.29875,        12329.22002,                  0,        0.1677776389,         0.1414516589,                    0,           301386.517,           317282.2731,                     0,           159.0927924,            35.88041271,                      0,        159.0915166,         35.70311972,                   0,                121.4327368,                 152.0665718,                           0,            -1.603845812e-05,              -0.009858022944,                          nan,                      0.7632885737,                        4.259195639,                                nan,           299.9757311,            315.7970795,                      0,            17157.49185,             14145.39139,                       0,       0.261215443,      0.1376581459,                 0,                 0,                 0,      0.1757437839,      0.1243707181,      0.2677969329,                 0,      0.5269908405
         107,     0.05587036574,      -3.696699724,      -1.226912713,       1.805232567,                         8,      -4.502242048,               4,      -4.480817022,   1.929560375e-08,   9.744746026e-06,       1.114630437,       9.938156943,        9.28457628,         0.8802830133,          0.1751940872,                     0,      0.5976415973,      0.4491961306,                 0,       280.0072118,       303.7311206,                 0,       13477.64724,        12325.59628,                  0,        0.1676772793,         0.1413677524,                    0,          301421.3822,           317480.6813,                     0,           159.3343885,            37.89406733,                      0,        159.3331134,         37.74911494,                   0,                121.6752467,                 152.3060319,                           0,            -1.600430752e-05,              -0.007635768054,                          nan,                      0.7636532296,                        4.034691466,                                nan,           300.0104331,            315.9945589,                      0,            17159.21249,             14157.36512,                       0,      0.3012698886,      0.1256604611,                 0,                 0,                 0,      0.2066804008,      0.1635034252,      0.2825256223,                 0,      0.4171026242
         108,     0.05565245046,      -3.696666416,      -1.232448623,       1.807869856,                         8,      -4.038168583,               4,      -4.201586981,   2.304659585e-08,   1.167057296e-05,       1.337556525,       11.92578833,       11.13950109,         0.8805906398,          0.1848230553,                     0,      0.5981385194,      0.4512805062,                 0,       280.0303429,       303.8674786,                 0,       13476.01693,        12326.30063,                  0,        0.1676431501,         0.1413123695,                    0,          301479.6883,           317737.6356,                     0,           159.4225149,            39.92365656,                      0,        159.4212229,         39.80595657,                   0,                121.8480356,                 152.5994691,                           0,            -1.620892755e-05,              -0.005887561293,                          nan,                      0.7643150224,                         3.83358377,                                nan,           300.0684663,            316.2503104,                      0,            17163.79348,             14176.01091,                       0,      0.3550802456,      0.1120482626,                 0,                 0,                 0,       0.248813914,      0.2145569716,      0.3043059314,                 0,      0.3155575787
         109,     0.05546186818,      -3.692018441,       -1.23046563,       1.816384806,                         9,      -4.002585773,               5,      -4.754194467,   2.755060066e-08,   1.397877541e-05,        1.60506783,         14.310946,       13.36438702,          0.879908788,          0.1941488188,                     0,      0.5975801605,      0.4534668994,                 0,       280.1484922,       304.0424014,                 0,       13488.59892,        12329.92571,                  0,        0.1677288814,         0.1412725854,                    0,          301569.2836,           318041.0059,                     0,           159.2179115,            41.90509829,                      0,        159.2165554,         41.80436305,                   0,                121.8765749,                 152.9159428,                           0,            -1.703481912e-05,              -0.004802001182,                          nan,                      0.7654767722,                        3.657894337,                                nan,           300.1576422,            316.5522606,                      0,            17172.32058,               14198.958,                       0,      0.4260737366,     0.09610612822,                 0,                 0,                 0,      0.3046743456,      0.2806911595,      0.3346456184,                 0,      0.2255621973
         110,     0.05529669279,       -3.68148446,      -1.224990463,       1.831103338,                        10,      -3.904098574,               5,      -4.419830089,   3.305002003e-08,   1.674880134e-05,       1.926081396,        17.1731352,       16.03271295,         0.8775253272,          0.2028069589,                     0,      0.5952187752,      0.4556128681,                 0,       280.4171049,       304.2564772,                 0,       13524.41347,        12335.90314,                  0,        0.1680130196,         0.1412416658,                    0,          301699.7751,           318383.6879,                     0,           158.5194432,            43.76349765,                      0,        158.5178141,         43.66826355,                   0,                121.6419324,                 153.2231296,                           0,             -2.05536185e-05,              -0.004347480632,                          nan,                      0.7673707405,                        3.508798316,                                nan,           300.2875229,            316.8933385,                      0,            17186.24689,             14224.36798,                       0,      0.5170919524,     0.07637169504,                 0,                 0,                 0,      0.3757249998,       0.365052574,      0.3741033831,                 0,      0.1476946115
         111,     0.05514173482,      -3.664920196,      -1.216377991,       1.851974892,                        10,      -3.456523419,               5,       -4.08393095,   3.992171532e-08,   2.007643037e-05,       2.311297675,       20.60776224,       19.23180104,         0.8724186347,          0.2101163431,                     0,      0.5900026838,      0.4574929381,                 0,       280.9126088,       304.5405388,                 0,       13596.13207,        12347.13266,                  0,        0.1686057005,         0.1412385435,                    0,          301884.2205,           318785.4651,                     0,           157.0472877,            45.35129128,                      0,        157.0447561,         45.24745097,                   0,                120.9686123,                 153.5000043,                           0,            -3.224013065e-05,              -0.004574133289,                          nan,                      0.7702811304,                        3.392456392,                                nan,           300.4711049,             317.293235,                      0,              17207.676,             14253.64544,                       0,      0.6293495087,     0.05090787781,                 0,                 0,                 0,      0.4611386619,      0.4697812609,      0.4218743687,                 0,     0.08088967594
         112,     0.05499187699,      -3.642414831,      -1.200385005,       1.879517046,                        10,      -3.080402863,               6,       -4.40829856,   4.861108185e-08,   2.407638998e-05,        2.77355721,       24.72931468,       23.06868427,         0.8631314708,          0.2143960055,                     0,      0.5805292809,      0.4586569598,                 0,       281.7331039,       304.9637923,                 0,       13720.45824,        12370.58196,                  0,        0.1696511565,         0.1413106767,                    0,          302139.1369,           319293.4299,                     0,           154.4288652,            46.30754925,                      0,        154.4238962,         46.17279221,                   0,                119.6120129,                 153.7208654,                           0,             -6.43522947e-05,              -0.005811620986,                          nan,                      0.7745693242,                          3.3292521,                                nan,            300.724828,            317.7988221,                      0,            17239.41039,             14290.86885,                       0,        0.76178795,     0.01879612202,                 0,                 0,                 0,      0.5570522865,      0.5945918804,      0.4765864778,                 0,     0.02467369302
         113,     0.05484881053,        -3.6139843,      -1.174584819,       1.914116916,                        10,       -2.74516242,               6,      -4.013915129,   5.825905851e-08,    2.88866685e-05,       0.277355721,       2.472931468,       2.306868427,         0.8476819487,          0.2120784845,                     0,      0.5651046161,      0.4582326113,                 0,       282.9826377,       305.6247146,                 0,       13916.36344,        12416.81467,                  0,        0.1713121564,         0.1415323972,                    0,          302476.5809,           319961.2217,                     0,           150.2179598,            45.89659842,                      0,        150.2071476,         45.68185015,                   0,                 117.247898,                 153.8106811,                           0,            -0.0001439487993,              -0.009336023577,                          nan,                      0.7805746925,                        3.366997628,                                nan,           301.0606925,            318.4634879,                      0,            17283.99601,             14340.47841,                       0,      0.9120083201,    -0.01667398662,                 0,                 0,                 0,      0.6568747969,      0.7355826755,      0.5394027488,                 0,    -0.01828271327
         114,     0.05457305217,      -3.583516046,      -1.140260551,       1.950901052,                         4,      -4.509015313,               2,      -4.016594837,   5.856413048e-09,   2.889567938e-06,      0.3328268652,       2.967517762,       2.768242112,         0.8439863227,          0.2095307487,                     0,      0.5621482079,      0.4581259632,                 0,       282.9104381,       305.5845484,                 0,        13906.4839,        12402.26965,                  0,        0.1712347044,         0.1413856859,                    0,          302210.5814,           319913.4454,                     0,           149.6320804,            45.44918722,                      0,        149.6197975,         45.20598444,                   0,                116.3388503,                 153.8685364,                           0,            -0.0001641675907,               -0.01067354985,                          nan,                       0.777563212,                         3.40372051,                                nan,           300.7959381,            318.4159353,                      0,            17234.06416,             14322.85234,                       0,      0.9213225075,    -0.01836624049,                 0,                 0,                 0,      0.6625307231,      0.7440173507,      0.5437008952,                 0,    -0.01993464867
         115,     0.05430407759,      -3.600001603,      -1.148354513,       1.931195946,                         4,      -4.090698139,               3,      -5.528600056,   7.018908471e-09,   3.466150276e-06,      0.3993922382,       3.561021314,       3.321890535,         0.8405751552,          0.2067259856,                     0,      0.5588805334,      0.4579618692,                 0,       282.9226281,       305.6015768,                 0,       13912.35374,        12394.08422,                  0,        0.1712999897,         0.1412847853,                    0,          302015.8051,           319922.3366,                     0,            148.969879,            44.90788154,                      0,        148.9571599,         44.64857685,                   0,                115.4032831,                 153.9497876,                           0,            -0.0001707533117,               -0.01151495237,                          nan,                      0.7747414298,                        3.448033474,                                nan,           300.6020735,            318.4247848,                      0,             17199.9305,             14312.05465,                       0,      0.9330982215,    -0.02076262688,                 0,                 0,                 0,      0.6696767199,      0.7548368013,      0.5489305795,                 0,    -0.02225127687
         116,     0.05406065214,      -3.623911673,      -1.155181985,       1.903283175,                         5,      -4.591376106,               3,      -5.161841421,   8.415259993e-09,   4.157459946e-06,      0.4792706859,       4.273225577,       3.986268642,         0.8371512012,          0.2032816343,                     0,      0.5550924388,      0.4576743918,                 0,       283.0409411,       305.6859798,                 0,       13937.17097,        12393.17189,                  0,        0.1715341623,         0.1412355023,                    0,          301902.2947,           319994.8152,                     0,           148.1577933,            44.18557189,                      0,        148.1456777,         43.92448845,                   0,                114.4321545,                 154.0592666,                           0,            -0.0001635437805,               -0.01178267384,                          nan,                      0.7724299237,                        3.507366211,                                nan,           300.4890945,            318.4969242,                      0,            17182.83044,             14308.55097,                       0,      0.9481722408,     -0.0241210489,                 0,                 0,                 0,      0.6788146013,      0.7688629487,      0.5553937247,                 0,    -0.02543952233
         117,     0.05381690848,      -3.651657854,        -1.1611837,       1.870716415,                         5,      -4.138501104,               3,      -4.796777955,   1.009573257e-08,   4.986562315e-06,      0.5751248231,       5.127870693,        4.78352237,         0.8331677908,          0.1985716775,                     0,        0.55045356,      0.4571604106,                 0,       283.2863456,        305.844964,                 0,       13983.55071,        12399.91052,                  0,        0.1719562025,         0.1412388494,                    0,          301871.9924,           320132.5668,                     0,           147.0865024,            43.15356179,                      0,        147.0757705,          42.9022207,                   0,                 113.394557,                 154.1972371,                           0,            -0.0001459216164,               -0.01161476017,                          nan,                      0.7709941385,                        3.594155142,                                nan,            300.458934,             318.634031,                      0,            17181.78743,             14311.85688,                       0,       0.967501779,     -0.0286448412,                 0,                 0,                 0,      0.6904627034,      0.7869804494,      0.5635086438,                 0,    -0.02960701657
         118,     0.05360075882,      -3.676596468,      -1.168221793,        1.84074564,                         6,      -4.467858749,               3,      -4.435914672,   1.212342777e-08,   5.981591672e-06,      0.6901497877,       6.153444831,       5.740226844,          0.827856225,          0.1916913394,                     0,      0.5445107896,      0.4562747259,                 0,       283.6773787,       306.0809443,                 0,       14053.56147,        12414.13116,                  0,        0.1725791645,         0.1412917411,                    0,          301917.3214,           320329.8594,                     0,           145.6162592,            41.63802042,                      0,        145.6072038,         41.39840094,                   0,                112.2281579,                 154.3539047,                           0,            -0.0001243688824,               -0.01147652984,                          nan,                       0.770759653,                        3.728499198,                                nan,           300.5040509,            318.8304001,                      0,            17193.70239,             14320.47852,                       0,      0.9920144824,    -0.03442508227,                 0,                 0,                 0,      0.7050026313,      0.8099824139,      0.5737650292,                 0,    -0.03470219728
         119,       0.053385175,      -3.695120491,      -1.178030016,       1.818242451,                         6,      -4.020381642,               3,      -4.069356563,   1.457807783e-08,   7.177020415e-06,      0.8281797452,       7.384133798,       6.888272213,         0.8203195227,          0.1814530832,                     0,      0.5367151106,      0.4548422002,                 0,       284.2294506,       306.3884132,                 0,        14149.1007,         12435.2106,                  0,        0.1734150345,         0.1413894975,                    0,          302022.8815,            320571.009,                     0,           143.5916329,            39.42544716,                      0,        143.5837997,         39.18006541,                   0,                110.8332919,                  154.502938,                           0,            -0.0001091009723,               -0.01240914924,                          nan,                      0.7719066645,                         3.94340684,                                nan,           300.6091168,            319.0704208,                      0,            17214.25893,             14332.13363,                       0,       1.022400998,     -0.0413494972,                 0,                 0,                 0,      0.7224775363,      0.8383501961,      0.5866707165,                 0,    -0.04044352196
         120,     0.05320754545,      -3.708799265,      -1.188120128,       1.802720091,                         7,      -4.181580103,               4,      -4.925382697,   1.755983074e-08,   8.614893615e-06,      0.9938156943,       8.860960557,       8.265926655,          0.809670299,          0.1664376383,                     0,      0.5264836067,      0.4527147364,                 0,       284.9522811,       306.7467446,                 0,       14272.11076,        12462.11662,                  0,        0.1744788164,         0.1415297353,                    0,          302167.6672,           320826.2188,                     0,           140.8649688,            36.29155096,                      0,        140.8567672,         35.98431861,                   0,                 109.074459,                 154.5987274,                           0,             -0.000116442123,               -0.01685967542,                          nan,                      0.7743643501,                        4.296280528,                                nan,           300.7532248,             319.324436,                      0,            17239.12927,              14344.3369,                       0,       1.058882572,    -0.04899786412,                 0,                 0,                 0,      0.7423415063,      0.8720051423,      0.6026940541,                 0,    -0.04627318027
         121,      0.0530531623,      -3.721234526,      -1.189510337,       1.791291829,                         8,       -4.26709914,               4,      -4.484144512,   2.119290614e-08,   1.034554968e-05,       1.192578833,       10.63315267,       9.919111986,         0.7951721675,          0.1450422328,                     0,       0.513296772,      0.4499033688,                 0,       285.8450388,       307.1185438,                 0,       14424.01942,        12494.21153,                  0,        0.1757846906,         0.1417223954,                    0,          302327.1118,           321057.4361,                     0,           137.3256669,            32.05868658,                      0,        137.3139966,         31.55029884,                   0,                106.7939051,                 154.5900557,                           0,             -0.000169959067,               -0.03146459096,                          nan,                      0.7777350288,                        4.899796878,                                nan,            300.911923,             319.554571,                      0,            17264.70936,              14356.5225,                       0,       1.101218002,    -0.05644871374,                 0,                 0,                 0,       0.763389872,      0.9101969832,      0.6224218808,                 0,     -0.0512602533
         122,     0.05291636342,      -3.731113221,      -1.173968086,       1.785832676,                         9,      -4.285839153,               4,      -4.097918751,   2.562996659e-08,   1.242755156e-05,         1.4310946,        12.7597832,       11.90290328,          0.776378009,          0.1152651213,                     0,      0.4968361367,      0.4468169318,                 0,       286.8870445,         307.45805,                 0,       14603.93275,        12534.14307,                  0,        0.1773300973,         0.1420186893,                    0,          302472.2783,           321240.2144,                     0,           132.9342211,            26.67395185,                      0,        132.9147356,         25.62567624,                   0,                103.8414467,                 154.4591686,                           0,            -0.0002931389892,               -0.07705473937,                          nan,                      0.7812636137,                        6.027515808,                                nan,             301.05641,            319.7364936,                      0,            17287.78788,             14375.39894,                       0,       1.149283902,    -0.06195637309,                 0,                 0,                 0,      0.7841210858,      0.9517697094,      0.6471680614,                 0,    -0.05390867564
         123,     0.05279711694,      -3.731259374,      -1.143373225,       1.793050169,                        10,      -4.218873866,               5,      -4.678042255,   3.105529796e-08,   1.492769565e-05,        1.71731352,       15.31173984,       14.28314808,         0.7532490502,         0.07391945013,                     0,       0.477129393,      0.4449341687,                 0,        288.033934,       307.6222641,                 0,       14806.89547,        12589.01868,                  0,        0.1790779977,         0.1425649699,                    0,           302573.627,           321306.5636,                     0,           127.7480609,            20.73959656,                      0,        127.7166368,         18.06292059,                   0,                100.1237338,                 154.2590461,                           0,            -0.0004919092848,                -0.2414655015,                          nan,                      0.7839521644,                        8.540094353,                                nan,           301.1572843,            319.8025323,                      0,            17305.18505,             14421.80544,                       0,       1.206247052,    -0.06226301351,                 0,                 0,                 0,      0.8052609592,      0.9972682049,      0.6814431451,                 0,    -0.05161713218
         124,      0.0526829464,      -3.716091383,      -1.105579653,       1.816392555,                        10,      -3.731684793,               5,      -4.308346128,    3.76253953e-08,   1.785586115e-05,       2.060776224,       18.37408781,        17.1388384,         0.7261613005,         0.01557190581,                     0,      0.4546036444,      0.4380280027,                 0,       289.2312543,        309.011355,                 0,       15024.58868,        12716.86554,                  0,        0.1809582588,         0.1433658547,                    0,          302615.5304,           322382.0798,                     0,           121.9112126,            5.446804696,                      0,        121.8658924,           11.167943,                   0,                95.65661571,                 154.0829906,                           0,            -0.0007433577168,                  3.204000613,                          nan,                      0.7849334531,                        13.79689981,                                nan,           301.1989915,             320.873014,                      0,            17314.85285,             14509.32609,                       0,       1.279616401,     -0.0509836332,                 0,                 0,                 0,      0.8301244728,       1.048796403,      0.7348765679,                 0,    -0.03984290381
         125,     0.05257900556,      -3.693939137,      -1.066869015,       1.845044419,                        10,      -3.312868338,               6,      -4.693078464,   4.562569524e-08,   2.126342797e-05,       2.472931468,       22.04890537,       20.56490199,          0.695725684,        -0.06705784976,                     0,      0.4299673405,      0.4333437294,                 0,       290.4356086,       311.8450955,                 0,       15248.20259,         12879.4706,                  0,        0.1828899216,         0.1438765653,                    0,          302607.7103,           325082.7014,                     0,           115.6033849,           -23.76802884,                      0,        115.5445986,         18.95781332,                   0,                 90.5743604,                 153.9169027,                           0,             -0.001016775394,                -0.3638051442,                          nan,                       0.783890909,                        8.118916468,                                nan,            301.191208,            323.5609941,                      0,            17317.26891,             14654.14021,                       0,       1.383330133,    -0.01576480771,                 0,                 0,                 0,      0.8657169384,       1.109955727,      0.8257415278,                 0,     -0.0113962729
         126,     0.05246555197,      -3.680858269,       -1.03123039,       1.861436112,                        10,      -2.949344756,               6,      -4.222661739,   5.535287892e-08,   2.540531512e-05,       2.472931468,       22.04890537,       20.56490199,         0.6626593351,         -0.1797492457,                     0,      0.4040412676,      0.4478178551,                 0,        291.606999,       311.5751034,                 0,        15468.5586,        13010.23177,                  0,        0.1847876396,         0.1454626272,                    0,          302564.6316,             325597.89,                     0,           109.0151174,           -43.59074799,                      0,        108.9428439,         40.42823227,                   0,                85.06354322,                 153.7102381,                           0,             -0.001325496507,                -0.1398367934,                          nan,                      0.7808089103,                         3.80205192,                                nan,            301.148331,            324.0737711,                      0,            17313.15396,             14930.36697,                       0,       1.535324668,     0.06332137096,                 0,                 0,                 0,      0.9208670792,       1.182938041,      0.9807594106,                 0,     0.04124298417
         127,     0.05236510859,      -3.680471313,      -1.003597121,       1.859810782,                        10,      -2.957290706,               6,      -4.156774601,   5.590180412e-08,    2.56737655e-05,       2.472931468,       22.04890537,       20.56490199,         0.6308263313,         -0.3108367058,                     0,      0.3800920593,      0.4756400183,                 0,       292.5132162,       310.3113469,                 0,       15638.62788,        13037.18593,                  0,        0.1862408499,         0.1463567873,                    0,          302403.3607,           325879.9261,                     0,           103.0033979,           -69.13143699,                      0,         102.918085,         66.74641146,                   0,                79.75997968,                 154.0684334,                           0,             -0.001655819711,               -0.06780949711,                          nan,                      0.7749850733,                        2.308265419,                                nan,            300.987815,             324.354487,                      0,            17282.22652,             15221.67335,                       0,       1.704913717,      0.1756238472,                 0,                 0,                 0,      0.9837973116,       1.249787635,       1.172862049,                 0,      0.1030104019
         128,     0.05226631318,      -3.693122905,     -0.9984648696,        1.83858939,                        10,      -2.941687933,               6,      -4.121484086,   5.621198531e-08,   2.593872758e-05,       2.472931468,       22.04890537,       20.56490199,         0.6024412517,         -0.4477992581,                     0,      0.3589612769,      0.5164872659,                 0,       293.1850054,       308.1286458,                 0,       15769.69667,        13001.13481,                  0,        0.1873718737,          0.146984651,                    0,          302179.1569,           326100.8286,                     0,           97.80703272,           -96.07193565,                      0,        97.70989455,         94.24779577,                   0,                74.85864861,                 155.0288593,                           0,             -0.001985336429,               -0.03761394402,                          nan,                      0.7661317101,                        1.644907003,                                nan,           300.7646607,            324.5743555,                      0,            17242.95339,             15596.19969,                       0,       1.884630863,      0.3091194638,                 0,                 0,                 0,       1.053584672,       1.311851063,       1.387960777,                 0,      0.1640212255
         129,     0.05216704615,      -3.701849672,      -1.013133194,       1.819727597,                        10,      -2.933649849,               6,      -4.112096674,   5.592443321e-08,   2.619356937e-05,       2.472931468,       22.04890537,       20.56490199,         0.5789660878,          -0.579258489,                     0,      0.3413234359,      0.5641966319,                 0,       293.6316977,        305.452205,                 0,       15864.17123,        12908.48542,                  0,        0.1882082107,         0.1472133624,                    0,          301911.2258,           326437.9331,                     0,           93.60150821,           -121.9754341,                      0,         93.4960573,         120.6929654,                   0,                70.53156406,                 156.1162596,                           0,               -0.0022519191,               -0.02091776379,                          nan,                      0.7543800893,                        1.293499245,                                nan,           300.4979838,            324.9098819,                      0,            17200.65577,             16022.90989,                       0,       2.057054764,      0.4461773283,                 0,                 0,                 0,          1.122397,       1.365954228,       1.601473558,                 0,      0.2169010452
         130,     0.05206187481,      -3.706039603,      -1.043999849,       1.810050787,                        10,      -2.932576807,               6,      -4.078683231,   5.552932751e-08,   2.641933689e-05,       2.472931468,       22.04890537,       20.56490199,         0.5613590816,          -0.694919579,                     0,      0.3276983872,       0.611415715,                 0,       293.8789777,       302.8360813,                 0,       15925.09892,        12771.56227,                  0,         0.188772681,         0.1469079106,                    0,          301626.4809,           327022.5024,                     0,           90.48991641,           -145.2312214,                      0,        90.38315031,         144.3917531,                   0,                66.95984142,                 156.6573745,                           0,             -0.002358342726,               -0.01152702689,                          nan,                      0.7408442966,                        1.084946828,                                nan,           300.2145718,            325.4917149,                      0,            17159.23494,              16440.0063,                       0,       2.203394631,      0.5695856803,                 0,                 0,                 0,       1.180675455,       1.407579682,       1.788321891,                 0,       0.258503707
         131,     0.05195515379,      -3.711860965,      -1.087489316,       1.803145589,                        10,      -2.949278564,               6,      -4.008580598,   5.525615892e-08,   2.660034646e-05,       2.472931468,       22.04890537,       20.56490199,          0.549880443,         -0.7886390001,                     0,      0.3183262055,       0.652748955,                 0,       293.9731503,       300.7247794,                 0,       15958.24152,        12614.95679,                  0,        0.1891054892,         0.1461254259,                    0,          301363.5702,           327899.4394,                     0,            88.4712053,           -164.8517021,                      0,        88.37090254,         164.3115393,                   0,                64.30606419,                 156.3006153,                           0,             -0.002266181392,              -0.006542580669,                          nan,                      0.7276836871,                       0.9512455178,                                nan,           299.9528917,            326.3645469,                      0,            17123.40348,             16797.75384,                       0,       2.311181383,       0.667856073,                 0,                 0,                 0,       1.221789331,       1.433770466,       1.931810904,                 0,      0.2889673991
         132,     0.05184755113,      -3.719943989,      -1.138810806,       1.796013917,                        10,      -2.957868138,               7,      -4.588429124,   5.514237339e-08,   2.673244848e-05,       2.472931468,       22.04890537,       20.56490199,         0.5439611609,         -0.8594390731,                     0,      0.3130301683,      0.6857043533,                 0,        293.969211,       299.3111934,                 0,       15970.97832,        12464.13278,                  0,        0.1892593701,         0.1450620031,                    0,          301159.2865,           329009.4614,                     0,           87.42233804,           -180.4802739,                      0,        87.33378508,         180.1291377,                   0,                62.65986476,                 155.1659077,                           0,              -0.00202483977,              -0.003887345786,                          nan,                      0.7174756563,                       0.8614148143,                                nan,           299.7495643,            327.4693729,                      0,            17097.30243,             17073.88095,                       0,       2.377236029,      0.7372167303,                 0,                 0,                 0,        1.24384522,       1.444283432,       2.027013817,                 0,      0.3101150754
         133,     0.05174760224,      -3.722520293,      -1.190292657,       1.796290136,                        10,      -2.957445628,               7,      -4.519678834,   5.517737012e-08,   2.681454255e-05,       2.472931468,       22.04890537,       20.56490199,         0.5423717922,         -0.9094134806,                     0,      0.3112100528,       0.709942238,                 0,       293.9168147,       298.5472384,                 0,       15970.67428,        12334.42501,                  0,        0.1892898095,         0.1439213848,                    0,           301035.493,           330197.4992,                     0,           87.12205131,           -192.2050177,                      0,        87.04731176,         191.9758907,                   0,                61.99890553,                 153.6350544,                           0,             -0.001715007646,              -0.002382773282,                          nan,                      0.7122437704,                       0.8002830659,                                nan,           299.6263503,            328.6518495,                      0,             17083.0875,             17264.54517,                       0,       2.406114133,       0.780862966,                 0,                 0,                 0,       1.248896493,       1.440806085,       2.079233036,                 0,      0.3245328039
         134,     0.05166010741,      -3.718279812,      -1.230451062,       1.805365136,                        10,      -2.950284561,               7,      -4.450575634,   5.532147961e-08,   2.685234228e-05,       2.472931468,       22.04890537,       20.56490199,         0.5435656815,         -0.9413183366,                     0,      0.3119566117,      0.7260862131,                 0,        293.854533,       298.2698894,                 0,       15963.93958,        12230.24827,                  0,        0.1892503227,         0.1428394793,                    0,          300996.2463,           331278.2694,                     0,            87.3005182,           -200.2878787,                      0,        87.23972098,          200.137906,                   0,                62.18111916,                 152.1163657,                           0,             -0.001392341099,              -0.001497010438,                          nan,                      0.7127615547,                       0.7600577456,                                nan,           299.5872873,            329.7275607,                      0,            17080.79105,             17371.91638,                       0,       2.406539378,      0.8061504611,                 0,                 0,                 0,       1.241031141,       1.425820427,       2.099606261,                 0,      0.3349832828
         135,     0.05157367941,      -3.707944481,      -1.250287326,       1.820122701,                        10,      -2.933681519,               7,      -4.386866692,   5.550174899e-08,   2.685594049e-05,       2.472931468,       22.04890537,       20.56490199,         0.5459988516,         -0.9575872308,                     0,      0.3142268346,      0.7349460174,                 0,       293.8110868,       298.3372787,                 0,       15956.60237,        12151.01547,                  0,        0.1891914965,           0.14188278,                    0,          301032.9319,           332126.5252,                     0,           87.68836312,           -205.0269059,                      0,        87.64097298,         204.9259399,                   0,                62.97551186,                 150.9046564,                           0,             -0.001080584245,             -0.0009846617919,                          nan,                      0.7185624454,                       0.7363863085,                                nan,           299.6238011,            330.5718458,                      0,            17089.09293,              17400.5663,                       0,       2.387937952,      0.8213778999,                 0,                 0,                 0,       1.224552094,       1.401795836,       2.100447037,                 0,       0.343969532
         136,     0.05148249927,      -3.699005215,      -1.254101151,       1.830303394,                        10,       -2.91553741,               7,       -4.30096086,   5.564311571e-08,   2.683720154e-05,      0.2472931468,       2.204890537,       2.056490199,         0.5483168837,         -0.9604564291,                     0,      0.3169867869,       0.737293287,                 0,       293.8078604,       298.6839314,                 0,       15953.57975,        12095.93072,                  0,         0.189157873,         0.1410764116,                    0,          301129.9149,           332717.2828,                     0,           88.04868363,           -206.7647188,                      0,        88.01375026,         206.6920078,                   0,                64.10341745,                 150.1172667,                           0,            -0.0007933439633,             -0.0007031973624,                          nan,                      0.7283341213,                       0.7262848152,                                nan,           299.7203302,            331.1598381,                      0,            17105.80467,             17358.99195,                       0,       2.358121816,      0.8336650853,                 0,                 0,                 0,       1.202873768,       1.370631997,       2.092152934,                 0,      0.3535292705
         137,     0.05128866594,       -3.69557101,       -1.25383914,       1.831661047,                         4,      -4.717006371,               3,      -5.546953181,   5.571725006e-09,   2.686408363e-06,      0.2967517762,       2.645868645,       2.467788239,         0.5487759737,         -0.9595226582,                     0,      0.3176603731,       0.736209277,                 0,       293.8254395,       298.9565567,                 0,       15956.75051,        12113.34159,                  0,         0.189184134,         0.1411510181,                    0,          301172.3053,           332924.6209,                     0,           88.10114102,           -206.4458693,                      0,         88.0706758,         206.3777505,                   0,                 64.4326573,                 150.1046515,                           0,            -0.0006914768214,             -0.0006598102775,                          nan,                      0.7316017132,                       0.7273296229,                                nan,           299.7625221,            331.3662056,                      0,            17114.03475,             17366.48585,                       0,       2.355800363,      0.8340302436,                 0,                 0,                 0,       1.201422833,       1.368564062,       2.091036634,                 0,      0.3540326493
         138,     0.05109595827,      -3.706229313,      -1.265232738,       1.814808737,                         4,      -4.273450055,               3,      -5.162748946,   6.689087467e-09,   3.224972967e-06,      0.3561021314,       3.175042374,       2.961345886,         0.5492053112,         -0.9579682573,                     0,      0.3183938513,      0.7348424563,                 0,       293.8349745,       299.2361551,                 0,       15958.13791,        12129.01129,                  0,        0.1891944394,         0.1412017986,                    0,          301208.7616,           333114.7547,                     0,           88.15671577,           -206.0273756,                      0,         88.1304067,         205.9651184,                   0,                64.78877388,                 150.0644815,                           0,            -0.0005967814746,             -0.0006042675087,                          nan,                      0.7351466571,                        0.728591728,                                nan,           299.7988078,            331.5554495,                      0,            17120.81862,             17366.90507,                       0,       2.352897302,      0.8347060872,                 0,                 0,                 0,       1.199537053,         1.3658452,       2.089815029,                 0,      0.3547567021
         139,     0.05091558429,      -3.720654435,      -1.274898654,       1.793052539,                         5,      -4.778821501,               3,      -4.785362563,   8.030128043e-09,   3.871628645e-06,      0.4273225577,       3.810050849,       3.553615064,         0.5496096366,         -0.9555060974,                     0,      0.3191872624,       0.733064291,                 0,       293.8381991,       299.5208071,                 0,       15957.99056,        12142.32568,                  0,        0.1891906266,         0.1412226057,                    0,          301241.0805,           333274.2503,                     0,           88.21539054,           -205.4573832,                      0,        88.19289392,         205.4014909,                   0,                65.17205603,                 149.9910264,                           0,            -0.0005099733807,             -0.0005440034695,                          nan,                      0.7389717373,                        0.730233387,                                nan,           299.8309754,            331.7141984,                      0,            17126.42582,              17357.3261,                       0,       2.349118261,      0.8357725246,                 0,                 0,                 0,        1.19702065,       1.362192825,       2.088373297,                 0,      0.3557813748
         140,     0.05073467305,      -3.741284804,      -1.282675991,       1.763667318,                         5,      -4.327639062,               3,      -4.409877669,   9.639254141e-09,   4.648156601e-06,      0.5127870693,       4.572061018,       4.264338076,         0.5499798769,         -0.9518561682,                     0,      0.3200288491,      0.7307283712,                 0,       293.8385806,       299.8126414,                 0,       15956.91491,         12153.4611,                  0,        0.1891776542,         0.1412146376,                    0,          301272.3936,           333392.7059,                     0,           88.27343532,           -204.6749083,                      0,        88.25440175,         204.6249792,                   0,                65.58153267,                 149.8832643,                           0,            -0.0004311947253,             -0.0004878275486,                          nan,                      0.7430964504,                       0.7324778475,                                nan,            299.862142,            331.8320995,                      0,            17131.42163,              17335.7088,                       0,        2.34409248,      0.8373268346,                 0,                 0,                 0,       1.193628593,       1.357253055,       2.086564144,                 0,      0.3572072526
         141,     0.05057691197,      -3.765245278,       -1.29007885,       1.730409831,                         6,       -4.67417115,               3,      -4.033541991,   1.156945845e-08,   5.580830889e-06,      0.6153444831,       5.486473222,       5.117205692,         0.5502761882,          -0.946786491,                     0,      0.3208859581,      0.7276893983,                 0,       293.8411603,       300.1195358,                 0,       15955.83996,        12163.64253,                  0,        0.1891632873,         0.1411885698,                    0,          301306.6569,              333466.4,                     0,           88.32082016,           -203.6150687,                      0,        88.30492519,         203.5701238,                   0,                66.01317142,                 149.7495106,                           0,            -0.0003599047664,             -0.0004414201897,                          nan,                       0.747559338,                        0.735616346,                                nan,           299.8962448,            331.9054487,                      0,            17136.56067,             17301.59082,                       0,       2.337406319,      0.8395031763,                 0,                 0,                 0,       1.189085388,       1.350615554,        2.08424363,                 0,       0.359160138
         142,      0.0504190979,      -3.786640599,      -1.299933438,       1.701057527,                         6,      -4.223058521,               4,       -4.86958955,   1.388398857e-08,   6.701409763e-06,      0.7384133798,       6.583767866,        6.14064683,         0.5504088921,         -0.9401623114,                     0,      0.3216937964,      0.7238336022,                 0,       293.8522029,       300.4565182,                 0,       15955.92484,        12175.18919,                  0,        0.1891572291,         0.1411643093,                    0,          301347.8553,           333502.6179,                     0,           88.33859323,           -202.2197669,                      0,        88.32555089,         202.1790395,                   0,                66.45682771,                  149.610663,                           0,            -0.0002952589863,             -0.0004027630954,                          nan,                      0.7524077353,                       0.7399909672,                                nan,           299.9372504,             331.941497,                      0,            17142.60152,               17256.658,                       0,       2.328646093,       0.842498389,                 0,                 0,                 0,       1.183109438,       1.341831963,       2.081317647,                 0,      0.3617975232
         143,     0.05028111319,      -3.801208767,      -1.313461411,       1.681592857,                         7,      -4.396970854,               4,      -4.392488813,   1.665811736e-08,   8.048320961e-06,      0.8860960557,        7.90052144,       7.368776196,         0.5502206104,         -0.9319792997,                     0,      0.3223426068,      0.7191099728,                 0,       293.8790769,       300.8444119,                 0,       15958.49339,        12191.02128,                  0,        0.1891704217,         0.1411658044,                    0,          301399.3782,            333520.926,                     0,           88.29642163,           -200.4531011,                      0,        88.28596141,          200.416577,                   0,                66.89213231,                 149.4954967,                           0,            -0.0002369201739,              -0.000364382362,                          nan,                      0.7576757532,                       0.7459238102,                                nan,           299.9885321,            331.9597195,                      0,            17150.13645,             17204.53448,                       0,       2.317425183,      0.8466272299,                 0,                 0,                 0,       1.175430551,       1.330403997,       2.077802289,                 0,      0.3653309871
         144,     0.05016480552,      -3.809012398,      -1.326576777,       1.672792724,                         8,      -4.463992182,               5,       -4.95959639,   1.998099012e-08,   9.668008672e-06,       1.063315267,       9.480625727,       8.842531435,         0.5494709116,         -0.9222921175,                     0,      0.3226633438,      0.7135234769,                 0,       293.9305662,       301.2983567,                 0,       15965.06799,        12212.92004,                  0,        0.1892152404,         0.1412063279,                    0,          301463.7808,            333539.707,                     0,           88.15009648,           -198.3083172,                      0,        88.14192845,         198.2763065,                   0,                67.28369633,                 149.4193735,                           0,            -0.0001853123336,             -0.0003228117143,                          nan,                      0.7633562994,                       0.7535916726,                                nan,           300.0526333,            331.9784125,                      0,            17159.51574,             17148.14202,                       0,       2.303369649,      0.8523941273,                 0,                 0,                 0,       1.165781462,       1.315728519,       2.073872213,                 0,      0.3700639746
         145,     0.05006176644,       -3.81254946,      -1.331631855,       1.672094702,                         9,      -4.474337251,               5,      -4.456685232,   2.395755702e-08,   1.161640259e-05,        1.27597832,       11.37675087,       10.61103772,         0.5478264153,         -0.9109731057,                     0,      0.3224143665,      0.7070507672,                 0,       294.0170625,       301.8097309,                 0,       15977.44363,        12238.89223,                  0,        0.1893062316,          0.141266717,                    0,          301542.4886,           333548.5994,                     0,           87.83962194,           -195.7859262,                      0,        87.83344531,         195.7583138,                   0,                 67.5760963,                 149.3543023,                           0,            -0.0001406292113,             -0.0002820471244,                          nan,                      0.7693663395,                       0.7629525374,                                nan,           300.1309727,            331.9872633,                      0,            17170.82653,             17084.59462,                       0,       2.286046366,      0.8605433762,                 0,                 0,                 0,       1.153842267,       1.297009956,       2.069857015,                 0,      0.3764330369
         146,     0.04998590544,      -3.813723948,      -1.325545119,       1.676448996,                        10,      -4.408506848,               5,      -4.035530019,    2.87113559e-08,   1.396056829e-05,       1.531173984,       13.65210105,       12.73324527,         0.5448702336,         -0.8974815824,                     0,      0.3212809641,      0.6995271462,                 0,       294.1492454,       302.3444465,                 0,       15997.58236,        12262.72414,                  0,        0.1894596777,         0.1412913035,                    0,          301634.5297,           333497.1778,                     0,           87.29120926,           -192.8468495,                      0,        87.28671608,         192.8228483,                   0,                67.69055204,                 149.2268161,                           0,            -0.0001029442134,             -0.0002488994908,                          nan,                      0.7754966056,                       0.7739062948,                                nan,           300.2225829,            331.9360824,                      0,            17183.79155,             17003.00957,                       0,       2.264794101,      0.8720885844,                 0,                 0,                 0,       1.139126405,       1.273108081,       2.066162296,                 0,      0.3850630765
         147,     0.04990670878,      -3.812614349,      -1.314559364,        1.68376444,                        10,      -3.888684125,               6,      -4.490922702,   3.439016894e-08,   1.678078873e-05,       1.837408781,       16.38252126,       15.27989432,         0.5401471482,         -0.8810395963,                     0,      0.3189047069,      0.6906705768,                 0,       294.3351756,       302.8737517,                 0,       16027.22695,        12278.67188,                  0,        0.1896908461,         0.1412276528,                    0,          301734.9494,           333332.1159,                     0,           86.42668761,            -189.394048,                      0,        86.42335001,         189.3715366,                   0,                67.52830786,                 148.9746722,                           0,            -7.723383007e-05,             -0.0002377055417,                          nan,                      0.7813664693,                        0.786679323,                                nan,           300.3225325,            331.7717932,                      0,            17197.62507,             16891.88512,                       0,       2.238392352,      0.8882130117,                 0,                 0,                 0,       1.120793018,       1.242334974,       2.062989697,                 0,      0.3968084554
         148,     0.04982548725,      -3.807415565,      -1.306790318,       1.694306512,                        10,      -3.431250831,               6,      -4.103610894,   4.117715111e-08,    2.01735141e-05,       2.204890537,       19.65902551,       18.33587318,         0.5332317905,         -0.8612638606,                     0,      0.3149403383,      0.6803297033,                 0,       294.5785886,       303.4076549,                 0,       16067.55039,        12288.04564,                  0,        0.1900109161,         0.1410863853,                    0,          301835.6816,           333055.6581,                     0,           85.17679509,           -185.3291495,                      0,        85.17340687,         185.3036287,                   0,                66.98494691,                 148.6308415,                           0,            -7.955563846e-05,             -0.0002753911024,                          nan,                      0.7864537696,                       0.8020935289,                                nan,           300.4227932,            331.4966294,                      0,            17211.17338,              16752.0929,                       0,       2.204426373,        0.90995263,                 0,                 0,                 0,       1.097371389,       1.202141982,       2.059699997,                 0,      0.4127843149
         149,     0.04977127067,      -3.796147937,      -1.303830345,       1.709955154,                        10,      -3.039680738,               7,      -4.413284518,   4.930728392e-08,   2.425555748e-05,       2.645868645,       23.59083061,       22.00304782,         0.5237607875,         -0.8386761804,                     0,      0.3091021715,      0.6687856585,                 0,        294.881542,          303.9675,                 0,       16119.35137,        12298.52069,                  0,        0.1904275903,         0.1409457359,                    0,           301930.495,           332719.3578,                     0,           83.48575658,           -180.6632925,                      0,        83.48023978,         180.6273674,                   0,                65.97142542,                 148.3297804,                           0,            -0.0001321570766,             -0.0003976632068,                          nan,                      0.7902639667,                       0.8211921731,                                nan,           300.5171628,            331.1619034,                      0,            17223.56835,               16599.696,                       0,        2.15823507,       0.937374079,                 0,                 0,                 0,       1.066405088,       1.148780945,       2.053521639,                 0,      0.4343243662
         150,     0.04971548013,      -3.776658135,      -1.300254012,       1.734055979,                        10,      -2.718188667,               7,      -4.020455395,   5.908279948e-08,   2.916950682e-05,      0.2645868645,       2.359083061,       2.200304782,         0.5113887121,         -0.8145681406,                     0,      0.3011623944,      0.6567831859,                 0,       295.2482069,       304.5043874,                 0,       16183.51987,        12314.81374,                  0,        0.1909481344,         0.1408828819,                    0,          302019.1712,            332334.254,                     0,           81.30190215,           -175.5841299,                      0,        81.29173035,         175.5275655,                   0,                64.42602623,                 148.1949699,                           0,            -0.0002502072642,             -0.0006441968369,                          nan,                      0.7925286613,                       0.8442831729,                                nan,           300.6054239,            330.7786022,                      0,            17234.78299,             16452.60416,                       0,       2.091497767,      0.9684642033,                 0,                 0,                 0,       1.024134376,       1.076852936,       2.037810977,                 0,      0.4630481651
         151,     0.05785933618,      -3.746158301,      -1.288472002,       1.771246692,                         4,      -4.538879652,               3,      -5.567802357,   5.906746321e-09,   2.924184993e-06,      0.3175042374,       2.830899673,       2.640365738,         0.5077729233,         -0.8107349451,                     0,      0.2992277288,      0.6547171069,                 0,       295.1763496,       304.6162188,                 0,       16167.63729,         12327.3587,                  0,         0.190807281,         0.1409750504,                    0,          301876.8621,            332290.873,                     0,           80.78749612,           -174.6458895,                      0,         80.7766895,         174.5886617,                   0,                63.98164134,                 148.2480226,                           0,            -0.0002675139047,             -0.0006552510307,                          nan,                      0.7920805091,                       0.8491274354,                                nan,           300.4637809,            330.7354243,                      0,            17204.15375,             16440.71824,                       0,       2.087363732,      0.9702807216,                 0,                 0,                 0,       1.021492889,       1.072463631,       2.036750792,                 0,      0.4648354798
         152,     0.05764145033,      -3.753245617,       -1.29744566,       1.761315837,                         4,       -4.13522006,               3,      -5.172389928,   7.089400732e-09,   3.509837546e-06,      0.3810050849,       3.397079608,       3.168438886,         0.5044260111,          -0.805837533,                     0,      0.2971854983,      0.6523021801,                 0,       295.1482847,       304.7074238,                 0,       16161.79142,        12335.78167,                  0,        0.1907564876,         0.1410296631,                    0,          301775.9517,           332197.6516,                     0,           80.27570464,           -173.5283469,                      0,        80.26510649,         173.4693937,                   0,                 63.4873868,                 148.3069218,                           0,            -0.0002640264156,             -0.0006793501962,                          nan,                      0.7909711901,                       0.8549457551,                                nan,           300.3633429,            330.6426392,                      0,            17183.54632,             16418.61474,                       0,       2.081794125,      0.9728148283,                 0,                 0,                 0,       1.018009408,       1.066497518,       2.035391489,                 0,      0.4672963654
         153,     0.05757752468,      -3.766500865,      -1.306439121,       1.744137284,                         5,       -4.64305079,               3,      -4.781762006,    8.50938847e-09,   4.212998533e-06,      0.4572061018,       4.076495529,       3.802126663,          0.501225303,         -0.7999337299,                     0,      0.2949722522,      0.6495356437,                 0,       295.1676745,       304.7852108,                 0,       16166.63904,        12341.56595,                  0,        0.1908012012,         0.1410603408,                    0,           301718.005,           332062.4857,                     0,           79.74561123,           -172.2270324,                      0,        79.73599175,         172.1652283,                   0,                62.93515327,                 148.3776086,                           0,            -0.0002412394776,              -0.000717575773,                          nan,                       0.789294168,                       0.8618326128,                                nan,           300.3056674,            330.5081061,                      0,            17173.20543,             16388.30292,                       0,       2.074171044,      0.9762832663,                 0,                 0,                 0,       1.013331059,       1.058331726,       2.033531041,                 0,      0.4706859972
         154,     0.05738930258,      -3.786490946,       -1.31485132,        1.71885225,                         5,      -4.213261262,               3,      -4.406569038,   1.021464722e-08,   5.057383784e-06,      0.5486473222,       4.891794635,       4.562551996,         0.4979193676,         -0.7932271158,                     0,      0.2924857857,      0.6464710886,                 0,       295.2334964,       304.8573836,                 0,       16181.52972,        12347.00073,                  0,         0.190934379,         0.1410896113,                    0,          301698.5327,           331898.4097,                     0,           79.16154061,           -170.7586107,                      0,        79.15336765,          170.692549,                   0,                62.31240426,                 148.4715883,                           0,            -0.0002064774574,             -0.0007735947356,                          nan,                      0.7872362998,                       0.8698188009,                                nan,           300.2862863,            330.3447982,                      0,            17171.73382,             16353.63636,                       0,       2.063709405,      0.9808251621,                 0,                 0,                 0,       1.007002569,       1.047257433,       2.030804367,                 0,      0.4752729042
         155,     0.05721099295,      -3.810655011,      -1.322568125,        1.68837029,                         6,      -4.527147264,               3,      -4.062251286,   1.226296502e-08,   6.071606815e-06,      0.6583767866,       5.870153562,       5.475062395,         0.4941591945,         -0.7860507758,                     0,      0.2895933409,      0.6432359988,                 0,       295.3395574,        304.926127,                 0,       16204.55283,        12354.38397,                  0,        0.1911373765,         0.1411427175,                    0,          301706.8617,           331718.1478,                     0,           78.47753681,           -169.1656519,                      0,        78.47081263,         169.0932514,                   0,                 61.6009818,                 148.6063452,                           0,            -0.0001713583095,             -0.0008557880543,                          nan,                      0.7850177631,                       0.8788425558,                                nan,           300.2945763,            330.1653801,                      0,            17176.21797,             16319.47247,                       0,        2.04947123,      0.9864676418,                 0,                 0,                 0,      0.9984817834,       1.032512065,       2.026664641,                 0,      0.4813278799
         156,      0.0570544121,      -3.833000434,      -1.329777246,       1.660156521,                         6,       -4.07033538,               4,      -4.970763026,   1.472394266e-08,   7.290254735e-06,       0.790052144,       7.044184275,       6.570074874,         0.4895772435,         -0.7788025006,                     0,      0.2861534535,      0.6400269032,                 0,       295.4760037,        304.980895,                 0,       16233.12985,        12364.85236,                  0,        0.1913860208,         0.1412375792,                    0,          301728.5264,           331525.8814,                     0,           77.64719026,           -167.5148729,                      0,        77.64140679,         167.4329808,                   0,                60.77732024,                  148.801203,                           0,            -0.0001489624247,             -0.0009774910715,                          nan,                       0.782795196,                       0.8887209815,                                nan,           300.3161396,            329.9740136,                      0,            17183.02858,             16290.03095,                       0,       2.030372266,      0.9931403658,                 0,                 0,                 0,      0.9871675977,       1.013275752,       2.020398865,                 0,      0.4891420073
         157,     0.05688842848,      -3.848730212,      -1.336151559,       1.641011586,                         7,      -4.205905325,               4,      -4.607802137,   1.768122883e-08,   8.755193431e-06,      0.9480625727,        8.45302113,       7.884089849,         0.4838906437,         -0.7718265967,                     0,      0.2820468447,      0.6370625942,                 0,       295.6322031,        304.992419,                 0,       16264.94443,        12377.15356,                  0,         0.191659775,         0.1413735657,                    0,           301749.346,           331306.9077,                     0,           76.63590428,           -165.8833213,                      0,        76.63014261,         165.7879856,                   0,                59.81503987,                 149.0661758,                           0,            -0.0001503591535,              -0.001149100046,                          nan,                      0.7805680354,                       0.8991373843,                                nan,           300.3368618,             329.756065,                      0,            17189.03495,             16266.60532,                       0,       2.005137551,       1.000708032,                 0,                 0,                 0,      0.9724142232,      0.9886162882,       2.011126798,                 0,      0.4990720118
         158,     0.05675224088,      -3.858357334,      -1.339653914,       1.631250021,                         8,      -4.243405881,               4,      -4.264070273,   2.123508985e-08,   1.051706042e-05,       1.137675087,       10.14362536,       9.460907819,         0.4769764211,         -0.7652572498,                     0,      0.2772033239,      0.6344802716,                 0,       295.8002321,       304.9146989,                 0,       16298.74321,        12387.16885,                  0,        0.1919489334,         0.1415250816,                    0,          301759.8976,           331021.6007,                     0,           75.42947488,           -164.3282482,                      0,        75.42267954,         164.2166197,                   0,                58.69021076,                 149.3843598,                           0,            -0.0001801692679,              -0.001358142066,                          nan,                      0.7781506985,                       0.9096786917,                                nan,            300.347364,            329.4720934,                      0,            17192.63442,              16245.5123,                       0,       1.972158058,       1.008952705,                 0,                 0,                 0,      0.9534954806,      0.9573857989,       1.997700027,                 0,      0.5115982979
         159,     0.05661486562,      -3.864127597,      -1.337654066,       1.628300958,                         9,      -4.234254142,               5,      -4.772680816,   2.550558207e-08,   1.263686984e-05,       1.365210105,       12.17235043,       11.35308938,         0.4688678302,          -0.758910121,                     0,      0.2716106151,       0.632220045,                 0,       295.9771252,       304.7012012,                 0,       16334.52138,        12389.33353,                  0,          0.19225531,         0.1416501215,                    0,          301758.0033,           330614.2325,                     0,           74.03311003,           -162.8506566,                      0,         74.0244652,         162.7241138,                   0,                57.38822647,                 149.7021181,                           0,            -0.0002335257863,              -0.001553492748,                          nan,                      0.7752602645,                       0.9199750097,                                nan,           300.3454785,            329.0666321,                      0,            17193.98129,             16218.46649,                       0,       1.929265451,       1.017477293,                 0,                 0,                 0,      0.9295326522,      0.9181000669,       1.978488688,                 0,      0.5273910297
         160,     0.05649271988,       -3.86475592,      -1.330669905,       1.632887524,                        10,      -4.193041319,               5,      -4.391539782,    3.06369562e-08,    1.51878534e-05,       1.638252126,       14.60682051,       13.62370726,         0.4596598439,         -0.7523562732,                     0,      0.2652982944,      0.6299925659,                 0,       296.1655711,       304.3382212,                 0,       16373.10287,        12380.61209,                  0,        0.1925867876,         0.1417200737,                    0,          301748.7548,           330047.3136,                     0,           72.45923889,           -161.3795381,                      0,        72.44835814,         161.2451521,                   0,                 55.9102924,                 149.9457236,                           0,            -0.0003003050593,              -0.001664771635,                          nan,                      0.7717261486,                       0.9299239182,                                nan,           300.3362733,             328.502367,                      0,            17194.39884,             16177.53764,                       0,       1.873492583,       1.025494074,                 0,                 0,                 0,      0.8994022616,      0.8688761526,       1.951068114,                 0,      0.5473702344
         161,     0.05637354383,      -3.857134612,      -1.322866952,       1.646875635,                        10,       -3.72892246,               5,       -4.04992841,   3.680428287e-08,   1.825805464e-05,       1.965902551,       17.52818461,       16.34844871,         0.4493791267,         -0.7452120784,                     0,      0.2583031252,      0.6274164925,                 0,       296.3721322,       303.8724032,                 0,       16415.41761,        12364.31724,                  0,        0.1929499323,         0.1417508264,                    0,          301741.4784,           329342.6723,                     0,           70.71074186,           -159.8065943,                      0,        70.69748497,         159.6747133,                   0,                54.27455797,                 150.0650638,                           0,            -0.0003749259826,              -0.001649827137,                          nan,                      0.7677013969,                       0.9398173366,                                nan,            300.329031,            327.8010241,                      0,            17195.37072,             16122.13267,                       0,       1.801162111,       1.031609136,                 0,                 0,                 0,      0.8618123365,      0.8076335235,       1.912101056,                 0,       0.572746412
         162,     0.05626490061,      -3.841620748,       -1.31714389,       1.668055325,                        10,      -3.313175667,               6,      -4.437720467,   4.422159079e-08,   2.195399895e-05,       2.359083061,       21.03382154,       19.61813845,          0.437947195,         -0.7374362736,                     0,      0.2506485637,      0.6242509633,                 0,       296.6001575,       303.4002275,                 0,       16461.45715,        12349.09938,                  0,        0.1933423222,         0.1417965386,                    0,          301741.8765,           328587.7826,                     0,           68.77819561,           -158.0629681,                      0,        68.76235416,         157.9430465,                   0,                52.50625861,                 150.0620894,                           0,            -0.0004606002274,              -0.001516814917,                          nan,                      0.7635901832,                       0.9501025389,                                nan,           300.3294272,             327.049668,                      0,            17197.32217,             16060.65489,                       0,       1.708758495,       1.033648248,                 0,                 0,                 0,      0.8156990102,      0.7328932197,       1.857727597,                 0,      0.6049118417
         163,     0.05616600488,      -3.820095047,      -1.312216878,       1.694134957,                        10,      -2.951629737,               6,      -4.009079862,    5.31524507e-08,   2.640464636e-05,       2.359083061,       21.03382154,       19.61813845,         0.4253805076,         -0.7293687983,                     0,      0.2424022895,      0.6205227313,                 0,       296.8368703,       303.0167254,                 0,       16508.73309,        12342.44374,                  0,         0.193742935,         0.1418990459,                    0,          301740.6403,           327888.9054,                     0,           66.67415212,           -156.1832354,                      0,        66.65516046,         156.0817151,                   0,                50.62299004,                 149.9618624,                           0,            -0.0005696045312,              -0.001299592786,                          nan,                      0.7594759308,                       0.9607907132,                                nan,           300.3281968,            326.3540622,                      0,            17198.37298,             16003.39132,                       0,       1.594763752,       1.028663912,                 0,                 0,                 0,      0.7610037892,      0.6452338745,       1.784683197,                 0,      0.6450258921
         164,      0.0560870503,      -3.791097327,       -1.30544501,       1.727830072,                        10,       -3.00264222,               7,      -4.587043443,   5.326638627e-08,   2.647056857e-05,       2.830899673,       25.24058585,       23.54176614,         0.4131666314,         -0.7220568572,                     0,      0.2346232257,      0.6167625084,                 0,       297.0042536,       302.8088779,                 0,       16541.83535,        12345.07699,                  0,        0.1940220031,         0.1420264104,                    0,          301689.7147,           327380.4428,                     0,           64.67471601,           -154.4399124,                      0,        64.65234935,         154.3586595,                   0,                48.84817161,                 149.7902159,                           0,            -0.0006915465283,              -0.001051949904,                          nan,                      0.7555513775,                       0.9704037104,                                nan,           300.2775096,            325.8479798,                      0,            17188.73339,             15958.11948,                       0,       1.483900873,       1.017014675,                 0,                 0,                 0,      0.7095684351,      0.5641046969,        1.70823492,                 0,      0.6853656423
         165,     0.05598938916,      -3.764949221,      -1.302004242,       1.757262358,                        10,      -2.709448701,               7,      -4.112587512,   6.407403966e-08,   3.183872577e-05,      0.2830899673,       2.524058585,       2.354176614,         0.4017393329,         -0.7149817705,                     0,      0.2270718327,      0.6127663863,                 0,       297.1346545,        302.702218,                 0,        16571.7232,        12350.91268,                  0,        0.1942872437,         0.1421433902,                    0,          301614.4397,           326965.9961,                     0,           62.80975865,           -152.7605586,                      0,        62.78339333,         152.7020274,                   0,                47.01325821,                 149.4828797,                           0,            -0.0008393531735,             -0.0007661666076,                          nan,                      0.7488167764,                       0.9789187622,                                nan,           300.2025869,            325.4354731,                      0,            17178.34265,             15914.25355,                       0,       1.356623061,      0.9946134973,                 0,                 0,                 0,      0.6524188875,      0.4764334263,       1.613286499,                 0,      0.7331539069
         166,     0.05580564132,      -3.729267742,      -1.297522089,       1.796925428,                         4,      -4.436427849,               3,      -5.602239882,   6.425994211e-09,   3.196030841e-06,      0.3397079608,       3.028870301,       2.825011937,         0.3988420695,         -0.7140216751,                     0,      0.2257446358,      0.6121167258,                 0,       297.0788456,       302.7161967,                 0,       16558.71691,        12356.20601,                  0,        0.1941712847,         0.1421979294,                    0,          301521.7445,           326932.5252,                     0,           62.39314833,           -152.4918496,                      0,        62.36717672,         152.4359642,                   0,                46.79237736,                  149.443172,                           0,            -0.0008323415066,             -0.0007328282737,                          nan,                      0.7502724962,                       0.9803668895,                                nan,           300.1103256,            325.4021589,                      0,             17157.6882,             15912.78058,                       0,       1.349446916,       0.992883939,                 0,                 0,                 0,      0.6492603357,      0.4717730857,       1.607562021,                 0,      0.7357710238
         167,     0.05561844821,      -3.739830585,      -1.303921611,       1.783062918,                         4,       -4.03151023,               3,      -5.211619451,   7.714670187e-09,   3.838566245e-06,      0.4076495529,       3.634644362,       3.390014325,         0.3962877853,          -0.712768096,                     0,      0.2244205139,      0.6113301089,                 0,       297.0525464,       302.7213669,                 0,       16553.20184,         12359.6968,                  0,        0.1941238326,         0.1422357923,                    0,          301459.2751,           326879.3451,                     0,           62.00686138,           -152.1769137,                      0,        61.98182643,          152.124736,                   0,                46.53984839,                 149.3779804,                           0,            -0.0008073264416,             -0.0006856320698,                          nan,                      0.7508628105,                       0.9819440567,                                nan,           300.0481487,            325.3492277,                      0,             17144.8554,             15907.22215,                       0,       1.339846792,      0.9907870418,                 0,                 0,                 0,      0.6450645814,       0.465407137,       1.600076431,                 0,      0.7394778625
         168,     0.05543970059,      -3.759095934,      -1.307611723,       1.758908089,                         5,      -4.507438555,               3,       -4.82839155,   9.260823102e-09,   4.610635708e-06,      0.4891794635,       4.361573234,        4.06801719,         0.3940579306,         -0.7112216957,                     0,      0.2230932898,      0.6103833917,                 0,       297.0530429,       302.7227848,                 0,       16554.61507,        12361.80663,                  0,        0.1941400993,         0.1422594579,                    0,          301424.1109,           326810.2535,                     0,           61.65008553,           -151.8128889,                      0,        61.62645811,         151.7656097,                   0,                46.25249858,                 149.2812754,                           0,            -0.0007663539422,             -0.0006227644144,                          nan,                      0.7505298859,                       0.9836304529,                                nan,           300.0131491,            325.2804595,                      0,            17139.22102,               15897.842,                       0,       1.326943644,      0.9881195249,                 0,                 0,                 0,      0.6394477677,      0.4567595095,       1.590135334,                 0,      0.7446582446
         169,     0.05526342706,      -3.783886564,      -1.309292728,       1.727160911,                         5,      -4.087317104,               3,      -4.449128281,   1.111455246e-08,    5.53820207e-06,      0.5870153562,       5.233887881,       4.881620628,         0.3920864592,         -0.7094090997,                     0,      0.2217522595,      0.6092627784,                 0,       297.0732843,       302.7271253,                 0,       16561.20217,        12363.14832,                  0,         0.194204123,         0.1422728512,                    0,          301408.8187,           326731.5288,                     0,           61.31813433,           -151.4011942,                      0,        61.29623676,           151.35997,                   0,                45.92862246,                 149.1479671,                           0,            -0.0007141006002,             -0.0005444948362,                          nan,                      0.7492894325,                       0.9853858135,                                nan,           299.9979284,            325.2021033,                      0,            17138.90787,             15885.28081,                       0,       1.309775632,       0.984554495,                 0,                 0,                 0,      0.6319828823,      0.4452631781,       1.576895831,                 0,      0.7516970621
         170,     0.05511057193,      -3.805872009,      -1.311354736,       1.696974074,                         6,      -4.400842385,               3,      -4.074275625,   1.334019997e-08,   6.652326192e-06,      0.7044184275,       6.280665457,       5.857944753,         0.3902991062,          -0.707385517,                     0,      0.2203971103,      0.6079700236,                 0,       297.1023366,        302.742186,                 0,       16570.24364,        12364.38527,                  0,         0.194291152,         0.1422799561,                    0,          301402.3054,           326651.8418,                     0,           61.00762855,           -150.9498418,                      0,        60.98763279,         150.9155076,                   0,                45.56986161,                 148.9742923,                           0,            -0.0006554090952,             -0.0004548563004,                          nan,                      0.7471983995,                       0.9871370718,                                nan,           299.9914456,            325.1227893,                      0,            17141.09876,              15870.4505,                       0,       1.287389198,      0.9796545339,                 0,                 0,                 0,      0.6222491593,      0.4304246824,       1.559432123,                 0,      0.7609622139
         171,     0.05498222965,       -3.81549712,      -1.316520106,       1.681224192,                         7,      -4.594902512,               4,      -4.873758334,   1.601289169e-08,   7.990187638e-06,       0.845302113,       7.536798548,       7.029533704,         0.3886836451,         -0.7052332521,                     0,      0.2190632927,      0.6065273307,                 0,       297.1270141,       302.7756095,                 0,       16578.64792,          12366.024,                  0,         0.194373557,         0.1422830247,                    0,          301392.1237,           326581.1993,                     0,           60.72544215,           -150.4751674,                      0,        60.70745015,          150.447888,                   0,                45.18432662,                 148.7578559,                           0,            -0.0005924809765,             -0.0003625441937,                          nan,                      0.7442962356,                       0.9887666613,                                nan,           299.9813116,            325.0524775,                      0,            17142.78033,             15854.31981,                       0,       1.258934778,      0.9729097541,                 0,                 0,                 0,      0.6098906908,      0.4118772043,       1.536823781,                 0,      0.7728039382
         172,     0.05487493353,      -3.812207829,      -1.324202924,       1.683155998,                         7,      -4.140370981,               4,      -4.441586505,   1.922326773e-08,   9.596270468e-06,       1.014362536,       9.044158258,       8.435440445,         0.3873659519,         -0.7030386727,                     0,      0.2178514177,      0.6049755068,                 0,       297.1343423,       302.8322111,                 0,        16583.6879,        12368.08352,                  0,        0.1944278623,         0.1422800211,                    0,          301367.7096,           326527.8729,                     0,           60.49842486,           -149.9993354,                      0,        60.48254686,         149.9783914,                   0,                44.79103642,                 148.4980489,                           0,            -0.0005248371037,             -0.0002792341417,                          nan,                      0.7405613478,                       0.9901296276,                                nan,           299.9570118,            324.9994007,                      0,            17141.65128,             15837.45464,                       0,        1.22373895,      0.9637876555,                 0,                 0,                 0,      0.5946687569,      0.3894077428,        1.50823913,                 0,      0.7875761863
         173,      0.0547664592,      -3.804572725,      -1.330186267,       1.693181863,                         8,      -4.198337866,               4,      -4.052115021,   2.308083493e-08,   1.152365982e-05,       1.217235043,       10.85298991,       10.12252853,         0.3866462017,          -0.700842421,                     0,      0.2169466586,      0.6033594936,                 0,       297.1143739,       302.9113316,                 0,       16583.56062,        12369.80935,                  0,        0.1944394459,         0.1422625725,                    0,          301323.7131,           326494.4525,                     0,           60.37799356,           -149.5411275,                      0,        60.36427276,         149.5250387,                   0,                44.42536414,                 148.1971348,                           0,            -0.0004544452928,             -0.0002151644751,                          nan,                      0.7359545988,                       0.9911191875,                                nan,           299.9132213,            324.9661367,                      0,            17136.79375,             15819.46575,                       0,       1.181314011,      0.9517256646,                 0,                 0,                 0,      0.5764754693,      0.3629692557,       1.472935115,                 0,      0.8056500265
         174,     0.05469475257,      -3.797454672,      -1.330311624,       1.704690492,                         9,      -4.191982486,               5,       -4.60299159,   2.771796654e-08,   1.383546019e-05,       1.460682051,       13.02358789,       12.14703424,         0.3869543995,         -0.6985994968,                     0,      0.2166104805,       0.601702707,                 0,       297.0621425,       303.0084987,                 0,       16577.49766,        12369.92504,                  0,        0.1944025352,         0.1422180891,                    0,          301261.7797,           326477.7849,                     0,           60.43376074,           -149.1045158,                      0,        60.42188703,         149.0914585,                   0,                44.14310923,                 147.8602343,                           0,            -0.0003929107988,             -0.0001751360637,                          nan,                        0.73058144,                       0.9917418198,                                nan,           299.8515777,            324.9495471,                      0,            17128.74476,             15799.01917,                       0,       1.131349078,      0.9360896815,                 0,                 0,                 0,      0.5553230181,      0.3326987003,       1.430218935,                 0,      0.8274101248
         175,     0.05460124034,      -3.787080095,      -1.325325717,       1.720584143,                        10,        -4.1442121,               5,      -4.161074882,   3.329453277e-08,   1.660649482e-05,       1.752818461,       15.62830547,       14.57644109,         0.3887376637,         -0.6962116935,                     0,       0.217140329,      0.5999863972,                 0,       296.9770461,       303.1226904,                 0,       16565.35507,        12367.70182,                  0,        0.1943157965,         0.1421386708,                    0,          301188.9876,           326475.3605,                     0,           60.73738965,           -148.6763257,                      0,        60.72644316,         148.6645146,                   0,                 44.0191609,                 147.4913293,                           0,            -0.0003604208566,             -0.0001588771764,                          nan,                      0.7248763243,                       0.9921085045,                                nan,           299.7791264,            324.9471341,                      0,            17118.88382,             15774.96003,                       0,       1.073555159,       0.916092906,                 0,                 0,                 0,      0.5312475232,      0.2988429846,       1.379289586,                 0,      0.8533263506
         176,     0.05452560734,      -3.767854474,      -1.318366826,        1.74507094,                        10,      -3.736437099,               6,      -4.491000354,   4.000326865e-08,   1.992538896e-05,       2.103382154,       18.75396656,       17.49106584,         0.3923620704,         -0.6936339251,                     0,      0.2188234954,      0.5981588421,                 0,       296.8589224,       303.2617963,                 0,       16546.89255,        12364.01164,                  0,        0.1941764529,         0.1420306663,                    0,          301112.8759,           326491.9166,                     0,           61.34820766,           -148.2396615,                      0,        61.33690865,         148.2274474,                   0,                44.14025531,                 147.0868378,                           0,            -0.0003683228702,             -0.0001647826592,                          nan,                      0.7196361258,                       0.9923050039,                                nan,            299.703371,            324.9636127,                      0,            17108.48926,             15747.77497,                       0,       1.007359688,      0.8906951066,                 0,                 0,                 0,       0.504068921,      0.2615770145,       1.318972623,                 0,      0.8841877608
         177,     0.05447205674,      -3.735142107,      -1.310936837,       1.782892221,                        10,      -3.380161439,               6,      -4.066912921,   4.807586852e-08,   2.389671607e-05,       2.524058585,       22.50475988,       20.98791418,         0.3980970393,         -0.6909420259,                     0,      0.2219227604,      0.5961760011,                 0,       296.7046973,       303.4347727,                 0,       16521.40167,        12360.77585,                  0,        0.1939780975,         0.1419120043,                    0,          301037.9342,           326533.9446,                     0,           62.31050605,           -147.7916653,                      0,        62.29805229,         147.7774876,                   0,                44.60019276,                 146.6332223,                           0,            -0.0003996925477,             -0.0001918502877,                          nan,                      0.7159163268,                       0.9922568357,                                nan,             299.62878,             325.005444,                      0,            17098.32898,             15719.38487,                       0,      0.9314161786,      0.8586538994,                 0,                 0,                 0,      0.4728873205,      0.2205825668,       1.247463806,                 0,      0.9218799492
         178,     0.05439655196,      -3.693176021,      -1.301812038,        1.83002684,                        10,      -3.070691986,               7,      -4.317675271,   5.778943801e-08,   2.866504688e-05,       3.028870301,       27.00571185,       25.18311614,         0.4061284959,          -0.688216002,                     0,      0.2266841724,      0.5940216362,                 0,        296.510589,       303.6328552,                 0,       16488.19915,        12358.60117,                  0,        0.1937150048,         0.1417938257,                    0,          300968.3954,           326590.9002,                     0,           63.65522988,           -147.3376748,                      0,        63.64180908,         147.3200429,                   0,                45.50178205,                  146.112859,                           0,            -0.0004216273093,             -0.0002393247818,                          nan,                       0.714966823,                       0.9918057045,                                nan,           299.5595667,             325.062133,                      0,            17089.27623,             15690.38191,                       0,      0.8428417194,      0.8187711693,                 0,                 0,                 0,      0.4351347124,      0.1742924053,       1.162063057,                 0,      0.9714411976
         179,     0.05431783167,      -3.645243198,      -1.289453544,       1.884128137,                        10,      -2.814476238,               8,      -4.494152806,   6.946938949e-08,   3.441030391e-05,      0.3028870301,       2.700571185,       2.518311614,         0.4165092345,         -0.6852541574,                     0,      0.2333045502,      0.5916337775,                 0,       296.2763068,       303.8231694,                 0,       16447.27459,        12355.12017,                  0,        0.1933869977,         0.1416644633,                    0,          300912.0714,           326623.0323,                     0,           65.39278255,           -146.8465102,                      0,        65.37904515,         146.8239347,                   0,                46.94627488,                  145.509632,                           0,            -0.0004201063244,             -0.0003074472436,                          nan,                      0.7180630242,                       0.9910484438,                                nan,           299.5035064,            325.0941147,                      0,            17082.89576,             15657.04655,                       0,      0.7359926026,      0.7705457585,                 0,                 0,                 0,      0.3853214454,      0.1185208059,       1.058951697,                 0,       1.046947695
         180,     0.05415335746,      -3.602074803,       -1.26998229,       1.932804724,                         4,      -4.569162782,               3,      -5.507794818,   6.930897552e-09,   3.441545375e-06,      0.3634644362,       3.240685422,       3.021973936,         0.4197468418,         -0.6847401764,                     0,      0.2350947676,      0.5912482949,                 0,       296.3511027,       303.8249582,                 0,        16463.9114,        12356.16766,                  0,        0.1935337667,          0.141675684,                    0,          301037.9112,           326597.0934,                     0,           65.84871392,           -146.7255385,                      0,        65.83605201,         146.7028855,                   0,                47.38878963,                 145.4410742,                           0,            -0.0003845387012,              -0.000308757893,                          nan,                      0.7197999908,                       0.9913988655,                                nan,           299.6287572,            325.0682972,                      0,            17110.09589,             15653.68384,                       0,       0.729278353,      0.7672095671,                 0,                 0,                 0,       0.382098254,      0.1152014918,       1.052229087,                 0,       1.052011984
         181,     0.05399127637,       -3.60042286,      -1.281949312,       1.934678065,                         4,      -4.204465287,               3,      -5.133786293,   8.312326983e-09,   4.129856633e-06,      0.4361573234,       3.888822507,       3.626368724,         0.4226398435,         -0.6840260272,                     0,      0.2369248671,      0.5907449474,                 0,       296.3844833,       303.8266989,                 0,       16470.71752,        12356.32864,                  0,        0.1935919674,         0.1416767301,                    0,          301123.1701,           326562.5823,                     0,           66.27941978,           -146.5718938,                      0,        66.26825155,         146.5492711,                   0,                47.88057529,                 145.3469291,                           0,            -0.0003369761726,             -0.0003086679022,                          nan,                      0.7225266123,                       0.9917956467,                                nan,            299.713617,            325.0339477,                      0,             17127.3903,             15647.77316,                       0,      0.7204984799,      0.7631221679,                 0,                 0,                 0,      0.3778652632,       0.110694252,       1.043657168,                 0,       1.059158609
         182,     0.05384380219,      -3.605978932,      -1.284789247,       1.929004762,                         5,      -4.679382151,               3,      -4.764293361,   9.967978087e-09,   4.955673949e-06,      0.5233887881,       4.666587008,       4.351642468,         0.4253185222,         -0.6830708315,                     0,      0.2388586292,      0.5900936695,                 0,       296.3763355,       303.8292995,                 0,       16467.84845,        12355.72333,                  0,        0.1935635674,         0.1416685674,                    0,          301169.5332,           326518.3392,                     0,           66.70532547,           -146.3758619,                      0,          66.696033,         146.3532774,                   0,                48.43019701,                  145.222476,                           0,            -0.0002785929961,             -0.0003085583493,                          nan,                      0.7261330971,                        0.992273481,                                nan,            299.759763,            324.9899117,                      0,            17135.28538,             15639.11457,                       0,      0.7089009332,      0.7580258797,                 0,                 0,                 0,      0.3722279265,      0.1045570027,       1.032575228,                 0,       1.069297336
         183,      0.0537127375,      -3.625650686,      -1.276408108,       1.907057699,                         5,      -4.230539221,               3,      -4.401801543,   1.195158584e-08,   5.946427058e-06,      0.6280665457,        5.59990441,       5.221970962,         0.4280174555,         -0.6818288594,                     0,      0.2409925972,      0.5892642311,                 0,       296.3314378,       303.8333488,                 0,        16456.8535,        12354.56475,                  0,        0.1934636459,         0.1416533778,                    0,          301184.6678,           326462.8805,                     0,           67.15890271,           -146.1256888,                      0,        67.15169299,         146.1029129,                   0,                49.04973502,                 145.0647205,                           0,            -0.0002146947314,             -0.0003117053403,                          nan,                      0.7304318452,                       0.9928941022,                                nan,           299.7748268,            324.9347126,                      0,            17135.94003,             15627.63097,                       0,      0.6935985073,      0.7515665082,                 0,                 0,                 0,      0.3646914429,     0.09629863297,       1.018163876,                 0,       1.083575729
         184,     0.05360772054,      -3.663387472,      -1.260233524,       1.861941916,                         6,      -4.446346923,               3,      -4.051708563,   1.432672869e-08,   7.135020649e-06,      0.7536798548,       6.719885292,       6.266365154,          0.431023727,         -0.6802555753,                     0,      0.2434400418,      0.5882305951,                 0,        296.258866,       303.8399109,                 0,       16440.30975,        12353.19233,                  0,        0.1933165123,         0.1416345702,                    0,           301181.224,           326395.5672,                     0,           67.67776921,           -145.8088523,                      0,        67.67259804,         145.7853184,                   0,                49.75491203,                 144.8736354,                           0,            -0.0001528114925,             -0.0003227788367,                          nan,                      0.7352298193,                       0.9937464007,                                nan,           299.7713992,            324.8677143,                      0,            17132.70814,             15613.46193,                       0,      0.6735980564,         0.7433088,                 0,                 0,                 0,      0.3546622172,     0.08539288005,      0.9994750471,                 0,        1.10349012
         185,     0.05350262419,      -3.713371487,      -1.247559343,       1.797558176,                         7,      -4.545275764,               4,      -4.887328701,   1.716794818e-08,   8.560889865e-06,      0.9044158258,        8.06386235,       7.519638185,         0.4345897545,         -0.6783344511,                     0,       0.246304182,      0.5869791521,                 0,       296.1693796,       303.8521347,                 0,       16420.92831,        12352.17168,                  0,        0.1931469581,         0.1416171679,                    0,          301173.4578,           326318.9113,                     0,           68.29396012,           -145.4171586,                      0,        68.29049846,         145.3920381,                   0,                50.56371695,                 144.6518996,                           0,            -0.0001013727637,             -0.0003454657322,                          nan,                      0.7404209677,                         0.99490936,                                nan,           299.7636693,            324.7914173,                      0,            17129.06642,             15597.18422,                       0,      0.6478121475,      0.7327882575,                 0,                 0,                 0,      0.3414389747,     0.07125620002,      0.9754802728,                 0,       1.131173999
         186,     0.05341095775,      -3.749749757,      -1.253374711,       1.749067195,                         7,      -4.027657313,               4,      -4.480296486,   2.056132305e-08,   1.027123067e-05,       1.085298991,        9.67663482,       9.023565822,         0.4388487348,         -0.6761079249,                     0,      0.2496484228,      0.5855158917,                 0,       296.0718511,       303.8751919,                 0,       16400.57527,        12352.19687,                  0,        0.1929711048,         0.1416067188,                    0,          301172.7417,           326238.9912,                     0,           69.02379345,           -144.9540011,                      0,        69.02140311,         144.9265689,                   0,                51.49215621,                 144.4012215,                           0,            -6.926009031e-05,             -0.0003784596597,                          nan,                      0.7460317219,                       0.9963750784,                                nan,           299.7629566,            324.7118713,                      0,            17127.42395,             15579.76518,                       0,       0.615024235,      0.7195843061,                 0,                 0,                 0,      0.3241717024,     0.05317572649,       0.945107785,                 0,       1.170009676
         187,     0.05330159149,      -3.742716854,      -1.280222421,       1.763536172,                         8,       -4.15385921,               4,      -4.095214002,   2.460360966e-08,   1.232247978e-05,       1.302358789,       11.61196178,       10.82827899,         0.4437920847,         -0.6736557333,                     0,      0.2534799267,      0.5838573507,                 0,       295.9700185,       303.9110945,                 0,       16379.70004,        12353.43052,                  0,        0.1927917876,         0.1416041483,                    0,          301183.7042,           326159.2052,                     0,           69.86577483,           -144.4345344,                      0,        69.86357649,         144.4047444,                   0,                52.54678582,                 144.1154688,                           0,            -6.292944189e-05,             -0.0004124637225,                          nan,                      0.7521342086,                       0.9979967727,                                nan,           299.7738677,            324.6324588,                      0,            17128.41266,             15561.61274,                       0,      0.5737535986,      0.7033876435,                 0,                 0,                 0,      0.3017616185,      0.0301610194,      0.9072142425,                 0,       1.225940273
         188,     0.05322242116,      -3.710704701,      -1.314939192,        1.80864308,                         9,      -4.187436827,               5,      -4.609223338,    2.93988063e-08,   1.478204075e-05,       1.562830547,       13.93435414,       12.99393478,         0.4493517417,         -0.6709774549,                     0,      0.2577642558,      0.5819950918,                 0,       295.8598914,       303.9516961,                 0,       16357.32874,        12354.62232,                  0,        0.1926001314,         0.1415989233,                    0,          301201.8871,           326070.2494,                     0,           70.81263886,           -143.8678758,                      0,        70.80982165,         143.8365904,                   0,                53.71631619,                 143.7778796,                           0,            -7.956648063e-05,             -0.0004348709153,                          nan,                       0.758599795,                       0.9995918227,                                nan,           299.7919655,            324.5439193,                      0,            17130.93337,             15541.05225,                       0,      0.5220414863,       0.684029719,                 0,                 0,                 0,      0.2727230525,    0.000756083123,      0.8604785867,                 0,       1.310297624
         189,     0.05314532368,      -3.693735856,      -1.332920542,       1.828491215,                        10,      -4.128361245,               5,      -4.173711092,   3.505130075e-08,   1.773005663e-05,       1.875396656,       16.72122497,        15.5925809,          0.455574207,         -0.6678376918,                     0,      0.2624836043,      0.5798494019,                 0,        295.728337,       303.9801914,                 0,        16331.3425,        12353.23397,                  0,         0.192379695,         0.1415698104,                    0,          301213.9767,           325948.5657,                     0,           71.87731287,            -143.224779,                      0,        71.87356382,         143.1929378,                   0,                54.97024748,                 143.3710093,                           0,            -0.0001043155408,             -0.0004445829815,                          nan,                      0.7648187256,                        1.001243577,                                nan,           299.8039985,            324.4228053,                      0,            17132.77105,             15513.97992,                       0,       0.457153961,      0.6614368654,                 0,                 0,                 0,       0.235029403,    -0.03716921526,      0.8031854832,                 0,       1.446857999
         190,     0.05306272618,      -3.702784154,      -1.326254962,       1.814747472,                        10,      -3.656140468,               6,      -4.479570311,   4.165873632e-08,   2.126121961e-05,       2.250475988,       20.06546996,       18.70915342,         0.4627838963,         -0.6637285261,                     0,      0.2677247976,      0.5772456732,                 0,       295.5552096,       303.9870163,                 0,       16298.92046,        12347.26567,                  0,        0.1921102353,         0.1414983907,                    0,          301202.8157,           325771.8999,                     0,           73.11860193,           -142.4169577,                      0,        73.11411853,         142.3840804,                   0,                56.27594183,                  142.892349,                           0,            -0.0001226299574,             -0.0004616521821,                          nan,                      0.7697000657,                        1.003569701,                                nan,           299.7928898,            324.2469664,                      0,            17131.61827,             15475.93047,                       0,      0.3751367383,      0.6354561685,                 0,                 0,                 0,      0.1859056113,    -0.08666773996,      0.7328170422,                 0,       1.693932115
         191,     0.05298339323,      -3.721332453,      -1.314406328,       1.790784146,                        10,      -3.205513567,               6,      -4.036708255,   4.930312183e-08,   2.548734964e-05,       2.700571185,       24.07856396,       22.44796213,         0.4715723802,          -0.658059813,                     0,      0.2737363845,      0.5739303206,                 0,       295.3218962,        303.989535,                 0,       16257.42377,        12337.49767,                  0,        0.1917724969,         0.1413854911,                    0,          301158.3659,            325541.645,                     0,           74.63985238,           -141.3196573,                      0,        74.63460485,         141.2832452,                   0,                57.63445068,                 142.3480707,                           0,            -0.0001406043567,              -0.000515249629,                          nan,                      0.7722215559,                        1.007536814,                                nan,            299.748648,            324.0177894,                      0,            17126.44778,             15425.09245,                       0,      0.2702195805,      0.6054145673,                 0,                 0,                 0,      0.1215121787,     -0.1519216949,      0.6453411645,                 0,       2.240454101
         192,     0.05291139275,      -3.725573777,      -1.310100972,       1.786443095,                        10,      -2.811372546,               7,      -4.249128636,   5.813362846e-08,   3.051939937e-05,      0.2700571185,       2.407856396,       2.244796213,         0.4825460338,         -0.6504734317,                     0,      0.2808753847,      0.5696042459,                 0,       295.0210429,       304.0348802,                 0,          16205.38,        12327.63694,                  0,        0.1913534823,         0.1412515737,                    0,          301086.5866,           325288.3109,                     0,           76.54777777,           -139.8358811,                      0,        76.54067881,         139.7924958,                   0,                 59.1053181,                 141.7068433,                           0,            -0.0001854693725,             -0.0006204209541,                          nan,                      0.7722079164,                        1.013694208,                                nan,           299.6772047,            323.7656411,                      0,            17118.33964,             15362.87528,                       0,      0.1359062039,      0.5693756399,                 0,                 0,                 0,      0.0375853885,      -0.236925252,      0.5352808053,                 0,       4.189474971
         193,     0.05275901134,      -3.713057153,      -1.311700154,       1.803291587,                         4,      -4.618507013,               3,      -5.678580527,   5.708643911e-09,   3.041510595e-06,      0.3240685422,       2.889427675,       2.693755455,         0.4856858362,         -0.6488376984,                     0,      0.2822132663,      0.5686655185,                 0,       295.0917125,        304.092812,                 0,       16220.65884,        12333.31258,                  0,        0.1914880653,         0.1412896504,                    0,          301203.3396,            325285.049,                     0,           76.99117875,           -139.4496354,                      0,         76.9841699,         139.4048484,                   0,                59.30377683,                 141.6526613,                           0,            -0.0001820605804,             -0.0006422358773,                          nan,                      0.7703372903,                        1.016124352,                                nan,           299.7934112,            323.7623945,                      0,            17143.37508,             15359.15895,                       0,      0.1270008055,      0.5671772111,                 0,                 0,                 0,      0.0320691526,      -0.242677038,      0.5281354454,                 0,       4.465933967
         194,        0.05261074,      -3.725473284,      -1.314885055,       1.788159036,                         4,      -4.210099891,               3,      -5.289345279,   6.837763509e-09,   3.651005484e-06,      0.3888822507,        3.46731321,       3.232506547,         0.4885061822,         -0.6467094145,                     0,      0.2835719714,      0.5675012578,                 0,       295.1242263,       304.1475556,                 0,       16227.07383,        12336.84526,                  0,        0.1915427113,         0.1413046402,                    0,          301282.0408,           325262.7985,                     0,            77.4149892,           -138.9803293,                      0,        77.40844546,         138.9342667,                   0,                59.52944992,                 141.5677006,                           0,              -0.00016904893,             -0.0006627561749,                          nan,                      0.7690304277,                        1.018954532,                                nan,            299.871744,            323.7402481,                      0,            17159.22955,             15350.19823,                       0,      0.1155226937,      0.5643379832,                 0,                 0,                 0,     0.02493919199,     -0.2500870324,      0.5189213123,                 0,       4.885083311
         195,     0.05247544592,      -3.746623217,      -1.314547124,       1.762775102,                         5,      -4.693021727,               3,      -4.908608347,   8.188195775e-09,   4.381030337e-06,      0.4666587008,       4.160775851,       3.879007856,         0.4911001336,         -0.6440468495,                     0,       0.285002604,      0.5660643207,                 0,         295.11585,       304.2064687,                 0,       16224.15583,        12338.87679,                  0,        0.1915137115,         0.1413004946,                    0,          301321.6293,           325226.2473,                     0,           77.83627412,           -138.4148233,                      0,        77.83044043,         138.3676641,                   0,                59.78811183,                 141.4449271,                           0,             -0.000149890886,             -0.0006813027333,                          nan,                      0.7681841642,                        1.022239756,                                nan,           299.9111472,             323.703868,                      0,            17165.74087,             15336.27639,                       0,      0.1005458218,      0.5605882099,                 0,                 0,                 0,     0.01560068814,     -0.2597284177,      0.5068626564,                 0,       5.575450075
         196,     0.05233825178,      -3.774170375,      -1.312078663,       1.729235948,                         5,      -4.235972779,               3,      -4.540396734,   9.802886933e-09,   5.256609823e-06,       0.559990441,       4.992931022,       4.654809427,         0.4936783437,         -0.6408606192,                     0,      0.2865925698,      0.5643257284,                 0,       295.0676852,       304.2789511,                 0,       16212.61478,         12340.5017,                  0,        0.1914087177,         0.1412854063,                    0,          301326.2383,           325183.5744,                     0,           78.28630557,           -137.7472825,                      0,        78.28119683,         137.6991333,                   0,                 60.0884318,                 141.2797506,                           0,            -0.0001305098221,             -0.0006989731451,                          nan,                      0.7675972549,                        1.026003194,                                nan,           299.9157346,            323.6613948,                      0,            17164.24903,             15318.46105,                       0,     0.08096503091,      0.5556075041,                 0,                 0,                 0,    0.003338283858,     -0.2722861676,      0.4910349048,                 0,       6.862314481
         197,     0.05221182576,      -3.800540056,      -1.313002059,       1.695900668,                         6,      -4.500710121,               3,      -4.188474099,   1.173319849e-08,    6.30652093e-06,      0.6719885292,       5.991517226,       5.585771312,          0.496544321,         -0.6372140788,                     0,      0.2884592197,      0.5622873349,                 0,       294.9848187,       304.3735436,                 0,       16194.21839,        12342.88307,                  0,        0.1912452291,         0.1412687463,                    0,          301305.1709,           325144.2213,                     0,           78.80711437,           -136.9825717,                      0,        78.80249256,         136.9332191,                   0,                60.44299572,                 141.0714884,                           0,            -0.0001172906976,             -0.0007204378878,                          nan,                       0.767018831,                        1.030221077,                                nan,           299.8947658,             323.622226,                      0,            17157.43352,             15298.26843,                       0,     0.05554125083,      0.5490315557,                 0,                 0,                 0,    -0.01265511368,      -0.288525162,      0.4703973965,                 0,       9.885113271
         198,     0.05209173317,      -3.815468857,      -1.321166439,       1.675563182,                         6,      -4.027129187,               4,       -5.11688537,   1.404080152e-08,   7.565158569e-06,       0.806386235,       7.189820671,       6.702925575,         0.5000261535,         -0.6332059623,                     0,      0.2907320182,      0.5599847012,                 0,       294.8747243,       304.4946092,                 0,       16171.16211,        12346.70018,                  0,        0.1910442355,         0.1412562661,                    0,          301270.7044,           325115.5194,                     0,           79.44309977,           -136.1375424,                      0,        79.43854764,         136.0860382,                   0,                60.86883635,                 140.8220321,                           0,            -0.0001145978294,             -0.0007565067494,                          nan,                      0.7662380313,                        1.034801468,                                nan,           299.8604606,            323.5936584,                      0,            17148.53474,               15277.003,                       0,     0.02295444964,      0.5404484668,                 0,                 0,                 0,    -0.03324387458,     -0.3092458459,      0.4438225534,                 0,       23.54438792
         199,      0.0519825285,      -3.816700788,       -1.33583724,       1.672397184,                         7,      -4.186546927,               4,      -4.709981422,   1.680028337e-08,   9.073685933e-06,       0.967663482,       8.627784806,        8.04351069,         0.5043859059,         -0.6289287846,                     0,      0.2935272137,      0.5574650397,                 0,       294.7446891,       304.6391978,                 0,       16145.19437,        12351.53592,                  0,        0.1908215897,         0.1412445558,                    0,          301234.6326,           325097.7726,                     0,           80.23005597,           -135.2372535,                      0,        80.22512821,         135.1815918,                   0,                61.38679437,                 140.5277602,                           0,            -0.0001228369409,              -0.000823001461,                          nan,                        0.76518163,                        1.039548051,                                nan,           299.8245577,            323.5759947,                      0,            17140.26253,             15254.73374,                       0,    -0.01815451704,      0.5293737838,                 0,                 0,                 0,    -0.05932263641,     -0.3352358093,      0.4101013798,                 0,       -29.1593427
         200,     0.05189975672,      -3.814494587,      -1.351079596,       1.674947408,                         8,       -4.25395714,               4,      -4.329092421,   2.010291177e-08,   1.088149598e-05,       1.161196178,       10.35334177,       9.652212828,         0.5097508122,         -0.6243760422,                     0,      0.2969253656,      0.5547161424,                 0,       294.5991909,       304.7944712,                 0,       16116.97493,        12355.34738,                  0,        0.1905821262,         0.1412162346,                    0,          301204.8293,           325076.5825,                     0,           81.18669522,           -134.2977645,                      0,        81.18108039,         134.2355457,                   0,                62.01912593,                 140.1614484,                           0,            -0.0001383143769,              -0.000926365078,                          nan,                       0.763960342,                        1.044145555,                                nan,           299.7948939,            323.5549038,                      0,             17133.9639,             15228.82412,                       0,    -0.06907171623,      0.5152080676,                 0,                 0,                 0,    -0.09174722271,     -0.3671548312,       0.367977696,                 0,      -7.459030928
         201,     0.05838372277,      -3.818265982,      -1.360395958,       1.672279954,                         9,      -4.239702895,               5,      -4.927281304,   2.406217012e-08,   1.304794784e-05,       1.393435414,       12.42401012,       11.58265539,         0.5161078962,         -0.6192929182,                     0,      0.3009617785,      0.5515495773,                 0,        294.438673,       304.9403261,                 0,       16086.06706,        12354.64313,                  0,        0.1903203289,         0.1411407639,                    0,          301183.6481,           325017.7804,                     0,           82.31381905,           -133.2898733,                      0,        82.30740835,         133.2206024,                   0,                62.78467216,                 139.6525977,                           0,             -0.000155756188,              -0.001039132325,                          nan,                      0.7628070597,                        1.048280786,                                nan,           299.7738119,            323.4963769,                      0,            17129.54148,             15192.87884,                       0,     -0.1306417641,      0.4971724162,                 0,                 0,                 0,      -0.131103409,      -0.405202776,      0.3163200788,                 0,      -3.805616216
         202,     0.05830745369,      -3.828693726,      -1.364888781,        1.66352927,                        10,      -4.182402806,               5,      -4.513279839,    2.88216713e-08,   1.564417583e-05,       1.672122497,       14.90881214,       13.89918647,         0.5233813295,         -0.6130821894,                     0,        0.30564176,       0.547516921,                 0,       294.2586537,       305.0678265,                 0,        16051.3208,        12346.57436,                  0,        0.1900253981,         0.1409897462,                    0,          301167.5173,           324881.9478,                     0,           83.60496482,            -132.103352,                      0,         83.5977653,          132.030592,                   0,                63.69307515,                 138.8885138,                           0,            -0.0001722196166,              -0.001101258205,                          nan,                      0.7618992556,                        1.051941915,                                nan,           299.7577566,            323.3611802,                      0,            17125.95597,             15138.55463,                       0,     -0.2024497891,      0.4742404738,                 0,                 0,                 0,      -0.177181839,     -0.4484276645,      0.2545634966,                 0,      -2.342509102
         203,     0.05821747304,      -3.842336057,      -1.369999728,       1.651871937,                        10,      -3.710843433,               5,      -4.113652139,   3.454524861e-08,   1.875479336e-05,       2.006546996,       17.89057457,       16.67830043,         0.5315706344,          -0.604984679,                     0,       0.310988905,       0.541987553,                 0,       294.0483775,       305.2102468,                 0,       16011.10132,        12332.63251,                  0,        0.1896847779,         0.1407648557,                    0,          301147.2811,           324663.7702,                     0,           85.06729445,           -130.5641898,                      0,        85.05925372,         130.4944548,                   0,                64.74422016,                  137.746261,                           0,            -0.0001890352074,              -0.001067925269,                          nan,                      0.7611660969,                        1.055571758,                                nan,            299.737615,            323.1440239,                      0,            17121.80772,             15061.22677,                       0,     -0.2815312862,       0.445107976,                 0,                 0,                 0,     -0.2281364473,     -0.4936809425,      0.1834668973,                 0,      -1.581024909
         204,     0.05814166732,      -3.855896906,      -1.378002349,       1.640357704,                        10,      -3.280086342,               6,      -4.434248019,    4.14781241e-08,   2.247954119e-05,       2.407856396,       21.46868949,       20.01045336,         0.5408718783,         -0.5945828644,                     0,      0.3171164148,       0.534402314,                 0,       293.7914756,       305.4538648,                 0,       15963.33135,        12320.08966,                  0,        0.1892841679,         0.1405094883,                    0,          301111.5934,           324421.3519,                     0,           86.74135672,            -128.538993,                      0,        86.73216998,         128.4778285,                   0,                65.94285635,                 136.1178875,                           0,            -0.0002118079457,             -0.0009514608968,                          nan,                      0.7603044679,                        1.059465973,                                nan,           299.7020945,            322.9027403,                      0,            17115.91815,             14964.66329,                       0,     -0.3608253142,      0.4083040119,                 0,                 0,                 0,     -0.2794440492,     -0.5344544636,      0.1061390586,                 0,      -1.131583611
         205,     0.05807409466,       -3.86876305,      -1.388774923,       1.630081758,                        10,      -2.896798568,               6,      -4.004984325,   4.991811222e-08,   2.693534808e-05,      0.2407856396,       2.146868949,       2.001045336,         0.5516624355,         -0.5822530389,                     0,      0.3242647049,      0.5244954431,                 0,        293.472191,       305.8958443,                 0,       15905.92852,        12317.17938,                  0,         0.188808626,         0.1402732202,                    0,          301055.0604,           324245.9012,                     0,           88.69877475,           -126.0683814,                      0,         88.6876831,         126.0171846,                   0,                67.32455633,                 133.8725841,                           0,            -0.0002500812663,             -0.0008120422313,                          nan,                      0.7591195753,                        1.062335939,                                nan,           299.6458261,            322.7281108,                      0,            17108.14204,             14857.36346,                       0,      -0.425476756,      0.3628095882,                 0,                 0,                 0,     -0.3216496652,     -0.5583138781,     0.03077142726,                 0,     -0.8527130637
         206,     0.05791978213,      -3.881015916,       -1.40097762,       1.621310934,                         4,      -4.700930441,               2,      -4.039359092,   5.017731838e-09,   2.688295456e-06,      0.2889427675,       2.576242738,       2.401254403,         0.5544787433,         -0.5801893149,                     0,      0.3256083788,      0.5231435404,                 0,       293.5242184,       305.9812662,                 0,       15917.14266,        12327.03981,                  0,        0.1889083112,           0.14034644,                    0,          301159.8771,           324249.3076,                     0,           89.10350408,           -125.5589488,                      0,         89.0926835,         125.5060844,                   0,                  67.571179,                 133.7359025,                           0,             -0.000242861838,             -0.0008418871466,                          nan,                      0.7584369035,                         1.06557306,                                nan,           299.7501522,            322.7315014,                      0,            17130.45237,              14855.2953,                       0,     -0.4293443104,      0.3603302849,                 0,                 0,                 0,      -0.324068345,      -0.559887986,     0.02645551419,                 0,     -0.8392571561
         207,     0.05776255288,      -3.887703176,       -1.40788232,       1.612064368,                         4,      -4.286680487,               3,      -5.633543616,   6.030013552e-09,   3.225067528e-06,       0.346731321,       3.091491286,       2.881505283,         0.5570844126,          -0.577549167,                     0,      0.3270125826,      0.5214493408,                 0,       293.5444463,       306.0628624,                 0,       15921.22233,        12333.82006,                  0,        0.1889437482,         0.1403863034,                    0,          301234.5848,           324226.8414,                     0,           89.50371049,           -124.9548024,                      0,        89.49355968,         124.9005489,                   0,                67.84850703,                 133.5211618,                           0,            -0.0002268114264,             -0.0008681814804,                          nan,                      0.7581384322,                        1.069019816,                                nan,           299.8245102,            322.7091403,                      0,            17145.59389,             14846.01242,                       0,     -0.4340863404,      0.3569066644,                 0,                 0,                 0,      -0.327055698,     -0.5615854708,     0.02085849973,                 0,     -0.8222020166
         208,     0.05761769139,      -3.897997598,      -1.413278522,       1.598284886,                         5,      -4.829943344,               3,      -5.251489534,   7.247813598e-09,   3.868560898e-06,      0.4160775851,       3.709789543,        3.45780634,         0.5595295299,          -0.574261506,                     0,      0.3285157504,      0.5193201747,                 0,       293.5297083,       306.1496892,                 0,       15917.51347,        12337.95561,                  0,        0.1889092411,         0.1403936224,                    0,          301277.4458,           324182.3554,                     0,           89.91080005,           -124.2384399,                      0,        89.90159912,         124.1836498,                   0,                68.16214916,                 133.2040637,                           0,            -0.0002046575023,              -0.000881820443,                          nan,                      0.7581861705,                        1.072637693,                                nan,           299.8671705,            322.6648625,                      0,            17153.15327,             14829.13337,                       0,     -0.4399598696,      0.3521430867,                 0,                 0,                 0,     -0.3307865044,     -0.5633710347,     0.01350990942,                 0,     -0.8003981979
         209,     0.05747023571,      -3.911761405,      -1.417237599,       1.579847238,                         5,      -4.383850806,               3,      -4.877929592,   8.713285639e-09,    4.63978619e-06,      0.4992931022,       4.451747452,       4.149367608,         0.5619541135,          -0.570298526,                     0,      0.3301836903,      0.5166646384,                 0,       293.4796607,       306.2548461,                 0,       15906.22892,        12340.42168,                  0,        0.1888075176,         0.1403734902,                    0,          301290.7193,           324124.2076,                     0,           90.34681225,           -123.3974292,                      0,        90.33864443,          123.343735,                   0,                68.52002438,                 132.7578258,                           0,            -0.0001808023306,             -0.0008700743781,                          nan,                      0.7584796608,                        1.076324029,                                nan,           299.8803819,             322.606987,                      0,            17153.86932,             14804.97137,                       0,     -0.4472108824,      0.3456188995,                 0,                 0,                 0,     -0.3354247345,     -0.5651854414,    0.003926061832,                 0,     -0.7728320421
         210,     0.05733576303,      -3.926778243,      -1.421471397,       1.558938731,                         6,       -4.71793081,               3,      -4.515608271,   1.047742404e-08,    5.56385609e-06,      0.5991517226,       5.342096943,       4.979241129,          0.564579224,          -0.565695864,                     0,      0.3321068812,      0.5134080201,                 0,       293.3971691,       306.3946078,                 0,       15888.46789,        12342.55345,                  0,         0.188649718,         0.1403336465,                    0,          301280.9857,           324065.3699,                     0,           90.84288997,           -122.4307897,                      0,        90.83561433,         122.3805535,                   0,                68.93301838,                 132.1540507,                           0,            -0.0001601742776,             -0.0008204776736,                          nan,                      0.7588765583,                        1.079861521,                                nan,           299.8706938,            322.5484247,                      0,            17149.64072,              14774.4852,                       0,     -0.4559776426,      0.3369364916,                 0,                 0,                 0,     -0.3410578486,     -0.5668977281,   -0.008293118427,                 0,     -0.7389320442
         211,     0.05721338491,      -3.939173394,      -1.428749219,       1.540010057,                         6,      -4.247156008,               3,      -4.168251883,   1.260197318e-08,   6.670805622e-06,      0.7189820671,       6.410516331,       5.975089355,         0.5676651872,          -0.560588405,                     0,       0.334389578,      0.5095126086,                 0,       293.2873607,       306.5879105,                 0,       15865.84358,        12345.84177,                  0,         0.188451613,         0.1402824034,                    0,          301257.7844,           324024.1782,                     0,           91.43423761,           -121.3599136,                      0,        91.42753582,         121.3154978,                   0,                69.41521439,                 131.3617391,                           0,             -0.000146587288,             -0.0007318351995,                          nan,                      0.7592375073,                        1.082810866,                                nan,           299.8476012,            322.5074258,                      0,            17143.04818,             14739.24292,                       0,     -0.4661363763,      0.3257630508,                 0,                 0,                 0,     -0.3475928784,     -0.5682077558,      -0.023337369,                 0,      -0.698857818
         212,     0.05710847089,      -3.945853805,      -1.440444437,       1.527817279,                         7,      -4.427615072,               4,      -5.062340529,   1.510833428e-08,   7.996591105e-06,      0.8627784806,       7.692619597,       7.170107226,         0.5714475457,         -0.5552546624,                     0,      0.3371332702,      0.5049925825,                 0,       293.1554882,       306.8542724,                 0,       15839.80211,        12351.57701,                  0,        0.1882269179,          0.140225574,                    0,          301230.8095,           324022.9767,                     0,           92.15290787,           -120.2425789,                      0,        92.14639827,         120.2047209,                   0,                69.98338077,                 130.3403947,                           0,            -0.0001412733321,             -0.0006295946164,                          nan,                      0.7594803713,                        1.084320098,                                nan,           299.8207525,            322.5062299,                      0,            17136.49828,             14701.12516,                       0,      -0.477102355,      0.3118469991,                 0,                 0,                 0,     -0.3546221965,     -0.5684979352,    -0.04105247503,                 0,     -0.6536270379
         213,     0.05701637944,      -3.948317146,      -1.454345119,       1.522568455,                         8,      -4.497436552,               4,      -4.647584897,   1.811796646e-08,    9.58431212e-06,       1.035334177,       9.231143517,       8.604128672,         0.5760811864,         -0.5500915355,                     0,      0.3404213834,      0.4998845503,                 0,       293.0043978,       307.2048875,                 0,       15810.96356,        12359.80756,                  0,        0.1879810967,         0.1401587438,                    0,            301206.73,           324076.6452,                     0,           93.02178846,           -119.1741079,                      0,        93.01516625,         119.1403643,                   0,                 70.6553893,                 129.0217286,                           0,            -0.0001423746542,             -0.0005662104702,                          nan,                       0.759611493,                        1.082938846,                                nan,           299.7967858,            322.5596471,                      0,            17131.39578,             14660.73979,                       0,     -0.4876275206,      0.2950198562,                 0,                 0,                 0,      -0.361286038,     -0.5666733718,    -0.06081614922,                 0,     -0.6050106766
         214,      0.0569300614,      -3.951737494,      -1.465433149,       1.519447687,                         8,      -4.025028033,               4,      -4.256921909,   2.173609563e-08,   1.148566581e-05,       1.242401012,       11.07737222,       10.32495441,         0.5816243606,         -0.5454110274,                     0,       0.344312256,      0.4941340479,                 0,       292.8333553,       307.6291055,                 0,       15778.93971,        12367.80162,                  0,        0.1877099221,          0.140055969,                    0,          301187.7141,           324171.2097,                     0,            94.0529545,           -118.2489023,                      0,        94.04607931,           118.21422,                   0,                71.44791705,                 127.2859946,                           0,             -0.000146192781,             -0.0005865126341,                          nan,                       0.759711809,                         1.07674013,                                nan,           299.7778588,             322.653769,                      0,            17127.88891,             14614.46999,                       0,     -0.4957325942,      0.2751985701,                 0,                 0,                 0,      -0.366216025,     -0.5611092736,    -0.08149503722,                 0,     -0.5551351139
         215,     0.05685871065,      -3.959558489,      -1.470676004,        1.51454449,                         9,      -4.014011796,               5,      -4.790870253,   2.609180353e-08,   1.376257779e-05,       1.490881214,       13.29284666,       12.38931827,         0.5880684915,         -0.5411149193,                     0,      0.3488405701,      0.4874438276,                 0,       292.6388221,        308.097518,                 0,       15742.74379,        12370.37446,                  0,        0.1874038097,         0.1398720869,                    0,          301172.2781,           324258.4358,                     0,           95.25079061,           -117.4833229,                      0,        95.24364107,         117.4426734,                   0,                72.37321562,                 124.9596177,                           0,            -0.0001501147424,             -0.0006918848263,                          nan,                      0.7598745156,                        1.064005222,                                nan,           299.7624951,            322.7405869,                      0,            17125.31798,             14553.57659,                       0,     -0.4987449443,      0.2524217989,                 0,                 0,                 0,     -0.3675334736,      -0.549703059,     -0.1014388039,                 0,     -0.5061140004
         216,     0.05680277097,       -3.97042054,      -1.471872543,       1.508591898,                        10,      -3.958379635,               5,      -4.372467976,   3.134304939e-08,   1.648891281e-05,       1.789057457,         15.951416,       14.86527811,         0.5953942131,         -0.5365880539,                     0,       0.354026685,      0.4792435329,                 0,       292.4157362,       308.5987197,                 0,       15701.37279,        12364.21841,                  0,        0.1870538971,         0.1395752087,                    0,          301156.9743,           324294.2607,                     0,           96.61835985,           -116.7660091,                      0,        96.61087498,         116.7161827,                   0,                73.43629071,                 121.8555961,                           0,            -0.0001549307376,             -0.0008532583801,                          nan,                      0.7601244759,                        1.044033427,                                nan,           299.7472629,            322.7762441,                      0,            17122.91675,             14469.39261,                       0,     -0.4929540907,      0.2269781217,                 0,                 0,                 0,     -0.3626811859,     -0.5296780153,     -0.1181693843,                 0,     -0.4604447473
         217,     0.05674616239,      -3.980376016,      -1.472043874,       1.504394208,                        10,      -3.499562675,               6,      -4.707325848,   3.768014587e-08,   1.975235117e-05,       2.146868949,        19.1416992,       17.83282061,         0.6036241361,          -0.531101568,                     0,      0.3598955408,       0.468875955,                 0,       292.1577753,       309.1801085,                 0,         15654.006,        12352.89576,                  0,        0.1866542263,         0.1391847811,                    0,          301137.4336,           324294.3697,                     0,           98.16480717,           -115.9155974,                      0,        98.15675422,         115.8561064,                   0,                 74.6359499,                 117.8212357,                           0,            -0.0001640631922,              -0.001026190876,                          nan,                      0.7603750805,                        1.016961811,                                nan,           299.7278137,            322.7763526,                      0,            17120.18207,              14361.2134,                       0,      -0.474755637,      0.1994139322,                 0,                 0,                 0,     -0.3499254182,     -0.4984980489,     -0.1290679142,                 0,     -0.4200348909
         218,     0.05667404749,      -3.985801668,      -1.471900754,       1.504500211,                        10,      -3.100673804,               6,      -4.298791364,   4.532468833e-08,   2.365666204e-05,       2.576242738,       22.97003904,       21.39067027,         0.6128461781,         -0.5244335863,                     0,      0.3665047855,      0.4558557762,                 0,       291.8575501,       309.9336743,                 0,       15599.83381,        12345.13975,                  0,         0.186199564,         0.1387587557,                    0,          301109.7846,           324335.0191,                     0,           99.91015298,           -114.8271836,                      0,        99.90108702,         114.7608475,                   0,                75.97452084,                 112.7150643,                           0,            -0.0001814740105,              -0.001155073733,                          nan,                       0.760497439,                       0.9821735093,                                nan,           299.7002941,            322.8168116,                      0,            17116.93017,             14236.66294,                       0,     -0.4420451657,      0.1706017163,                 0,                 0,                 0,     -0.3288406766,     -0.4550178678,     -0.1321651016,                 0,     -0.3859372969
         219,     0.05659352136,      -3.983620647,      -1.469781376,       1.512120096,                        10,      -2.763706151,               7,      -4.555144849,   5.452500991e-08,    2.83247913e-05,      0.2576242738,       2.297003904,       2.139067027,         0.6231805402,         -0.5169951607,                     0,      0.3739548733,      0.4399324888,                 0,       291.5089656,       310.9248165,                 0,        15538.0558,        12345.87701,                  0,        0.1856838554,          0.138324456,                    0,           301073.666,           324481.7047,                     0,           101.8808411,           -113.5640606,                      0,         101.870107,         113.4940362,                   0,                77.47017969,                 106.3029691,                           0,            -0.0002107071698,              -0.001232834107,                          nan,                       0.760480007,                       0.9366392514,                                nan,           299.6643446,            322.9628106,                      0,            17113.40778,             14101.63729,                       0,     -0.3925718202,      0.1420296741,                 0,                 0,                 0,     -0.2985619332,     -0.3983488073,       -0.12491313,                 0,      -0.361792841
         220,     0.05644682308,      -3.972416394,      -1.464001004,       1.529135277,                         4,      -4.537242562,               2,      -4.047821125,   5.463841528e-09,   2.825282675e-06,      0.3091491286,       2.756404684,       2.566880432,         0.6258300718,         -0.5156735063,                     0,      0.3753100079,       0.438455815,                 0,       291.5512699,       310.9904676,                 0,       15547.10923,        12347.92862,                  0,        0.1857651693,         0.1383182939,                    0,          301176.7759,           324469.0526,                     0,           102.2680996,           -113.2890939,                      0,        102.2576331,         113.2133808,                   0,                77.74298946,                 105.8508822,                           0,            -0.0002046761317,              -0.001336188168,                          nan,                      0.7602658803,                       0.9349679464,                                nan,           299.7669718,            322.9502177,                      0,            17135.21951,             14091.62905,                       0,     -0.3888155335,      0.1409575085,                 0,                 0,                 0,     -0.2959345865,     -0.3947110609,     -0.1234897432,                 0,     -0.3625305481
         221,     0.05629833243,      -3.968049468,      -1.474364918,       1.533020736,                         4,      -4.149948713,               3,      -5.583048876,   6.559726035e-09,   3.388697904e-06,      0.3709789543,       3.307685621,       3.080256519,         0.6282437251,          -0.513881676,                     0,       0.376725792,      0.4363877235,                 0,       291.5610838,       311.0729119,                 0,       15548.96783,        12347.85153,                  0,        0.1857811803,         0.1382808506,                    0,          301249.1773,           324441.9017,                     0,           102.6519043,           -112.9382021,                      0,        102.6420899,         112.8560566,                   0,                78.04316254,                 105.1788724,                           0,            -0.0001912083393,              -0.001454169144,                          nan,                       0.760342688,                        0.931973662,                                nan,           299.8390343,            322.9231939,                      0,            17149.67783,             14074.34557,                       0,     -0.3840266129,      0.1393368292,                 0,                 0,                 0,     -0.2925825282,     -0.3899194888,     -0.1218769203,                 0,     -0.3628311803
         222,     0.05616530807,      -3.967558838,      -1.483487496,       1.532847365,                         5,      -4.667292477,               3,      -5.200914393,   7.875624193e-09,   4.063977484e-06,      0.4451747452,       3.969222745,       3.696307823,         0.6304831633,         -0.5115105519,                     0,      0.3782416086,      0.4335452332,                 0,       291.5358469,       311.1849841,                 0,       15543.15063,        12346.10671,                  0,        0.1857277882,         0.1382115858,                    0,          301289.9891,           324404.1049,                     0,            103.045239,           -112.4849069,                      0,        103.0363471,         112.3971182,                   0,                78.37472521,                 104.2244823,                           0,            -0.0001725749394,              -0.001560288747,                          nan,                      0.7606512399,                       0.9272878526,                                nan,           299.8796551,             322.885574,                      0,            17156.59186,             14048.89148,                       0,       -0.37782901,      0.1369351969,                 0,                 0,                 0,     -0.2882476184,     -0.3835340987,     -0.1200316796,                 0,     -0.3624263709
         223,     0.05603611518,      -3.975391579,      -1.488909431,       1.523841638,                         5,       -4.24927001,               3,      -4.828689798,   9.455618766e-09,   4.873194695e-06,      0.5342096943,       4.763067294,       4.435569387,          0.632696842,         -0.5084777171,                     0,      0.3799212057,      0.4297336727,                 0,       291.4760412,       311.3449446,                 0,       15530.05801,        12343.69575,                  0,        0.1856094382,         0.1381136221,                    0,          301302.5936,           324364.9038,                     0,           103.4706978,           -111.9029231,                      0,         103.462818,         111.8131043,                   0,                78.74386074,                 102.9202356,                           0,            -0.0001523041524,              -0.001604654412,                          nan,                      0.7610836654,                        0.920466668,                                nan,           299.8922006,            322.8465564,                      0,            17156.96557,             14014.96589,                       0,     -0.3697131335,      0.1335594901,                 0,                 0,                 0,     -0.2825774192,      -0.375032495,     -0.1177988379,                 0,     -0.3612516786
         224,     0.05590989022,      -3.993077339,      -1.490598075,       1.504124843,                         6,      -4.579481343,               3,       -4.47057068,   1.135254146e-08,   5.842771628e-06,      0.6410516331,       5.715680753,       5.322683265,          0.635099774,         -0.5047818171,                     0,      0.3818459644,      0.4247764474,                 0,       291.3855287,       311.5784346,                 0,       15510.94151,        12342.27892,                  0,        0.1854385569,         0.1379942301,                    0,          301294.7129,           324342.7725,                     0,            103.957385,           -111.1789319,                      0,         103.950411,         111.0940608,                   0,                79.15936179,                 101.1946294,                           0,            -0.0001341670826,              -0.001526165113,                          nan,                      0.7615108114,                       0.9108914431,                                nan,           299.8843568,            322.8245287,                      0,            17152.91184,             13973.27891,                       0,     -0.3589530211,      0.1291131877,                 0,                 0,                 0,      -0.275066613,     -0.3637787032,     -0.1148152502,                 0,      -0.359693832
         225,     0.05578363274,      -4.016598962,        -1.4922614,       1.477562986,                         6,      -4.129120121,               3,      -4.132965137,   1.362967875e-08,   7.004327341e-06,      0.7692619597,       6.858816904,       6.387219918,         0.6379196145,         -0.5006006748,                     0,      0.3840994786,      0.4185697494,                 0,       291.2705013,       311.9192088,                 0,       15487.49719,         12344.2174,                  0,        0.1852313933,         0.1378650113,                    0,          301276.6623,           324369.2711,                     0,           104.5342875,           -110.3385745,                      0,        104.5279669,         110.2670968,                   0,                 79.6323142,                 98.96940045,                           0,            -0.0001209239412,              -0.001295186847,                          nan,                      0.7618278297,                        0.897542452,                                nan,           299.8663906,            322.8509033,                      0,            17147.07292,             13926.07059,                       0,     -0.3445470322,      0.1236373999,                 0,                 0,                 0,     -0.2650302449,     -0.3490008572,      -0.110441232,                 0,     -0.3588404148
         226,     0.05567320088,      -4.036415373,      -1.498496986,       1.454448992,                         7,      -4.298321584,               4,      -5.043974275,   1.636283431e-08,   8.395696647e-06,      0.9231143517,       8.230580285,       7.664663901,         0.6413286782,         -0.4963820027,                     0,      0.3867486785,      0.4111393735,                 0,       291.1371834,       312.4022733,                 0,       15461.19632,        12351.83339,                  0,        0.1850015065,         0.1377366767,                    0,          301258.1441,           324484.7564,                     0,           105.2226732,           -109.4768211,                      0,        105.2167094,         109.4237672,                   0,                80.17462814,                 96.14744417,                           0,            -0.0001133526417,             -0.0009689903997,                          nan,                      0.7619952061,                       0.8786705724,                                nan,           299.8479592,             322.965848,                      0,            17141.71596,             13876.68189,                       0,     -0.3250820458,      0.1173238853,                 0,                 0,                 0,      -0.251517509,     -0.3296910602,     -0.1036679094,                 0,     -0.3609054602
         227,     0.05557432807,      -4.044768113,      -1.510201281,       1.444221788,                         8,      -4.371101713,               4,      -4.629401282,   1.964292568e-08,   1.006074362e-05,       1.107737222,       9.876696342,       9.197596682,         0.6454001652,         -0.4927738844,                     0,      0.3898313858,       0.402627973,                 0,       290.9890369,       313.0413642,                 0,       15432.68144,        12365.04094,                  0,        0.1847543205,         0.1376025066,                    0,          301244.7882,           324713.6143,                     0,           106.0319652,           -108.7567408,                      0,        106.0261301,         108.7190346,                   0,                80.79639331,                 92.59026139,                           0,            -0.0001100600357,             -0.0006932844342,                          nan,                      0.7620422746,                       0.8516471997,                                nan,           299.8346658,            323.1936347,                      0,            17137.95053,             13826.63692,                       0,     -0.2986565545,      0.1105081177,                 0,                 0,                 0,     -0.2332771896,     -0.3045400064,    -0.09307613059,                 0,     -0.3700173864
         228,     0.05548868559,      -4.044445755,      -1.522558078,       1.445030404,                         9,      -4.363239223,               4,      -4.228153225,   2.357959405e-08,   1.205305072e-05,       1.329284666,       11.85203561,       11.03711602,         0.6501208481,         -0.4902655156,                     0,      0.3933595267,      0.3931291345,                 0,       290.8251488,       313.8052475,                 0,       15401.60659,        12378.74346,                  0,        0.1844862073,         0.1374198212,                    0,          301236.5997,           325030.4938,                     0,           106.9625226,           -108.3344812,                      0,        106.9567235,         108.3021874,                   0,                81.50334563,                 88.09159421,                           0,            -0.0001084292771,             -0.0005960970153,                          nan,                      0.7620217129,                       0.8133870265,                                nan,           299.8265156,            323.5090309,                      0,            17135.57054,             13771.36551,                       0,     -0.2628943241,      0.1036628776,                 0,                 0,                 0,     -0.2087858696,     -0.2719439645,    -0.07684984083,                 0,     -0.3943138672
         229,     0.05541204609,      -4.043751172,      -1.528886485,       1.448265355,                        10,       -4.28346919,               5,      -4.671927005,   2.830567481e-08,   1.443714161e-05,         1.5951416,       14.22244273,       13.24400512,         0.6554540216,         -0.4887008165,                     0,      0.3973377935,      0.3824595265,                 0,       290.6406076,       314.6288967,                 0,       15366.98691,        12384.27909,                  0,        0.1841883918,         0.1371214524,                    0,           301229.176,           325361.2782,                     0,           108.0141099,           -108.2297938,                      0,         108.008354,         108.1936363,                   0,                82.29624604,                 82.38580273,                           0,            -0.0001065727969,             -0.0006680511948,                          nan,                      0.7619433402,                       0.7614662524,                                nan,           299.8191266,            323.8382668,                      0,            17133.60133,             13700.38582,                       0,     -0.2167061027,     0.09730990372,                 0,                 0,                 0,     -0.1777955495,     -0.2313526307,    -0.05391393669,                 0,     -0.4490409014
         230,     0.05533473896,      -4.045449142,      -1.527841188,       1.451028873,                        10,      -3.800847659,               5,      -4.223847515,   3.398458026e-08,    1.72899211e-05,        1.91416992,       17.06693128,       15.89109611,         0.6614078139,         -0.4871511037,                     0,      0.4017876939,      0.3701401975,                 0,       290.4283189,       315.4718981,                 0,       15327.72087,        12376.62825,                  0,        0.1838520244,         0.1366704622,                    0,          301216.7082,           325645.3295,                     0,            109.194525,           -108.2567928,                      0,        109.1887965,         108.2133057,                   0,                83.17365243,                 75.21679124,                           0,             -0.000104920326,             -0.0008032460261,                          nan,                      0.7617416357,                       0.6950789531,                                nan,           299.8067172,            324.1209884,                      0,            17131.09968,             13605.74283,                       0,     -0.1605819237,     0.09212256419,                 0,                 0,                 0,     -0.1415474298,     -0.1835638671,    -0.02402972624,                 0,     -0.5736795405
         231,      0.0552881069,      -4.044523187,      -1.524330306,       1.458571279,                        10,      -3.366599387,               6,      -4.470881184,   4.082125393e-08,    2.07583568e-05,       2.297003904,       20.48031753,       19.06618038,         0.6680574891,         -0.4844882287,                     0,       0.406763352,      0.3557608218,                 0,       290.1813885,       316.3676333,                 0,       15282.93762,        12360.80646,                  0,        0.1834708205,         0.1361091555,                    0,          301195.2478,           325905.8227,                     0,           110.5217915,           -108.1243992,                      0,        110.5159407,         108.0735494,                   0,                84.13882984,                 66.42423214,                           0,            -0.0001058742444,             -0.0009403588707,                          nan,                      0.7613275453,                       0.6146206222,                                nan,           299.7853573,            324.3802623,                      0,            17127.69914,             13491.85143,                       0,    -0.09398799518,     0.08932112507,                 0,                 0,                 0,     -0.1004771316,     -0.1288925234,     0.01409695143,                 0,     -0.9503461042
         232,     0.05523578712,      -4.034015181,      -1.523267315,       1.477116499,                        10,      -2.985945009,               6,      -4.028287884,   4.907766378e-08,    2.50455497e-05,       2.297003904,       20.48031753,       19.06618038,         0.6755014199,         -0.4803842282,                     0,      0.4123460036,      0.3395833725,                 0,       289.8958548,       317.3977258,                 0,        15232.1836,        12349.52137,                  0,        0.1830415755,         0.1355434855,                    0,          301165.3738,           326248.9074,                     0,            112.016423,           -107.6747985,                      0,        112.0101496,         107.6153023,                   0,                85.20794241,                 55.95207851,                           0,            -0.0001120061611,              -0.001104805129,                          nan,                      0.7607162632,                       0.5199267887,                                nan,           299.7556231,            324.7217411,                      0,            17123.78722,             13376.22237,                       0,    -0.01492756635,     0.09103565836,                 0,                 0,                 0,    -0.05397605454,    -0.06704103614,     0.06337051999,                 0,      -6.098492966
         233,     0.05516423376,      -4.013498757,      -1.524936487,       1.504972637,                        10,        -3.0027822,               6,      -4.020444284,   4.924261261e-08,   2.517382042e-05,       2.756404684,       24.57638104,       22.87533393,         0.6830059859,         -0.4757348436,                     0,      0.4179320925,      0.3248854779,                 0,        289.630348,       318.3882669,                 0,       15186.01927,        12346.30659,                  0,        0.1826540785,          0.135086618,                    0,          301159.6095,           326641.5862,                     0,           113.5023431,            -107.018995,                      0,        113.4955433,         106.9473637,                   0,                86.29532109,                 45.48179453,                           0,            -0.0001198152692,              -0.001338217261,                          nan,                      0.7603410549,                        0.425272704,                                nan,           299.7498858,            325.1125817,                      0,            17125.57574,             13283.49576,                       0,     0.06909850157,     0.09862317338,                 0,                 0,                 0,   -0.004609644801,     -0.0047984735,      0.1203250095,                 0,       1.427283821
         234,     0.05509410681,      -3.996850745,      -1.531308733,       1.526268795,                        10,      -2.659549939,               7,      -4.250434518,   5.934125952e-08,   3.034767955e-05,      0.2756404684,       2.457638104,       2.287533393,         0.6909593353,         -0.4722627909,                     0,      0.4240738921,      0.3113100521,                 0,       289.3215789,       319.5649941,                 0,       15131.41004,        12363.40906,                  0,         0.182191412,         0.1347757415,                    0,          301139.4017,           327293.7586,                     0,           115.1173106,            -106.521398,                      0,        115.1098361,         106.4309614,                   0,                87.50509244,                 33.37029641,                           0,            -0.0001298534625,              -0.001697277211,                          nan,                      0.7601877944,                       0.3135393683,                                nan,           299.7297725,            325.7617014,                      0,            17123.78396,             13223.24071,                       0,      0.1742696713,      0.1159919653,                 0,                 0,                 0,     0.05611166057,     0.06833711659,      0.1978739317,                 0,      0.6655889368
         235,     0.05496116271,      -3.986766812,      -1.532866722,       1.539928041,                         4,      -4.506709399,               3,      -5.529664656,   5.970436997e-09,   3.045710083e-06,      0.3307685621,       2.949165725,       2.745040072,         0.6929368019,         -0.4715631858,                     0,      0.4251795322,      0.3102268753,                 0,       289.3486003,       319.5973729,                 0,       15136.98321,        12358.90607,                  0,          0.18224157,         0.1347130307,                    0,          301222.0364,           327283.8578,                     0,           115.4137876,           -106.4305406,                      0,        115.4066687,           106.33066,                   0,                87.74972851,                 32.34117192,                           0,            -0.0001233597503,              -0.001876036289,                          nan,                      0.7603523222,                        0.304156599,                                nan,           299.8120205,            325.7518469,                      0,            17140.95484,             13212.32452,                       0,      0.1823522044,       0.117538859,                 0,                 0,                 0,     0.06111451419,     0.07382915762,      0.2040023659,                 0,      0.6445705408
         236,     0.05483072616,      -3.990853594,      -1.543009049,       1.533811974,                         4,      -4.120557892,               3,      -5.143183919,   7.167853099e-09,   3.656337167e-06,      0.3969222745,        3.53899887,       3.294048086,         0.6947177056,          -0.470598043,                     0,      0.4263411957,      0.3086941136,                 0,       289.3480387,       319.6602481,                 0,       15136.56972,        12354.65302,                  0,        0.1822369998,         0.1346401914,                    0,          301278.8425,           327287.5582,                     0,           115.7117185,           -106.2878803,                      0,        115.7051931,         106.1789461,                   0,                88.01278135,                 30.90321865,                           0,            -0.0001127847822,               -0.00204874434,                          nan,                       0.760664055,                       0.2910484592,                                nan,           299.8685606,              325.75553,                      0,            17151.92545,             13199.19306,                       0,      0.1931987591,      0.1195564401,                 0,                 0,                 0,      0.0678930211,     0.08123467352,      0.2121801845,                 0,      0.6188261283
         237,     0.05470750378,       -4.00242958,      -1.549947213,       1.520677305,                         5,       -4.62943692,               3,      -4.767181146,   8.606592642e-09,   4.386523505e-06,      0.4763067294,       4.246798644,       3.952857703,         0.6963686726,         -0.4694692468,                     0,      0.4275950329,      0.3066952035,                 0,       289.3183672,       319.7754095,                 0,       15129.93148,        12352.65541,                  0,        0.1821757978,         0.1345698988,                    0,          301310.0432,           327326.6924,                     0,           116.0238651,           -106.1010937,                      0,        116.0180781,         105.9863434,                   0,                88.29701688,                 28.96643297,                           0,            -9.975150802e-05,               -0.00216186666,                          nan,                      0.7610625714,                       0.2733034469,                                nan,           299.8996154,             325.794481,                      0,            17156.77825,              13185.9284,                       0,      0.2078044875,      0.1222484793,                 0,                 0,                 0,     0.07709281725,     0.09122179862,      0.2231725323,                 0,      0.5882860412
         238,     0.05458726695,      -4.023319369,      -1.553120261,       1.498776308,                         5,      -4.189640561,               3,      -4.402492317,   1.033585893e-08,   5.250857253e-06,      0.5715680753,       5.096158373,       4.743429244,          0.698021665,         -0.4684247725,                     0,      0.4289943884,      0.3043280602,                 0,       289.2607019,       319.9662059,                 0,       15117.54492,        12355.16981,                  0,        0.1820629669,         0.1345169543,                    0,          301319.4975,           327429.1838,                     0,           116.3695689,           -105.9071684,                      0,        116.3645409,         105.7935754,                   0,                88.60728969,                 26.44511079,                           0,            -8.641281707e-05,              -0.002143992992,                          nan,                      0.7614629768,                       0.2499689673,                                nan,           299.9090253,            325.8964926,                      0,            17156.58134,             13175.51001,                       0,      0.2272819446,      0.1258846821,                 0,                 0,                 0,     0.08942361986,      0.1045121025,      0.2378681482,                 0,      0.5538701382
         239,     0.05448119625,      -4.050777253,      -1.554876568,       1.470690878,                         6,      -4.471961971,               3,      -4.050787272,   1.241511606e-08,    6.28092532e-06,      0.6858816904,       6.115390047,       5.692115093,         0.6998474538,         -0.4678562457,                     0,      0.4306009123,      0.3018538898,                 0,       289.1789964,       320.2481372,                 0,       15100.53047,        12363.59258,                  0,        0.1819094576,         0.1344900832,                    0,          301314.4743,           327621.1341,                     0,           116.7708671,            -105.780625,                      0,        116.7665011,         105.6785248,                   0,                88.95076542,                 23.27054671,                           0,            -7.477780748e-05,              -0.001929482298,                          nan,                      0.7617832561,                       0.2202012827,                                nan,           299.9040257,            326.0875443,                      0,            17153.22439,             13170.86614,                       0,      0.2527108894,      0.1308059881,                 0,                 0,                 0,      0.1055355047,      0.1217578993,      0.2571925622,                 0,      0.5176112055
         240,     0.05437900622,      -4.076610738,      -1.559316163,       1.444040894,                         6,      -4.010441077,               4,      -4.795690315,   1.491632038e-08,   7.507496372e-06,      0.8230580285,       7.338468057,       6.830538112,         0.7020039317,         -0.4682232976,                     0,      0.4324686806,      0.2997163783,                 0,        289.079083,       320.6172586,                 0,       15080.30598,        12377.18609,                  0,        0.1817286209,         0.1344829057,                    0,          301303.8725,            327915.531,                     0,           117.2460521,           -105.8288313,                      0,        117.2421802,         105.7486556,                   0,                89.33608734,                 19.42171026,                           0,            -6.604527144e-05,               -0.00151462115,                          nan,                      0.7619790691,                       0.1836591695,                                nan,           299.8934735,            326.3805632,                      0,            17148.87061,             13173.60397,                       0,       0.284918013,      0.1374304124,                 0,                 0,                 0,      0.1258402435,      0.1433634878,      0.2819792594,                 0,      0.4823507331
         241,     0.05428822686,      -4.092208779,      -1.568660439,       1.426790941,                         7,      -4.148473602,               4,      -4.380414792,   1.792669548e-08,   8.967934216e-06,      0.9876696342,       8.806161668,       8.196645734,         0.7045800787,         -0.4698979007,                     0,      0.4346264517,      0.2985079404,                 0,       288.9669657,       321.0431886,                 0,       15058.10953,        12392.40939,                  0,         0.181531552,         0.1344697252,                    0,          301295.5508,           328303.8901,                     0,           117.8032287,           -106.1659442,                      0,        117.7996795,         106.1121395,                   0,                89.77117174,                 15.04300847,                           0,            -6.025607927e-05,              -0.001013340086,                          nan,                      0.7620663498,                        0.141765198,                                nan,           299.8851907,            326.7671045,                      0,             17145.2383,               13183.138,                       0,      0.3242403498,      0.1462719999,                 0,                 0,                 0,      0.1503074722,      0.1692854644,      0.3128413878,                 0,      0.4511221382
         242,     0.05420143539,      -4.096891711,      -1.580135511,       1.419858924,                         8,      -4.199110394,               5,      -4.951560228,   2.155219476e-08,    1.07074733e-05,       1.185203561,         10.567394,       9.835974881,         0.7075673149,         -0.4729898752,                     0,      0.4370662223,      0.2988726853,                 0,       288.8470047,       321.4711779,                 0,        15034.6612,         12403.6666,                  0,        0.1813241571,         0.1344129095,                    0,           301293.836,           328755.0978,                     0,           118.4373973,            -106.865421,                      0,        118.4340546,         106.8326227,                   0,                90.25983899,                 10.94788221,                           0,            -5.644640863e-05,             -0.0006137305883,                          nan,                      0.7621105203,                       0.1024769581,                                nan,            299.883484,               327.2162,                      0,            17143.09692,             13197.01663,                       0,      0.3704564843,      0.1579765526,                 0,                 0,                 0,      0.1784006459,      0.1989563507,      0.3501584904,                 0,      0.4264375419
         243,     0.05412901844,      -4.096745851,      -1.586824973,       1.418650453,                         9,      -4.160029256,               5,      -4.505449131,   2.592181267e-08,   1.277971633e-05,       1.422244273,        12.6808728,       11.80316986,          0.710875094,         -0.4772535029,                     0,       0.439742795,      0.3013788735,                 0,       288.7214624,       321.8376043,                 0,       15010.21884,        12405.93594,                  0,        0.1811080986,         0.1342847096,                    0,          301298.9836,           329227.0864,                     0,            119.132506,           -107.9084829,                      0,        119.1293313,         107.8853838,                   0,                90.79864638,                 10.16899577,                           0,            -5.329520195e-05,             -0.0004280784674,                          nan,                      0.7621854783,                      0.09425739999,                                nan,           299.8886074,            327.6859792,                      0,            17142.31589,             13213.11151,                       0,      0.4230584175,      0.1733896736,                 0,                 0,                 0,      0.2093078112,       0.231459621,      0.3942953808,                 0,      0.4098480645
         244,     0.05406623633,      -4.095593068,      -1.583067134,       1.421163301,                        10,      -4.093187452,               5,      -4.092638319,   3.119284788e-08,   1.524322671e-05,       1.706693128,       15.21704736,       14.16380383,         0.7143733835,         -0.4822143654,                     0,      0.4425805676,      0.3064956128,                 0,       288.5918679,       322.0961147,                 0,       14985.00503,        12398.70754,                  0,        0.1808850783,         0.1340988086,                    0,          301308.8939,           329693.8021,                     0,           119.8658413,           -109.1789817,                      0,         119.862846,         109.1553562,                   0,                91.37547764,                 15.50061966,                           0,            -4.997714424e-05,             -0.0004327380961,                          nan,                       0.762333623,                       0.1420051219,                                nan,           299.8984714,            328.1505103,                      0,            17142.40866,             13233.85309,                       0,      0.4817861555,      0.1936384636,                 0,                 0,                 0,      0.2424212848,      0.2659054474,      0.4459910843,                 0,      0.4019178661
         245,     0.05400106626,      -4.092201866,      -1.569615891,       1.429119923,                        10,      -3.658830976,               6,      -4.538785689,   3.755724403e-08,   1.814552553e-05,       2.048031753,       18.26045683,       16.99656459,         0.7179178174,         -0.4876609817,                     0,      0.4454748959,      0.3148140471,                 0,       288.4618912,       322.2435574,                 0,       14959.75946,        12389.09058,                  0,        0.1806617096,         0.1339333161,                    0,          301322.1312,           330182.1083,                     0,           120.6089896,           -110.5609287,                      0,        120.6061814,         110.5299288,                   0,                91.97029825,                 24.75899146,                           0,            -4.656747955e-05,             -0.0005606955393,                          nan,                      0.7625670361,                       0.2240026002,                                nan,           299.9116467,            328.6365307,                      0,            17143.16959,             13271.05974,                       0,      0.5470984356,      0.2201669297,                 0,                 0,                 0,      0.2778192127,      0.3017836914,      0.5066722597,                 0,      0.4024265387
         246,     0.05394085911,      -4.084602059,      -1.552886988,       1.442559998,                        10,       -3.28030315,               6,      -4.136020957,   4.524949453e-08,   2.176471521e-05,       2.457638104,        21.9125482,       20.39587751,         0.7213223077,         -0.4944422538,                     0,       0.448274555,       0.327466189,                 0,       288.3410173,       322.3220858,                 0,        14936.2211,        12390.70093,                  0,        0.1804530646,         0.1339178802,                    0,          301340.8033,           330794.0751,                     0,           121.3206297,           -112.1315512,                      0,        121.3179844,         112.0900859,                   0,                92.55646408,                 36.35781687,                           0,             -4.36074199e-05,             -0.0007394475152,                          nan,                      0.7629245121,                       0.3243624678,                                nan,           299.9302314,            329.2456329,                      0,             17145.0404,             13347.76911,                       0,      0.6197747148,      0.2546415473,                 0,                 0,                 0,      0.3160746894,      0.3387045258,      0.5781368859,                 0,       0.410861465
         247,     0.05388375968,      -4.073602636,      -1.539365755,       1.457733574,                        10,      -2.928508756,               7,      -4.481740554,   5.455719633e-08,   2.611148858e-05,       2.457638104,        21.9125482,       20.39587751,         0.7242819036,         -0.5049704051,                     0,      0.4507375585,       0.346376625,                 0,       288.2481265,       322.3730228,                 0,        14917.5302,        12415.75111,                  0,        0.1802853305,         0.1341672175,                    0,          301371.9371,            331680.185,                     0,           121.9314235,           -114.3272948,                      0,        121.9289047,         114.2759702,                   0,                93.09744872,                 49.83292202,                           0,            -4.131394305e-05,             -0.0008976510795,                          nan,                      0.7635387929,                       0.4360752477,                                nan,           299.9612195,            330.1275949,                      0,            17149.10706,             13493.18611,                       0,      0.6997425677,      0.2986167326,                 0,                 0,                 0,      0.3575337473,      0.3756683799,      0.6615775709,                 0,      0.4267522749
         248,     0.05382524257,      -4.060761168,      -1.530640035,       1.471585841,                        10,       -2.93986848,               7,      -4.484132138,   5.486206081e-08,   2.609835071e-05,       2.457638104,        21.9125482,       20.39587751,         0.7262480469,          -0.519953724,                     0,      0.4523842443,      0.3698699952,                 0,       288.2103752,       322.2954216,                 0,       14908.73264,        12445.21682,                  0,         0.180202623,         0.1345178615,                    0,          301418.5368,           332701.3773,                     0,           122.3180879,           -117.4328241,                      0,        122.3157223,         117.3714424,                   0,                93.49803864,                  62.8286983,                           0,            -3.867903612e-05,              -0.001045118956,                          nan,                      0.7643991866,                       0.5352979993,                                nan,            300.007601,            331.1440071,                      0,            17156.13552,              13683.2184,                       0,      0.7708451912,      0.3433094165,                 0,                 0,                 0,      0.3942123718,      0.4051453834,      0.7402167808,                 0,      0.4453675269
         249,      0.0537661744,      -4.054037988,      -1.529174054,       1.476640015,                        10,      -2.934642649,               7,        -4.4860725,   5.516364782e-08,   2.608358575e-05,       2.457638104,        21.9125482,       20.39587751,         0.7269587279,         -0.5390812858,                     0,      0.4530569791,      0.3970787052,                 0,       288.2306698,       322.0594224,                 0,       14909.54377,        12466.61098,                  0,        0.1801997609,         0.1348477803,                    0,          301474.9605,           333824.6681,                     0,           122.4390757,           -121.4889596,                      0,        122.4369396,         121.4081585,                   0,                93.72586263,                  75.3393101,                           0,            -3.489195977e-05,              -0.001329738554,                          nan,                      0.7655031474,                       0.6205456952,                                nan,           300.0637606,            332.2620397,                      0,            17164.08499,             13905.47736,                       0,      0.8329780064,      0.3876240998,                 0,                 0,                 0,      0.4263889194,       0.427716206,      0.8131197015,                 0,      0.4653473403
         250,     0.05370598805,      -4.056298791,      -1.530029155,         1.4711935,                        10,      -2.919602685,               7,      -4.498002311,   5.545815098e-08,   2.607582228e-05,      0.2457638104,        2.19125482,       2.039587751,         0.7262689901,         -0.5606036254,                     0,      0.4526232722,        0.42657455,                 0,       288.3127523,       321.6728531,                 0,       14920.53798,        12470.26216,                  0,        0.1802813237,         0.1350493825,                    0,          301537.9593,           335017.8752,                     0,           122.2667778,           -126.2214458,                      0,        122.2649255,         126.0998078,                   0,                93.74438657,                 87.33145732,                           0,            -3.029810977e-05,              -0.001926446681,                          nan,                      0.7667316377,                       0.6925582112,                                nan,           300.1264646,            333.4496615,                      0,            17172.18921,              14144.6382,                       0,       0.885995176,      0.4304161664,                 0,                 0,                 0,      0.4541248233,      0.4439584625,      0.8792874454,                 0,      0.4857996726
         251,     0.05879173373,      -4.064147021,      -1.529597466,       1.458959332,                         4,      -4.767270197,               3,      -5.668154143,   5.574127971e-09,   2.607368302e-06,      0.2949165725,       2.629505784,       2.447505302,         0.7260116498,         -0.5643503952,                     0,      0.4524381401,      0.4305777105,                 0,        288.297099,       321.4234353,                 0,       14918.10821,        12442.38958,                  0,         0.180261755,         0.1348521518,                    0,          301511.8518,           334979.9882,                     0,           122.2364375,           -127.2582099,                      0,        122.2347116,         127.1314852,                   0,                93.67362257,                 88.24374361,                           0,             -2.82385914e-05,              -0.001990624122,                          nan,                      0.7663422393,                       0.6941139993,                                nan,           300.1004793,            333.4119518,                      0,             17167.4524,             14145.83513,                       0,      0.8885665818,       0.432610363,                 0,                 0,                 0,      0.4553167957,        0.44467429,      0.8825911127,                 0,      0.4868631927
         252,     0.05866503083,      -4.073730866,      -1.537690698,       1.444910739,                         4,      -4.349421559,               3,      -5.291076856,   6.693140957e-09,   3.128116675e-06,       0.353899887,       3.155406941,       2.937006362,         0.7257791791,         -0.5686295221,                     0,      0.4522334159,      0.4353790286,                 0,       288.2881022,       321.1763607,                 0,       14916.91685,        12418.86032,                  0,         0.180252989,          0.134700718,                    0,          301491.6858,           334992.2985,                     0,           122.2029469,           -128.3823063,                      0,        122.2013418,         128.2462146,                   0,                93.59892511,                 89.52721231,                           0,            -2.626903415e-05,              -0.002118975408,                          nan,                      0.7659402401,                       0.6980885366,                                nan,           300.0804076,            333.4242045,                      0,            17163.93852,              14159.0899,                       0,       0.892090736,      0.4357282935,                 0,                 0,                 0,      0.4570330726,      0.4455882315,      0.8872069403,                 0,      0.4884349494
         253,     0.05853966968,      -4.087146201,      -1.545527378,       1.427160254,                         5,      -4.873770813,               3,      -4.929126535,   8.037618505e-09,   3.752832665e-06,      0.4246798644,       3.786488329,       3.524407634,         0.7255387313,         -0.5732713502,                     0,       0.451985365,      0.4410572452,                 0,       288.2886196,       320.9218794,                 0,       14917.41266,        12398.72036,                  0,        0.1802586638,          0.134588932,                    0,           301479.204,           335051.1199,                     0,           122.1582792,           -129.5644453,                      0,        122.1568061,         129.4126433,                   0,                93.51875587,                 91.26230305,                           0,            -2.411858293e-05,               -0.00234189314,                          nan,                      0.7655632041,                       0.7052039175,                                nan,           300.0679843,            333.4827505,                      0,            17161.91525,              14184.3657,                       0,      0.8968829987,      0.4400976959,                 0,                 0,                 0,      0.4594597304,      0.4467525423,      0.8935867397,                 0,      0.4906968874
         254,     0.05840897333,      -4.104793736,      -1.552631664,       1.405205908,                         5,      -4.406124726,               3,      -4.582738869,   9.653295231e-09,   4.502359361e-06,      0.5096158373,       4.543785995,       4.229289161,         0.7252257934,         -0.5779763646,                     0,        0.45165366,      0.4476429101,                 0,       288.3018232,       320.6531317,                 0,       14920.04482,        12380.65609,                  0,        0.1802822238,         0.1345054898,                    0,          301475.6109,           335153.5633,                     0,           122.0892158,           -130.7528509,                      0,        122.0879019,         130.5760943,                   0,                93.42920332,                 93.52573487,                           0,            -2.152235232e-05,              -0.002701848469,                          nan,                       0.765261765,                       0.7162546514,                                nan,            300.064408,            333.5847143,                      0,            17161.47775,             14220.89927,                       0,      0.9032719285,      0.4460525595,                 0,                 0,                 0,      0.4627862409,      0.4482261882,      0.9021952931,                 0,      0.4938186889
         255,     0.05829604453,      -4.124996598,      -1.558714319,       1.380715542,                         6,      -4.696624089,               3,      -4.253364116,   1.159530218e-08,   5.401786489e-06,      0.6115390047,       5.452543194,       5.075146993,         0.7247409523,         -0.5823983601,                     0,       0.451177679,      0.4551263212,                 0,       288.3311198,       320.3771986,                 0,       14925.26397,        12364.18751,                  0,        0.1803269774,          0.134442265,                    0,          301481.3012,           335309.2925,                     0,           121.9767892,           -131.8846338,                      0,        121.9756738,         131.6697635,                   0,                93.32258764,                  96.3810396,                           0,            -1.828911276e-05,              -0.003255804843,                          nan,                      0.7650917986,                       0.7319906793,                                nan,           300.0700717,            333.7397146,                      0,            17162.51212,             14268.57819,                       0,       0.911553746,      0.4538955166,                 0,                 0,                 0,      0.4671779071,      0.4500614134,      0.9134528429,                 0,      0.4979360993
         256,      0.0581826607,       -4.14403445,      -1.563905259,       1.357811617,                         6,      -4.208015955,               4,      -5.079793756,   1.393013782e-08,    6.48131786e-06,      0.7338468057,       6.543051833,       6.090176392,         0.7239532294,          -0.586336475,                     0,      0.4504741761,      0.4635101639,                 0,       288.3802865,       320.1243461,                 0,       14933.58282,        12350.97905,                  0,        0.1803967407,         0.1344047253,                    0,          301495.8923,            335552.962,                     0,           121.7964609,           -132.9178347,                      0,        121.7955832,         132.6474327,                   0,                93.18595532,                 99.86920042,                           0,            -1.441253914e-05,              -0.004064569817,                          nan,                      0.7651012694,                       0.7528920718,                                nan,           300.0845945,            333.9822435,                      0,            17164.74255,             14329.85034,                       0,      0.9219255747,      0.4638629407,                 0,                 0,                 0,      0.4727406154,      0.4522717846,      0.9276668723,                 0,      0.5031457565
         257,     0.05808296667,       -4.15836832,      -1.568400553,       1.340928185,                         7,      -4.352003431,               4,      -4.697228518,   1.673804619e-08,   7.777273861e-06,      0.8806161668,       7.851662199,        7.30821167,         0.7227089941,         -0.5899834924,                     0,      0.4494367945,      0.4728986341,                 0,       288.4537256,       319.9464698,                 0,        14945.6806,        12345.09815,                  0,        0.1804969318,         0.1344154331,                    0,          301518.4883,           335947.7779,                     0,           121.5189681,           -133.8791898,                      0,        121.5183445,         133.5337376,                   0,                92.99976679,                 104.0014607,                           0,            -1.026381328e-05,              -0.005153998184,                          nan,                      0.7653146297,                       0.7788403334,                                nan,           300.1070847,            334.3752113,                      0,            17167.84983,             14410.82694,                       0,      0.9344251485,      0.4761046651,                 0,                 0,                 0,      0.4794928588,      0.4547965211,      0.9449794361,                 0,      0.5095161082
         258,     0.05799531737,      -4.167663629,      -1.571582273,       1.331167782,                         8,       -4.42092207,               4,       -4.34085352,   2.011587148e-08,   9.333203041e-06,         1.0567394,       9.421994639,       8.769854004,         0.7208413309,         -0.5940862803,                     0,      0.4479370672,      0.4835832256,                 0,       288.5567797,       319.8961316,                 0,       14962.50221,        12351.12893,                  0,          0.18063556,         0.1345022244,                    0,          301548.1032,           336569.2763,                     0,           121.1113557,           -134.9041312,                      0,        121.1109439,         134.4678434,                   0,                92.73719354,                 108.7612325,                           0,            -6.800351029e-06,              -0.006457657926,                          nan,                      0.7657210041,                       0.8088270753,                                nan,            300.136561,            334.9938004,                      0,            17171.60204,             14520.05444,                       0,      0.9488808641,      0.4906713877,                 0,                 0,                 0,      0.4873476784,      0.4574683946,      0.9653268736,                 0,      0.5171053672
         259,     0.05792137462,      -4.174506383,      -1.571603331,       1.325762657,                         9,      -4.413613376,               4,      -4.007968891,   2.418047252e-08,   1.120110994e-05,        1.26808728,       11.30639357,       10.52382481,         0.7181754786,         -0.5998363666,                     0,      0.4458278352,      0.4960562853,                 0,        288.695656,       319.9927085,                 0,       14985.25836,        12370.46949,                  0,        0.1808232569,         0.1346719783,                    0,          301583.8224,           337472.5889,                     0,           120.5380039,           -136.2341275,                      0,        120.5376699,         135.7013345,                   0,                92.36460757,                 114.1186736,                           0,            -5.542155478e-06,              -0.007806430936,                          nan,                      0.7662717195,                       0.8409546889,                                nan,            300.172113,            335.8928847,                      0,            17175.89964,             14664.78604,                       0,      0.9648921421,      0.5075086511,                 0,                 0,                 0,      0.4961157149,      0.4600017553,      0.9884231189,                 0,      0.5259744888
         260,     0.05785263716,      -4.180685586,      -1.566529121,       1.321741831,                        10,      -4.322408146,               5,      -4.533220357,   2.907281975e-08,   1.344284932e-05,       1.521704736,       13.56767228,       12.62858977,         0.7145271893,         -0.6084500184,                     0,      0.4429491968,      0.5109486856,                 0,       288.8772383,       320.2004611,                 0,       15015.34097,        12398.56228,                  0,        0.1810723485,         0.1348898398,                    0,           301625.001,           338669.0131,                     0,           119.7611003,            -138.153221,                      0,        119.7606147,         137.5276555,                   0,                91.84416957,                 120.0736086,                           0,            -8.108577086e-06,              -0.009035607925,                          nan,                      0.7668979469,                       0.8730870031,                                nan,           300.2130988,            337.0837084,                      0,            17180.75309,             14847.80866,                       0,      0.9818162638,      0.5264333086,                 0,                 0,                 0,      0.5055156392,      0.4619963224,       1.013733004,                 0,       0.536183121
         261,     0.05779847099,      -4.184370676,      -1.556535864,       1.319176837,                        10,      -3.827322414,               5,      -4.188377344,   3.496289285e-08,   1.613186197e-05,       1.826045683,       16.28120674,       15.15430772,         0.7096890427,         -0.6206361168,                     0,      0.4391322303,      0.5289255053,                 0,       289.1096199,       320.4414817,                 0,       15054.30113,        12425.89526,                  0,         0.181396221,         0.1350850905,                    0,          301672.1239,           340137.2213,                     0,           118.7389352,           -140.8873902,                      0,        118.7380123,         140.1703094,                   0,                91.13828274,                 126.7110435,                           0,            -1.554543272e-05,               -0.01015358253,                          nan,                      0.7675577601,                       0.9039791951,                                nan,           300.2600011,             338.545044,                      0,            17186.31243,             15068.22302,                       0,      0.9987422144,       0.547063707,                 0,                 0,                 0,      0.5151821471,      0.4629586852,       1.040400868,                 0,      0.5477526623
         262,      0.0577515654,      -4.180866529,      -1.543996166,       1.321745417,                        10,      -3.374264776,               6,      -4.647775746,   4.205517595e-08,   1.935553508e-05,        2.19125482,       19.53744808,       18.18516926,         0.7034047219,         -0.6362645459,                     0,      0.4341930019,      0.5505735762,                 0,       289.4029353,       320.6389847,                 0,       15103.91843,        12442.68555,                  0,        0.1818095825,         0.1351839824,                    0,          301727.5161,           341864.4319,                     0,           117.4217721,            -144.514777,                      0,         117.420126,         143.6899618,                   0,                90.21178254,                  134.230242,                           0,            -2.803812882e-05,               -0.01138238436,                          nan,                      0.7682821133,                       0.9341657572,                                nan,           300.3151341,            340.2641695,                      0,             17192.9075,             15326.20657,                       0,       1.014425651,      0.5686725785,                 0,                 0,                 0,      0.5246661719,      0.4623397174,       1.067094133,                 0,       0.560585764
         263,     0.05773279508,      -4.168262432,      -1.529750867,       1.332854485,                        10,      -2.975660348,               6,       -4.31744964,   5.059395445e-08,    2.32213822e-05,        2.19125482,       19.53744808,       18.18516926,         0.6953666476,         -0.6543848709,                     0,      0.4279290869,      0.5762925603,                 0,       289.7666272,       320.7504172,                 0,       15165.87715,        12442.91752,                  0,        0.1823262055,         0.1351393993,                    0,          301792.5386,           343873.9731,                     0,           115.7536105,           -148.9328905,                      0,        115.7509559,         147.9584388,                   0,                89.02619439,                 142.9011892,                           0,             -4.58657575e-05,               -0.01304297212,                          nan,                       0.769118438,                       0.9658197958,                                nan,           300.3798522,            342.2643041,                      0,            17200.67817,             15626.88762,                       0,       1.027123074,      0.5899108535,                 0,                 0,                 0,      0.5333670131,      0.4595700326,       1.091683109,                 0,      0.5743331724
         264,     0.05769987321,      -4.151773751,      -1.511195186,       1.349823163,                        10,      -2.988510784,               6,      -4.390474693,   5.072137447e-08,   2.322938833e-05,        2.19125482,       19.53744808,       18.18516926,         0.6863119819,          -0.670973759,                     0,      0.4210032649,       0.602150471,                 0,       290.1248625,       320.6853873,                 0,       15226.78799,        12418.01722,                  0,         0.182832407,         0.1348965796,                    0,          301823.1944,           345805.2394,                     0,           113.9327243,            -153.344628,                      0,        113.9289738,         152.1587562,                   0,                87.66167551,                 151.4284345,                           0,            -6.583603813e-05,               -0.01540694833,                          nan,                      0.7694414561,                       0.9952002647,                                nan,           300.4103645,            344.1865302,                      0,            17201.35255,             15918.84101,                       0,       1.033986023,      0.6059860543,                 0,                 0,                 0,      0.5395137167,      0.4552879411,       1.108629372,                 0,       0.586067936
         265,     0.05764736692,      -4.144014062,      -1.496234851,       1.359085662,                        10,      -2.999399725,               6,      -4.458106339,   5.082272469e-08,   2.323474003e-05,        2.19125482,       19.53744808,       18.18516926,         0.6767124485,          -0.685305883,                     0,      0.4136533277,      0.6277800696,                 0,       290.4783543,       320.5459647,                 0,       15288.31954,        12387.30472,                  0,        0.1833477952,         0.1346218977,                    0,           301833.189,           347742.3844,                     0,           112.0262018,           -157.4849187,                      0,        112.0213207,         155.9882018,                   0,                86.16401333,                 159.8950254,                           0,            -8.714121118e-05,               -0.01891742592,                          nan,                      0.7691751251,                        1.025045635,                                nan,           300.4203123,            346.1146074,                      0,            17199.40284,             16222.93164,                       0,       1.035609179,       0.616998161,                 0,                 0,                 0,      0.5433965651,        0.44990591,       1.118372825,                 0,      0.5957828237
         266,     0.05759618464,      -4.143841489,      -1.490743074,       1.360321795,                        10,      -3.005815813,               6,      -4.511670853,   5.089180884e-08,    2.32239184e-05,       2.629505784,        23.4449377,       21.82220312,         0.6669155473,         -0.6975379965,                     0,      0.4061185849,       0.652967744,                 0,       290.8147242,       320.3878631,                 0,       15348.79007,        12362.32698,                  0,        0.1838600449,         0.1344171739,                    0,          301822.0885,           349727.4003,                     0,           110.1000026,           -161.3176194,                      0,        110.0938571,         159.3879309,                   0,                84.57634217,                 168.2249454,                           0,             -0.000111631289,               -0.02378099751,                          nan,                      0.7682203564,                        1.055443436,                                nan,           300.4092638,            348.0903315,                      0,            17195.41124,             16552.01722,                       0,       1.032491472,      0.6230907093,                 0,                 0,                 0,        0.54518231,      0.4437338431,       1.121329991,                 0,       0.603482669
         267,      0.0575551791,      -4.146037044,      -1.498479385,       1.357295208,                        10,      -2.655337004,               6,       -4.15241892,   6.107296636e-08,   2.784875172e-05,      0.2629505784,        2.34449377,       2.182220312,         0.6563647196,         -0.7099478741,                     0,      0.3978698566,      0.6810679208,                 0,       291.1798044,       320.2160331,                 0,       15417.64864,        12349.16099,                  0,        0.1844532546,         0.1343462857,                    0,          301813.3904,           352069.9532,                     0,           108.0143007,           -165.3701618,                      0,        108.0063788,         162.8428051,                   0,                82.80083012,                 177.5016653,                           0,            -0.0001466774108,               -0.03033248375,                          nan,                      0.7666290735,                        1.090018471,                                nan,           300.4006063,            350.4219189,                      0,            17195.13102,             16968.01126,                       0,       1.022717971,      0.6239317848,                 0,                 0,                 0,      0.5445255944,      0.4354496002,       1.116076416,                 0,      0.6100721826
         268,     0.05743854052,      -4.139523703,      -1.516776559,       1.359989776,                         4,      -4.500304349,               2,      -4.152846343,   6.087177544e-09,   2.782836469e-06,      0.3155406941,       2.813392524,       2.618664374,           0.65374276,         -0.7102081643,                     0,      0.3963535131,      0.6833868411,                 0,       291.1396982,       320.1223435,                 0,       15409.61494,        12337.58601,                  0,         0.184382634,         0.1342601995,                    0,          301701.2934,           352182.3565,                     0,           107.6231841,           -165.7599048,                      0,        107.6154494,         163.1187194,                   0,                82.44348197,                 178.1149893,                           0,            -0.0001437322166,                -0.0316137167,                          nan,                      0.7660933673,                        1.091934696,                                nan,           300.2890341,            350.5337961,                      0,            17172.13048,             16988.71681,                       0,       1.021891097,      0.6237588035,                 0,                 0,                 0,      0.5443389058,      0.4348966684,       1.115437738,                 0,      0.6103965534
         269,     0.05731818778,      -4.145866991,      -1.531483327,       1.350127906,                         4,      -4.101398069,               3,      -5.651219071,    7.30122721e-09,   3.338902661e-06,      0.3786488329,       3.376071029,       3.142397249,         0.6513330656,         -0.7109667675,                     0,      0.3947451536,      0.6866405832,                 0,       291.1345307,       320.0527509,                 0,       15409.36246,        12331.11783,                  0,         0.184382951,         0.1342193048,                    0,          301621.3844,           352409.7892,                     0,           107.2249199,           -166.2697358,                      0,        107.2177025,         163.4828124,                   0,                 82.0573645,                 179.0532908,                           0,            -0.0001346174975,               -0.03324197202,                          nan,                      0.7653341059,                        1.095242296,                                nan,           300.2094991,            350.7601642,                      0,            17157.00959,             17032.10012,                       0,       1.020794161,      0.6235540905,                 0,                 0,                 0,       0.544107281,      0.4341481387,       1.114610163,                 0,      0.6108519369
         270,      0.0572056797,      -4.154404934,      -1.547917475,       1.338551913,                         5,      -4.647148537,               3,      -5.282764273,   8.756771292e-09,   4.006020036e-06,      0.4543785995,       4.051285235,       3.770876698,         0.6490621739,           -0.71235862,                     0,      0.3930099213,      0.6909999579,                 0,       291.1652251,       320.0086164,                 0,       15417.09708,        12329.94782,                  0,        0.1844560944,         0.1342252323,                    0,          301573.0551,           352770.6124,                     0,           106.8070232,           -166.9188076,                      0,        106.8005347,         163.9604061,                   0,                  81.639205,                 180.3833321,                           0,            -0.0001214972147,               -0.03513306541,                          nan,                      0.7644082052,                        1.100163975,                                nan,           300.1613961,            351.1192984,                      0,            17149.67075,             17101.37553,                       0,        1.01931706,      0.6232644642,                 0,                 0,                 0,      0.5438061353,      0.4331486542,       1.113484667,                 0,      0.6114529901
         271,     0.05709944853,      -4.167493633,       -1.56535916,       1.322170493,                         5,      -4.211277179,               3,      -4.926207611,   1.050165112e-08,   4.806311463e-06,      0.5452543194,       4.861542282,       4.525052038,         0.6467866532,         -0.7145664436,                     0,      0.3910993791,      0.6966231772,                 0,       291.2286343,       319.9898225,                 0,       15431.99895,        12333.93507,                  0,        0.1845942082,         0.1342765842,                    0,          301550.8982,           353281.2923,                     0,           106.3512827,           -167.7348766,                      0,        106.3455607,         164.5879484,                   0,                 81.1839603,                  182.157855,                           0,            -0.0001076022101,               -0.03717065972,                          nan,                      0.7633977363,                         1.10675087,                                nan,           300.1393429,            351.6275878,                      0,            17148.75867,             17199.39689,                       0,       1.017320184,      0.6228053642,                 0,                 0,                 0,      0.5433985708,      0.4318384012,       1.111909382,                 0,      0.6122019147
         272,     0.05701301172,      -4.185479685,      -1.583114674,        1.30004385,                         6,      -4.517515012,               3,      -4.581666139,   1.259311775e-08,    5.76625494e-06,      0.6543051833,       5.833850738,       5.430062446,         0.6443280812,         -0.7178121832,                     0,      0.3889646444,      0.7036464694,                 0,       291.3171871,       319.9915732,                 0,       15452.25412,        12342.39914,                  0,        0.1847803214,         0.1343680218,                    0,          301544.9597,           353952.5348,                     0,           105.8389769,           -168.7601741,                      0,        105.8338937,         165.4144505,                   0,                80.68535666,                 184.4023213,                           0,            -9.605199041e-05,               -0.03925758666,                          nan,                       0.762377286,                        1.114789674,                                nan,           300.1334322,            352.2956881,                      0,            17151.82195,             17328.43306,                       0,       1.014631397,      0.6220529604,                 0,                 0,                 0,      0.5428305483,      0.4301554908,       1.109681491,                 0,       0.613082704
         273,     0.05692425657,      -4.205875904,      -1.601319493,       1.274695402,                         6,      -4.059566961,               3,      -4.248361438,   1.509964522e-08,   6.917519662e-06,      0.7851662199,       7.000620886,       6.516074935,         0.6415392886,         -0.7222794247,                     0,      0.3865787533,      0.7121454777,                 0,       291.4200782,       319.9970624,                 0,       15475.45177,        12353.55716,                  0,        0.1849923898,         0.1344872231,                    0,          301542.9929,           354777.9694,                     0,           105.2592115,           -170.0439547,                      0,        105.2545502,         166.4906124,                   0,                80.13814063,                 187.0981653,                           0,             -8.85674396e-05,               -0.04135655368,                          nan,                      0.7613745961,                        1.123776066,                                nan,           300.1314746,            353.1172589,                      0,             17155.9611,             17488.87074,                       0,       1.011018411,      0.6208271551,                 0,                 0,                 0,      0.5420156874,      0.4280242797,       1.106516967,                 0,      0.6140611769
         274,     0.05684306364,      -4.224320404,      -1.620936602,       1.251444912,                         7,      -4.186900381,               4,      -5.077847741,   1.810310117e-08,   8.297981513e-06,      0.9421994639,       8.400745063,       7.819289922,         0.6383774541,         -0.7279718895,                     0,      0.3839612937,       0.722053977,                 0,       291.5256608,       319.9722457,                 0,       15499.22523,        12363.95697,                  0,        0.1852094815,         0.1346109308,                    0,          301534.0204,            355720.098,                     0,           104.6171792,           -171.6122842,                      0,        104.6127459,         167.8418952,                   0,                79.54211909,                 190.1704359,                           0,            -8.474958586e-05,               -0.04345808503,                          nan,                      0.7603482575,                        1.133033178,                                nan,           300.1225441,            354.0549774,                      0,            17158.75953,             17676.78983,                       0,       1.006179216,      0.6188720321,                 0,                 0,                 0,      0.5408272017,      0.4253596108,       1.102029223,                 0,      0.6150713731
         275,      0.0567774808,      -4.237744954,      -1.642105438,       1.234640289,                         8,      -4.230357761,               4,      -4.674378997,   2.170144395e-08,   9.952972758e-06,       1.130639357,       10.08089408,       9.383147906,         0.6349443754,          -0.734588116,                     0,      0.3811949039,      0.7330437808,                 0,       291.6242877,       319.8702907,                 0,       15521.81148,          12368.745,                  0,        0.1854166625,         0.1347060327,                    0,          301511.9445,           356701.4408,                     0,           103.9379279,           -173.4205042,                      0,        103.9336434,         169.4333045,                   0,                78.90756692,                 193.4823517,                           0,            -8.244186914e-05,               -0.04545441463,                          nan,                      0.7592110155,                        1.141938135,                                nan,           300.1005715,            355.0317265,                      0,            17159.03748,             17881.42901,                       0,        0.99971871,      0.6158352948,                 0,                 0,                 0,      0.5390776582,       0.422060677,       1.095698587,                 0,      0.6160085718
         276,     0.05671965271,      -4.246030503,       -1.66163232,       1.225051143,                         9,      -4.217339295,               4,      -4.285677915,   2.601226724e-08,    1.19368153e-05,       1.356767228,       12.09707289,       11.25977749,         0.6314643593,         -0.7415221891,                     0,      0.3784236784,      0.7444153339,                 0,       291.7099008,       319.6518124,                 0,       15542.18355,        12363.58687,                  0,        0.1856055456,         0.1347419278,                    0,          301477.0191,           357612.3804,                     0,           103.2625853,           -175.3165022,                      0,        103.2584903,         171.1453008,                   0,                78.25976172,                 196.8366137,                           0,            -7.931114603e-05,               -0.04701873328,                          nan,                      0.7579014714,                        1.150114042,                                nan,           300.0658096,            355.9384021,                      0,            17156.96162,             18084.71892,                       0,      0.9911552632,      0.6112678525,                 0,                 0,                 0,      0.5365135917,      0.4180164992,       1.086875959,                 0,      0.6167226016
         277,      0.0566855205,      -4.248744785,      -1.673137296,       1.223674153,                        10,      -4.123736316,               5,      -4.806598735,    3.11777644e-08,   1.431889065e-05,       1.628120674,       14.51648747,       13.51173299,         0.6282128517,         -0.7480182412,                     0,      0.3758336954,      0.7550693271,                 0,       291.7794084,        319.313571,                 0,       15559.69209,        12347.77579,                  0,        0.1857703815,          0.134712157,                    0,          301434.2551,           358336.3734,                     0,            102.639105,            -177.050522,                      0,        102.6352677,         172.7789237,                   0,                77.63981883,                 199.9730141,                           0,            -7.477067396e-05,                -0.0476707898,                          nan,                      0.7564633537,                        1.157392406,                                nan,           300.0232457,            356.6590061,                      0,            17153.45605,             18264.31844,                       0,      0.9799540897,      0.6046616791,                 0,                 0,                 0,      0.5328213916,      0.4131095271,       1.074833142,                 0,      0.6170306196
         278,     0.05664404409,      -4.242840531,       -1.67344729,       1.233771131,                        10,      -3.645418237,               5,       -4.38106634,   3.737198944e-08,    1.72025948e-05,       1.953744808,       17.41978496,       16.21407958,         0.6254529182,         -0.7533827912,                     0,      0.3736288551,      0.7636260062,                 0,       291.8298059,       318.9070034,                 0,       15573.47072,        12326.53036,                  0,        0.1859027824,         0.1346517055,                    0,          301389.3479,           358781.3831,                     0,           102.1148753,           -178.3421063,                      0,        102.1112789,         174.0937577,                   0,                77.09975027,                 202.5661915,                           0,            -7.043596862e-05,               -0.04707523146,                          nan,                      0.7550561612,                        1.163546553,                                nan,           299.9785487,            357.1019327,                      0,            17149.32671,             18399.39868,                       0,      0.9656013758,      0.5955360444,                 0,                 0,                 0,      0.5276693723,      0.4072223527,       1.058876363,                 0,      0.6167514456
         279,     0.05660683107,      -4.226637451,      -1.669258996,       1.255076144,                        10,      -3.227113157,               6,      -4.728518373,   4.481133643e-08,    2.06686567e-05,        2.34449377,       20.90374195,        19.4568955,          0.623436369,         -0.7571547392,                     0,      0.3720214988,      0.7686925115,                 0,       291.8544023,       318.5277304,                 0,       15581.96394,        12310.07972,                  0,        0.1859884891,         0.1346320036,                    0,           301344.401,           358898.7244,                     0,           101.7385214,           -178.9734214,                      0,        101.7350404,         174.8725091,                   0,                76.69354139,                 204.2439563,                           0,            -6.842915258e-05,               -0.04530202407,                          nan,                      0.7538557125,                        1.167959203,                                nan,           299.9338123,            357.2187247,                      0,            17144.66632,             18475.68332,                       0,      0.9477493251,      0.5835550139,                 0,                 0,                 0,      0.5208225007,      0.4002818853,       1.038527636,                 0,      0.6157271743
         280,     0.05657640214,        -4.2030901,       -1.67171951,       1.282713936,                        10,      -2.864212963,               6,      -4.301817164,   5.376837574e-08,   2.483335904e-05,       0.234449377,       2.090374195,        1.94568955,         0.6224690467,         -0.7591712037,                     0,      0.3712491048,      0.7692111778,                 0,       291.8405412,       318.2659526,                 0,       15582.80816,        12308.14639,                  0,        0.1860073971,         0.1347218128,                    0,          301296.3846,           358669.4666,                     0,           101.5704145,           -178.8540583,                      0,        101.5669083,         174.9942162,                   0,                 76.4719296,                 204.6535807,                           0,            -6.903975897e-05,                -0.0426961802,                          nan,                      0.7529217034,                        1.169487685,                                nan,           299.8860206,            356.9905401,                      0,            17138.88352,             18485.16026,                       0,      0.9265839658,      0.5686059643,                 0,                 0,                 0,      0.5124216637,      0.3925043539,       1.013810101,                 0,      0.6136583248
         281,     0.05647125957,      -4.178125781,      -1.682750501,       1.311719443,                         4,      -4.930538563,               2,      -4.255446602,    5.38222498e-09,   2.486305678e-06,      0.2813392524,       2.508449035,        2.33482746,         0.6223454448,         -0.7599612507,                     0,      0.3712760792,      0.7692299738,                 0,       291.8492974,       318.3063339,                 0,       15583.81863,        12314.62296,                  0,        0.1860138867,         0.1347760627,                    0,          301306.5621,           358712.2842,                     0,            101.546413,            -178.816137,                      0,        101.5430195,         175.0266637,                   0,                76.52240487,                 204.7937954,                           0,            -6.683597501e-05,               -0.04193491814,                          nan,                      0.7535959169,                        1.170071983,                                nan,           299.8961505,            357.0331573,                      0,            17140.22248,             18494.20813,                       0,      0.9252411935,      0.5677238817,                 0,                 0,                 0,      0.5118763043,       0.391970746,       1.012294723,                 0,      0.6135955529
         282,     0.05636971413,      -4.183337303,      -1.692746869,       1.304101007,                         4,      -4.505196448,               3,      -5.866209436,   6.460040624e-09,   2.984055616e-06,      0.3376071029,       3.010138841,       2.801792952,         0.6222457485,         -0.7609636908,                     0,      0.3713218508,      0.7691619052,                 0,        291.855857,       318.3519812,                 0,       15584.47931,        12322.59785,                  0,        0.1860175998,         0.1348443091,                    0,           301315.288,           358752.5451,                     0,           101.5277485,           -178.7923929,                      0,        101.5245063,         175.0805419,                   0,                76.57571216,                 204.8953111,                           0,             -6.38659205e-05,                -0.0410903467,                          nan,                      0.7542584045,                        1.170291734,                                nan,           299.9048355,            357.0732297,                      0,            17141.33926,             18504.07726,                       0,      0.9235221827,      0.5665547337,                 0,                 0,                 0,      0.5111718999,      0.3913118086,       1.010322996,                 0,      0.6134717112
         283,         0.0562705,      -4.192007333,      -1.704552329,       1.292851463,                         4,       -4.09685627,               3,      -5.493083196,   7.754115359e-09,   3.581481508e-06,      0.4051285235,        3.61216661,       3.362151542,         0.6221983408,          -0.762142195,                     0,      0.3714024461,      0.7689532989,                 0,       291.8588995,       318.3988756,                 0,       15584.57439,        12331.66705,                  0,        0.1860168029,         0.1349239105,                    0,          301321.8936,           358780.6108,                     0,           101.5199547,           -178.7870228,                      0,        101.5169233,         175.1541177,                   0,                76.63317425,                 204.9251752,                           0,            -5.971950306e-05,               -0.04022658036,                          nan,                      0.7548807803,                         1.16997064,                                nan,           299.9114102,             357.101164,                      0,            17142.13463,             18513.33952,                       0,      0.9212977587,       0.564985207,                 0,                 0,                 0,       0.510254779,      0.3904934532,       1.007726504,                 0,      0.6132493016
         284,     0.05618307228,      -4.205032283,      -1.717317582,       1.276797214,                         5,      -4.600513526,               3,       -5.13242489,   9.308033955e-09,   4.298549119e-06,      0.4861542282,       4.334599932,       4.034581851,         0.6222430139,         -0.7633928607,                     0,      0.3715417929,      0.7685298051,                 0,       291.8568477,       318.4393692,                 0,       15583.83953,        12341.00912,                  0,        0.1860093471,         0.1350091947,                    0,          301325.7897,           358780.8884,                     0,           101.5306694,           -178.7960218,                      0,        101.5279196,         175.2360674,                   0,                76.69771779,                 204.8433578,                           0,            -5.416683479e-05,               -0.03942496868,                          nan,                      0.7554347426,                        1.168956601,                                nan,           299.9152881,            357.1014403,                      0,            17142.52471,             18519.61447,                       0,      0.9184174569,      0.5628864471,                 0,                 0,                 0,      0.5090641197,      0.3894740737,       1.004311567,                 0,      0.6128873563
         285,     0.05610447727,      -4.221832494,      -1.729540466,       1.256598512,                         5,      -4.145894829,               3,      -4.785460071,   1.117425982e-08,   5.159235746e-06,      0.5833850738,       5.201519918,       4.841498221,         0.6224321591,         -0.7645373908,                     0,      0.3717737343,      0.7677854258,                 0,       291.8478209,        318.463041,                 0,       15581.95265,         12349.4656,                  0,        0.1859925865,         0.1350919638,                    0,          301326.5094,           358731.5818,                     0,           101.5698839,           -178.7993499,                      0,        101.5674856,         175.3013784,                   0,                76.77466032,                 204.6060427,                           0,            -4.722472961e-05,               -0.03874460352,                          nan,                      0.7558980108,                        1.167167336,                                nan,           299.9160044,            357.0523646,                      0,            17142.44871,             18519.39897,                       0,      0.9147211613,      0.5601265271,                 0,                 0,                 0,      0.5075382327,      0.3882062481,      0.9998762115,                 0,      0.6123467465
         286,     0.05602188327,      -4.240068274,      -1.739608837,       1.235376259,                         6,      -4.394694563,               3,      -4.454214554,   1.341600776e-08,   6.192349496e-06,      0.7000620886,       6.241823902,       5.809797865,         0.6228311465,         -0.7653475933,                     0,      0.3721437621,      0.7665753563,                 0,       291.8296158,       318.4590196,                 0,       15578.52421,        12355.82025,                  0,        0.1859632742,         0.1351635328,                    0,          301323.7678,            358606.214,                     0,           101.6500719,           -178.7558835,                      0,        101.6480828,         175.3111144,                   0,                76.87251007,                 204.1710699,                           0,            -3.913534355e-05,               -0.03817023874,                          nan,                      0.7562612886,                        1.164621368,                                nan,           299.9132757,            356.9275836,                      0,            17141.87418,             18508.17975,                       0,      0.9100597691,      0.5565845884,                 0,                 0,                 0,      0.5056256619,      0.3866446079,      0.9942339435,                 0,      0.6115912463
         287,     0.05594485069,      -4.256619819,      -1.746564161,       1.217635321,                         7,      -4.513187109,               3,      -4.140246283,   1.610956134e-08,    7.43252106e-06,      0.8400745063,       7.490188682,       6.971757438,         0.6235184623,         -0.7655915895,                     0,      0.3727104588,      0.7647146443,                 0,       291.7996171,       318.4190159,                 0,       15573.08268,        12359.14875,                  0,        0.1859174413,         0.1352172526,                    0,          301317.4426,           358376.3189,                     0,           101.7863029,           -178.6044738,                      0,        101.7847565,         175.2165315,                   0,                77.00359841,                 203.5024857,                           0,            -3.038397599e-05,               -0.03757811189,                          nan,                      0.7565336996,                        1.161434277,                                nan,           299.9069801,            356.6987646,                      0,             17140.7948,              18480.7377,                       0,      0.9043179833,      0.5521566299,                 0,                 0,                 0,       0.503298267,      0.3847604611,      0.9872321644,                 0,      0.6105779606
         288,     0.05585865225,      -4.269343348,      -1.750277942,       1.206566015,                         7,      -4.031215822,               4,      -4.969277427,   1.934348019e-08,   8.921395386e-06,       1.008089408,       8.988226418,       8.366108925,          0.624584744,         -0.7650727074,                     0,      0.3735455441,      0.7619918974,                 0,         291.75487,       318.3386731,                 0,       15565.08412,        12359.00417,                  0,        0.1858504626,         0.1352499896,                    0,          301307.6647,           358013.8781,                     0,           101.9961036,           -178.2727443,                      0,         101.994987,           174.96549,                   0,                77.18430859,                 202.5725116,                           0,            -2.189475083e-05,               -0.03675914387,                          nan,                      0.7567460996,                        1.157785524,                                nan,            299.897248,            356.3380204,                      0,            17139.24365,             18431.62679,                       0,      0.8974531712,      0.5467537723,                 0,                 0,                 0,        0.50057111,      0.3825737541,      0.9787743379,                 0,      0.6092281914
         289,        0.05578026,      -4.277322728,      -1.751057516,       1.202754237,                         8,      -4.074942946,               4,      -4.597593453,   2.320940676e-08,   1.070902394e-05,       1.209707289,        10.7858717,       10.03933071,         0.6261295232,         -0.7636306729,                     0,      0.3747312189,      0.7581911044,                 0,       291.6922754,       318.2177829,                 0,        15553.9446,        12355.36947,                  0,        0.1857573147,         0.1352615614,                    0,          301294.9267,           357493.8117,                     0,           102.2988382,           -177.6903876,                      0,        102.2980618,         174.5071756,                   0,                77.43444584,                 201.3573487,                           0,            -1.517788587e-05,               -0.03550782273,                          nan,                      0.7569492957,                         1.15386286,                                nan,           299.8845696,            355.8203884,                      0,            17137.30949,             18355.72607,                       0,      0.8895483165,      0.5402906464,                 0,                 0,                 0,      0.4975312432,      0.3802022312,      0.9688428424,                 0,      0.6073763914
         290,     0.05572532199,       -4.27948472,      -1.749286379,       1.205481042,                         9,      -4.071348822,               4,      -4.251642028,   2.785254416e-08,   1.285536807e-05,       1.451648747,       12.94304604,       12.04719685,         0.6282583102,         -0.7611264208,                     0,      0.3763552236,      0.7531079558,                 0,        291.608375,       318.0634108,                 0,       15539.03693,         12348.8493,                  0,        0.1856326702,         0.1352555215,                    0,          301279.6708,           356800.1387,                     0,           102.7151708,            -176.801982,                      0,        102.7145612,          173.794499,                   0,                77.77505378,                  199.826257,                           0,            -1.187092807e-05,                 -0.033731564,                          nan,                      0.7571959894,                        1.149784706,                                nan,           299.8693851,            355.1299625,                      0,            17135.09468,             18249.34064,                       0,      0.8808581121,      0.5326681249,                 0,                 0,                 0,      0.4943654583,      0.3779085637,      0.9575131657,                 0,      0.6047150132
         291,     0.05569234178,      -4.274778849,      -1.745295658,       1.213318131,                        10,      -4.019739759,               5,      -4.762613742,   3.343277234e-08,   1.543173222e-05,       1.741978496,       15.53165525,       14.45663622,         0.6310926879,         -0.7575016067,                     0,      0.3785106753,      0.7465789279,                 0,       291.4979692,       317.8954158,                 0,       15519.52559,        12341.31054,                  0,        0.1854697996,         0.1352438363,                    0,          301260.8835,           355936.9019,                     0,           103.2692597,           -175.5832105,                      0,        103.2686083,         172.7966313,                   0,                78.22490253,                 197.9349978,                           0,            -1.261611767e-05,               -0.03148896834,                          nan,                      0.7574896558,                        1.145479494,                                nan,           299.8506857,            354.2707665,                      0,            17132.53666,             18112.22961,                       0,      0.8718562323,      0.5237819454,                 0,                 0,                 0,      0.4913855489,      0.3761327287,      0.9449894108,                 0,      0.6007664177
         292,     0.05566387201,      -4.263485673,      -1.739585649,       1.224603129,                        10,      -3.566524828,               5,      -4.392164939,   4.014492062e-08,   1.852215422e-05,       2.090374195,        18.6379863,       17.34796347,         0.6348070984,         -0.7529127342,                     0,      0.3813135017,      0.7385404084,                 0,       291.3516909,          317.7424,                 0,       15494.02165,        12335.85578,                  0,        0.1852579673,          0.135248356,                    0,          301234.4068,            354931.174,                     0,           103.9962825,           -174.0591323,                      0,        103.9954328,         171.5256605,                   0,                78.79948195,                 195.6365911,                           0,            -1.633955132e-05,               -0.02889861736,                          nan,                      0.7577206018,                        1.140567485,                                nan,           299.8243329,            353.2697464,                      0,            17129.18703,             17948.78184,                       0,      0.8632305035,      0.5136168383,                 0,                 0,                 0,       0.489019985,      0.3754311272,      0.9316762461,                 0,      0.5949938472
         293,     0.05564636769,      -4.247260489,      -1.732608856,       1.238927567,                        10,      -3.154447235,               5,       -4.03903132,   4.822634219e-08,   2.222547987e-05,       2.508449035,       22.36558356,       20.81755616,         0.6396726292,         -0.7477572266,                     0,      0.3849375408,      0.7291189116,                 0,       291.1554191,       317.6143568,                 0,       15460.41204,        12334.48139,                  0,        0.1849807116,         0.1352868049,                    0,          301193.9996,           353811.6903,                     0,            104.951032,            -172.308783,                      0,        104.9499117,         170.0537609,                   0,                79.51912442,                 192.9168448,                           0,            -2.134772452e-05,               -0.02600292576,                          nan,                      0.7576864344,                        1.134446211,                                nan,           299.7841149,            352.1555029,                      0,            17124.34871,              17765.8215,                       0,      0.8556879881,      0.5024783017,                 0,                 0,                 0,      0.4876875358,      0.3761810802,      0.9182451587,                 0,      0.5872214039
         294,     0.05561163661,      -4.230332557,      -1.723167401,       1.254506058,                        10,      -2.783728562,               6,      -4.334314389,   5.796443543e-08,   2.665907174e-05,      0.2508449035,       2.236558356,       2.081755616,         0.6460391816,         -0.7424101021,                     0,      0.3896314229,      0.7186853696,                 0,       290.8947399,        317.468803,                 0,       15416.35047,        12334.85835,                  0,        0.1846187978,         0.1353519106,                    0,          301136.9494,           352574.9634,                     0,           106.2042416,           -170.4261966,                      0,        106.2027435,          168.476542,                   0,                80.42467644,                 189.8456686,                           0,              -2.8211456e-05,               -0.02274888172,                          nan,                      0.7572749419,                          1.1268374,                                nan,           299.7273318,            350.9245651,                      0,            17117.80684,             17568.37492,                       0,      0.8508702405,      0.4916651881,                 0,                 0,                 0,      0.4880340425,      0.3789013111,      0.9067241145,                 0,      0.5778380354
         295,     0.05550290709,      -4.218484342,      -1.708597078,       1.266468109,                         4,      -4.701686532,               2,      -4.194398219,   5.808445535e-09,   2.663627122e-06,      0.3010138841,       2.683870027,       2.498106739,         0.6477225991,         -0.7420750518,                     0,      0.3905509318,      0.7177412605,                 0,       290.9256455,        317.493371,                 0,       15422.70795,        12339.49915,                  0,        0.1846753286,         0.1353925565,                    0,           301210.879,           352503.3999,                     0,           106.4481348,           -170.1870549,                      0,        106.4467151,         168.2882342,                   0,                80.63522666,                 189.6775107,                           0,            -2.667310741e-05,               -0.02219002969,                          nan,                      0.7575172852,                        1.127099061,                                nan,           299.8009153,            350.8533366,                      0,            17133.21571,             17557.30937,                       0,       0.850618228,      0.4909879325,                 0,                 0,                 0,       0.488061942,      0.3791112509,       0.906032659,                 0,      0.5772130391
         296,     0.05539617138,      -4.226418587,      -1.713265117,       1.255348725,                         4,      -4.297872516,               3,      -5.807240652,   6.971737349e-09,   3.195920257e-06,       0.361216661,       3.220644033,       2.997728087,         0.6492776235,         -0.7415145239,                     0,      0.3915281879,       0.716519832,                 0,       290.9337056,       317.5044275,                 0,       15424.18176,        12342.67316,                  0,        0.1846878704,         0.1354228618,                    0,          301263.8901,           352387.7993,                     0,           106.6960226,           -169.8931054,                      0,        106.6947735,         168.0542929,                   0,                80.86463062,                  189.427033,                           0,            -2.341480749e-05,               -0.02152955483,                          nan,                      0.7579062025,                        1.127177591,                                nan,           299.8536783,            350.7382772,                      0,            17143.74905,             17538.71295,                       0,      0.8502646382,      0.4901270851,                 0,                 0,                 0,      0.4880910282,      0.3793516432,      0.9051336063,                 0,      0.5764406316
         297,     0.05529714866,      -4.237609364,      -1.718247546,       1.240952724,                         5,      -4.839640437,               3,      -5.436969496,   8.368502347e-09,   3.834463554e-06,      0.4334599932,       3.864772839,       3.597273705,         0.6507591566,         -0.7407421643,                     0,      0.3925994977,      0.7149840555,                 0,       290.9158215,         317.50268,                 0,       15420.20472,        12344.72795,                  0,        0.1846516078,         0.1354463354,                    0,          301294.4499,           352225.1269,                     0,            106.959945,           -169.5440079,                      0,         106.958932,         167.7740374,                   0,                81.11627098,                  189.076655,                           0,            -1.894253369e-05,               -0.02077020181,                          nan,                      0.7583870694,                        1.126972075,                                nan,            299.884095,            350.5763663,                      0,            17149.10438,             17512.37245,                       0,      0.8497666054,      0.4890231612,                 0,                 0,                 0,      0.4881220002,      0.3796244363,      0.9039536621,                 0,      0.5754793824
         298,     0.05519776288,      -4.252114904,      -1.723759396,       1.223368457,                         5,      -4.385568225,               3,       -5.07876745,   1.004579626e-08,   4.602394748e-06,      0.5201519918,       4.637727407,       4.316728446,         0.6522887533,         -0.7397639713,                     0,      0.3938238671,      0.7130979633,                 0,       290.8704876,        317.485916,                 0,       15410.71166,        12345.84397,                  0,        0.1845666981,         0.1354658901,                    0,            301303.74,            352009.313,                     0,           107.2601145,           -169.1385983,                      0,        107.2593529,         167.4459542,                   0,                81.39615818,                 188.6085025,                           0,            -1.420058333e-05,               -0.01991472851,                          nan,                      0.7588723589,                        1.126384351,                                nan,           299.8933416,            350.3615626,                      0,            17149.74832,             17477.87779,                       0,      0.8490855748,      0.4876143093,                 0,                 0,                 0,      0.4881610912,      0.3799364425,      0.9024202611,                 0,      0.5742817023
         299,     0.05510991833,      -4.268459071,      -1.729947682,       1.204548964,                         6,      -4.697184917,               3,      -4.733448167,   1.206020872e-08,   5.524351754e-06,      0.6241823902,       5.565272889,       5.180074135,         0.6540456792,          -0.738515541,                     0,      0.3952814398,      0.7108094961,                 0,       290.7981278,       317.4456985,                 0,       15396.14692,        12345.55129,                  0,        0.1844381483,         0.1354799521,                    0,          301295.9557,           351726.0234,                     0,           107.6235173,            -168.663986,                      0,        107.6229632,         167.0577138,                   0,                81.71402879,                 188.0053131,                           0,            -1.029746304e-05,               -0.01895631051,                          nan,                      0.7592620232,                        1.125391392,                                nan,           299.8855938,            350.0795991,                      0,            17146.91538,             17433.64959,                       0,      0.8482023395,      0.4858521965,                 0,                 0,                 0,      0.4882243722,      0.3803016722,      0.9004833167,                 0,      0.5728022358
         300,     0.05501949468,      -4.283772539,      -1.737308474,       1.188023695,                         6,      -4.221784041,               3,       -4.40121911,   1.447978808e-08,    6.63055037e-06,      0.7490188682,       6.678327466,       6.216088962,         0.6562339036,         -0.7367922188,                     0,      0.3970655841,        0.70802282,                 0,       290.7005887,       317.3681227,                 0,        15377.2374,        12342.57277,                  0,         0.184273429,         0.1354804148,                    0,           301277.445,           351351.0629,                     0,           108.0798781,           -168.0810777,                      0,        108.0794328,         166.5722847,                   0,                82.08400081,                 187.2515945,                           0,            -8.239274045e-06,                 -0.017872579,                          nan,                      0.7594784566,                        1.124146162,                                nan,           299.8671697,            349.7063937,                      0,            17142.28871,              17376.3068,                       0,      0.8471073396,      0.4837150268,                 0,                 0,                 0,      0.4883316313,      0.3807257288,      0.8981196977,                 0,      0.5710197565
         301,     0.05919444503,      -4.295342505,      -1.746958808,       1.176734419,                         7,      -4.383771868,               3,      -4.081663451,    1.73863322e-08,   7.957342065e-06,      0.8988226418,        8.01399296,       7.459306754,         0.6590335264,         -0.7342419655,                     0,      0.3992699112,      0.7045825815,                 0,       290.5800305,       317.2421567,                 0,       15354.60543,         12335.5981,                  0,        0.1840785522,         0.1354575702,                    0,           301254.992,           350858.4947,                     0,           108.6559602,           -167.3175975,                      0,         108.655484,         165.9201669,                   0,                82.52431597,                 186.3364648,                           0,            -8.764825738e-06,               -0.01663417296,                          nan,                      0.7595043795,                        1.123048923,                                nan,           299.8448218,            349.2161312,                      0,            17137.45608,             17301.64513,                       0,      0.8458110498,      0.4812318456,                 0,                 0,                 0,      0.4885063671,      0.3811993436,      0.8953588563,                 0,      0.5689590432
         302,     0.05911173828,      -4.302756886,      -1.759898308,       1.170248139,                         8,      -4.451097775,               4,      -4.914617638,   2.087808836e-08,   9.548187927e-06,        1.07858717,       9.616791552,       8.951168105,         0.6625581599,          -0.730491764,                     0,      0.4019739729,      0.7003011103,                 0,       290.4376663,       317.0745107,                 0,          15328.44,        12325.10383,                  0,        0.1838549329,         0.1354137508,                    0,          301233.8735,           350240.1202,                     0,           109.3703878,           -166.2827538,                      0,        109.3697223,         165.0119472,                   0,                83.05558303,                 185.2592271,                           0,              -1.2169754e-05,               -0.01522648078,                          nan,                      0.7594019743,                        1.122701903,                                nan,           299.8238022,            348.6006513,                      0,            17133.41605,             17207.83936,                       0,      0.8443359041,      0.4785004708,                 0,                 0,                 0,      0.4887660731,      0.3816810858,      0.8922921989,                 0,      0.5667181372
         303,      0.0590397375,      -4.307884482,      -1.775012912,       1.165117908,                         9,      -4.449106375,               4,      -4.523201074,   2.507288042e-08,    1.14552378e-05,       1.294304604,       11.54014986,       10.74140173,         0.6668394048,         -0.7253960244,                     0,      0.4052312644,      0.6950550309,                 0,       290.2733893,       316.8977401,                 0,       15298.48142,        12314.90139,                  0,        0.1835994306,         0.1353769425,                    0,          301216.9199,           349523.6225,                     0,           110.2310743,           -164.9093068,                      0,        110.2300777,         163.7789358,                   0,                83.69721924,                   184.03943,                           0,            -1.808252148e-05,               -0.01366201701,                          nan,                       0.759295657,                        1.123706349,                                nan,           299.8069279,            347.8875076,                      0,            17130.44903,              17099.2299,                       0,      0.8426751212,      0.4756847997,                 0,                 0,                 0,      0.4890948356,      0.3820662411,      0.8890459921,                 0,      0.5644937032
         304,     0.05897443967,      -4.311362617,      -1.787483855,       1.159795328,                        10,      -4.396188844,               4,      -4.152062207,   3.011163166e-08,    1.37412485e-05,       1.553165525,       13.84817983,       12.88968207,         0.6718462634,         -0.7192404585,                     0,      0.4090629045,      0.6889342712,                 0,       290.0859801,       316.7538566,                 0,       15264.28516,        12311.08023,                  0,        0.1833073656,         0.1353962409,                    0,          301204.4167,           348767.5976,                     0,           111.2366848,           -163.2049327,                      0,         111.235263,         162.2259798,                   0,                84.46198953,                 182.7322845,                           0,             -2.55626935e-05,               -0.01196062908,                          nan,                      0.7593094784,                        1.126405799,                                nan,           299.7944832,            347.1350216,                      0,            17128.34691,             16986.91352,                       0,       0.840735409,      0.4729861723,                 0,                 0,                 0,      0.4894052597,      0.3821585884,      0.8857238624,                 0,      0.5625862397
         305,     0.05891855458,      -4.309234237,        -1.7910507,       1.159387994,                        10,      -3.907088098,               5,      -4.638837287,   3.616213561e-08,   1.648173004e-05,        1.86379863,        16.6178158,       15.46761848,         0.6775337707,         -0.7126764309,                     0,      0.4134643304,      0.6823745117,                 0,        289.872625,        316.651945,                 0,       15225.40859,        12317.47212,                  0,        0.1829750527,         0.1355100024,                    0,           301193.883,           348025.2972,                     0,           112.3832248,           -161.2743363,                      0,        112.3813324,         160.4562607,                   0,                85.35086292,                 181.4505301,                           0,            -3.367836422e-05,                -0.0101194123,                          nan,                      0.7594754497,                        1.130841073,                                nan,           299.7839989,            346.3961959,                      0,            17126.67622,             16883.91916,                       0,      0.8382687218,      0.4705929051,                 0,                 0,                 0,      0.4894922475,      0.3816466963,       0.882325298,                 0,      0.5613866924
         306,     0.05885819218,      -4.296820975,      -1.783741654,        1.17120405,                        10,         -3.456531,               5,      -4.250004757,   4.342267299e-08,   1.976712692e-05,       2.236558356,       19.94137896,       18.56114218,         0.6839019441,         -0.7063147306,                     0,      0.4184333376,      0.6761513447,                 0,       289.6277339,       316.5332498,                 0,       15181.28583,        12330.88286,                  0,        0.1825990283,         0.1357082787,                    0,          301180.1523,           347303.6533,                     0,            113.674365,           -159.2748346,                      0,        113.6719721,         158.6253854,                   0,                86.35473472,                 180.3835531,                           0,            -4.209987911e-05,              -0.008138449701,                          nan,                       0.759683615,                        1.137166997,                                nan,           299.7703324,            345.6779299,                      0,             17124.8976,             16798.07625,                       0,      0.8348944409,      0.4686807341,                 0,                 0,                 0,      0.4890195111,      0.3801212988,      0.8787594416,                 0,       0.561365259
         307,     0.05884122208,      -4.277351748,       -1.76981267,       1.192803116,                        10,      -3.050418567,               6,      -4.588676752,    5.21245706e-08,   2.370483844e-05,       2.683870027,       23.92965475,       22.27247909,            0.6910207,         -0.7002259681,                     0,      0.4240061657,      0.6711834424,                 0,       289.3441897,       316.2913401,                 0,       15131.16575,        12341.66229,                  0,         0.182174487,         0.1359307511,                    0,          301158.4434,           346566.8991,                     0,           115.1267837,           -157.3145646,                      0,        115.1238017,         156.8324223,                   0,                87.46817013,                 179.8020533,                           0,            -5.180353264e-05,              -0.006120265208,                          nan,                      0.7597748585,                        1.146459709,                                nan,           299.7487252,            344.9446245,                      0,            17122.64728,             16729.90106,                       0,      0.8314082842,      0.4679800859,                 0,                 0,                 0,      0.4880098829,      0.3777727382,      0.8760895241,                 0,      0.5628763807
         308,     0.05902598447,      -4.258768359,      -1.755416396,       1.214840191,                        10,      -2.695225491,               6,       -4.18931926,   6.246524169e-08,   2.842132109e-05,      0.2683870027,       2.392965475,       2.227247909,         0.6989669278,         -0.6937276888,                     0,      0.4302520912,      0.6682205774,                 0,       289.0192529,       315.8546036,                 0,       15074.65628,        12340.93392,                  0,        0.1816981027,         0.1361110072,                    0,          301130.3604,           345800.3441,                     0,           116.7581612,           -155.3560284,                      0,        116.7543395,         155.0203489,                   0,                88.70447905,                 180.0311212,                           0,            -6.546190058e-05,              -0.004316753138,                          nan,                      0.7597531658,                         1.16133864,                                nan,           299.7207736,            344.1816578,                      0,            17120.32139,              16678.2148,                       0,      0.8290746479,      0.4694965181,                 0,                 0,                 0,      0.4866667738,      0.3749974521,      0.8758816491,                 0,       0.566289802
         309,     0.05891956161,      -4.241845481,      -1.745359307,       1.236412567,                         4,      -4.546581998,               2,      -4.053840225,   6.222786376e-09,   2.838775501e-06,      0.3220644033,        2.87155857,        2.67269749,         0.7009510578,         -0.6926440983,                     0,      0.4313750417,      0.6675396111,                 0,       289.0458188,       315.8626905,                 0,       15080.25457,        12345.22173,                  0,        0.1817489288,         0.1361550708,                    0,           301214.207,           345746.7745,                     0,           117.0563128,           -155.0252119,                      0,        117.0526021,         154.7056393,                   0,                88.95604452,                 180.0153806,                           0,            -6.339991774e-05,              -0.004118598029,                          nan,                      0.7599663991,                        1.163599345,                                nan,           299.8042277,            344.1283389,                      0,            17137.86932,             16673.47842,                       0,      0.8285862517,      0.4694496777,                 0,                 0,                 0,      0.4863953065,      0.3746373306,      0.8755484264,                 0,      0.5665670614
         310,     0.05880998714,      -4.245064578,      -1.755477478,       1.232352761,                         4,      -4.154207247,               3,      -5.602981913,   7.463513817e-09,    3.40618134e-06,      0.3864772839,       3.445870285,       3.207236988,         0.7027456093,          -0.691074444,                     0,       0.432556274,      0.6667708242,                 0,       289.0456956,       315.8356981,                 0,       15080.09144,        12346.34246,                  0,        0.1817470776,         0.1361792557,                    0,          301273.2932,           345646.6491,                     0,           117.3563737,           -154.6006207,                      0,        117.3529468,         154.3024814,                   0,                89.22685513,                 180.0241125,                           0,            -5.839947941e-05,               -0.00385317689,                          nan,                      0.7603290547,                         1.16669616,                                nan,           299.8630374,            344.0286823,                      0,            17149.48301,             16662.92675,                       0,       0.828029077,      0.4694654879,                 0,                 0,                 0,      0.4860742938,      0.3741845322,      0.8752233615,                 0,      0.5669673939
         311,     0.05870776987,      -4.250130914,      -1.767688809,       1.226637574,                         5,      -4.680530237,               3,      -5.238484179,   8.950724247e-09,   4.086783304e-06,      0.4637727407,       4.135044341,       3.848684386,         0.7044068579,         -0.6889037561,                     0,      0.4338294008,        0.66591291,                 0,       289.0167677,       315.7695797,                 0,       15073.80104,        12344.30675,                  0,        0.1816894723,         0.1361854399,                    0,          301307.1219,           345495.4273,                     0,            117.670131,           -154.0529077,                      0,        117.6670944,          153.782263,                   0,                89.51927468,                 180.0806828,                           0,            -5.161191958e-05,              -0.003510572367,                          nan,                      0.7607842716,                        1.171010747,                                nan,           299.8967077,            343.8781683,                      0,            17155.07746,              16646.5532,                       0,      0.8273954814,      0.4695750691,                 0,                 0,                 0,      0.4856948461,      0.3736141187,      0.8749265789,                 0,      0.5675340024
         312,     0.05860660927,      -4.258812492,      -1.781861137,       1.216927328,                         5,      -4.239904407,               3,      -4.883376667,   1.073297769e-08,   4.903006963e-06,      0.5565272889,        4.96205321,       4.618421263,         0.7060591553,         -0.6860228253,                     0,      0.4352468274,      0.6649788196,                 0,       288.9592857,       315.6640815,                 0,       15061.68489,        12339.69707,                  0,        0.1815795585,           0.13618017,                    0,          301318.6357,           345293.9487,                     0,           118.0166174,           -153.3500241,                      0,        118.0139816,         153.1127905,                   0,                89.83767265,                  180.219091,                           0,            -4.466647174e-05,              -0.003091620867,                          nan,                        0.76124601,                        1.177034854,                                nan,           299.9081676,            343.6776328,                      0,            17155.52004,             16625.34932,                       0,      0.8266536445,      0.4697968275,                 0,                 0,                 0,      0.4852365925,      0.3728896241,      0.8746534373,                 0,      0.5683115663
         313,     0.05851530064,      -4.271114361,      -1.797380731,       1.202986279,                         6,       -4.52501448,               3,      -4.538910093,   1.286818675e-08,   5.881639618e-06,      0.6678327466,       5.954463852,       5.542105516,         0.7078743072,         -0.6823570668,                     0,      0.4368730625,      0.6640103497,                 0,       288.8761855,       315.5253662,                 0,       15044.67885,        12333.86802,                  0,        0.1814267166,         0.1361757701,                    0,          301314.2299,           345052.5535,                     0,           118.4189922,            -152.464008,                      0,        118.4166737,         152.2642963,                   0,                90.18892859,                 180.4848943,                           0,            -3.915667262e-05,              -0.002618072363,                          nan,                      0.7616235599,                        1.185339562,                                nan,           299.9037824,            343.4373676,                      0,            17152.53039,             16601.79459,                       0,      0.8257374748,      0.4701317992,                 0,                 0,                 0,      0.4846632137,      0.3719578464,      0.8743647102,                 0,      0.5693477813
         314,     0.05842547238,       -4.28428413,      -1.813716212,       1.188002161,                         6,      -4.067262799,               3,      -4.206906312,   1.542528058e-08,   7.054671516e-06,       0.801399296,       7.145356622,       6.650526619,         0.7100242912,         -0.6779131383,                     0,      0.4387707381,      0.6631011122,                 0,       288.7723298,       315.3675181,                 0,       15024.04866,        12328.98277,                  0,        0.1812430891,         0.1361901364,                    0,          301302.2691,           344794.7005,                     0,           118.8986294,           -151.3827934,                      0,         118.896484,         151.2209193,                   0,                 90.5820524,                 180.9342762,                           0,            -3.608766343e-05,              -0.002137462075,                          nan,                      0.7618564431,                        1.196489725,                                nan,           299.8918776,            343.1807216,                      0,            17148.19692,             16580.24334,                       0,      0.8245650226,      0.4705767038,                 0,                 0,                 0,      0.4839284509,      0.3707555848,      0.8740081275,                 0,      0.5706969019
         315,     0.05834911614,      -4.293831689,      -1.830522385,       1.177480892,                         7,      -4.208624271,               4,      -5.090055407,   1.848608736e-08,    8.46033838e-06,      0.9616791552,       8.574427947,       7.980631943,         0.7126247562,         -0.6728260224,                     0,      0.4409835952,      0.6624216432,                 0,       288.6529525,       315.2104093,                 0,       15000.92759,        12327.59814,                  0,        0.1810390011,          0.136243102,                    0,          301290.6062,           344556.8061,                     0,            119.468577,           -150.1240161,                      0,        119.4664562,          149.995432,                   0,                91.02657516,                 181.6309239,                           0,            -3.550341212e-05,              -0.001712305464,                          nan,                      0.7619425404,                        1.210909702,                                nan,           299.8802693,            342.9439407,                      0,            17144.27957,             16566.72462,                       0,      0.8230358209,      0.4711334232,                 0,                 0,                 0,      0.4829743388,      0.3692017799,      0.8735243046,                 0,      0.5724336793
         316,     0.05829761199,      -4.297169152,      -1.846342355,       1.174646685,                         8,      -4.279737149,               4,      -4.693446305,   2.214745158e-08,   1.014441934e-05,       1.154014986,       10.28931354,       9.576758331,         0.7157003099,          -0.667364399,                     0,      0.4435242027,      0.6622295831,                 0,        288.521829,       315.0715046,                 0,       14975.94673,        12331.55676,                  0,        0.1808196525,           0.13634771,                    0,          301284.0312,           344380.1776,                     0,           120.1298738,           -148.7425914,                      0,        120.1276844,         148.6388725,                   0,                 91.5297036,                 182.6408584,                           0,            -3.645027236e-05,              -0.001394122921,                          nan,                      0.7619368012,                        1.228755677,                                nan,            299.873725,             342.768139,                      0,            17141.66024,              16567.5821,                       0,      0.8210929758,      0.4718442183,                 0,                 0,                 0,      0.4817543299,      0.3672255645,      0.8729123817,                 0,      0.5746538239
         317,     0.05824154371,      -4.295814565,      -1.856868982,       1.177467724,                         9,      -4.295914591,               4,      -4.322356525,   2.652362811e-08,   1.216181964e-05,       1.384817983,       12.34717624,          11.49211,         0.7191930776,         -0.6618431486,                     0,      0.4463719102,      0.6628450589,                 0,       288.3804857,       314.9537431,                 0,       14949.21728,        12340.42423,                  0,        0.1805853855,           0.13649811,                    0,          301283.3062,           344295.7134,                     0,           120.8728632,           -147.3207286,                      0,        120.8706001,         147.2319281,                   0,                92.09306393,                 184.0276616,                           0,            -3.744526022e-05,              -0.001205176779,                          nan,                      0.7619145088,                        1.249916808,                                nan,           299.8730035,            342.6840702,                      0,            17140.29261,             16587.01826,                       0,      0.8188007162,      0.4728143506,                 0,                 0,                 0,      0.4802659355,      0.3648142439,      0.8722950134,                 0,      0.5774474072
         318,     0.05817966301,      -4.292287668,      -1.856901916,        1.18260587,                        10,      -4.259282671,               5,      -4.883475198,    3.17491187e-08,   1.457843549e-05,        1.66178158,       14.81661149,         13.790532,         0.7230083329,         -0.6564332074,                     0,      0.4494820381,      0.6645815221,                 0,       288.2285964,       314.8380604,                 0,       14920.62318,        12350.52898,                  0,        0.1803349527,         0.1366621171,                    0,          301286.0099,           344309.9527,                     0,           121.6828183,           -145.9334383,                      0,        121.6805408,         145.8489176,                   0,                92.71057829,                 185.8502599,                           0,            -3.743408764e-05,              -0.001158009624,                          nan,                      0.7619178688,                         1.27426561,                                nan,           299.8756945,            342.6982429,                      0,            17139.62055,             16624.85003,                       0,       0.816446461,      0.4742000359,                 0,                 0,                 0,      0.4785980942,      0.3621017871,       0.871970638,                 0,      0.5808097145
         319,     0.05811497719,      -4.286579524,      -1.846417202,       1.190022513,                        10,      -3.816293475,               5,      -4.488052688,   3.798235058e-08,   1.747330569e-05,       1.994137896,       17.77993379,        16.5486384,         0.7270645026,         -0.6509533082,                     0,      0.4528017001,       0.667643538,                 0,       288.0650443,       314.6920381,                 0,       14890.14263,        12355.95797,                  0,        0.1800687305,         0.1367884194,                    0,           301288.437,           344406.0253,                     0,           122.5462778,           -144.5985882,                      0,        122.5440379,         144.5045111,                   0,                93.36945969,                  188.160481,                           0,            -3.655534823e-05,              -0.001300794867,                          nan,                      0.7619257637,                        1.302108007,                                nan,           299.8781102,            342.7938657,                      0,            17139.10378,             16676.41621,                       0,      0.8146821819,       0.476149018,                 0,                 0,                 0,      0.4769929329,      0.3595172893,      0.8724518689,                 0,      0.5844598404
         320,     0.05806307477,      -4.277868012,      -1.832235476,       1.201018479,                        10,      -3.396348276,               5,      -4.115477495,     4.5411137e-08,   2.094108735e-05,       2.392965475,       21.33592055,       19.85836608,         0.7313133914,         -0.6448084814,                     0,      0.4562851537,      0.6720303347,                 0,       287.8892398,       314.4960405,                 0,       14857.98575,        12351.77047,                  0,        0.1797895658,         0.1368306183,                    0,          301287.7636,           344564.1568,                     0,           123.4537882,           -143.2394616,                      0,        123.4515733,         143.1164296,                   0,                94.05586281,                 190.9948459,                           0,             -3.58811522e-05,              -0.001717113372,                          nan,                      0.7618846829,                        1.334541719,                                nan,             299.87744,             342.951257,                      0,            17138.53519,             16735.46075,                       0,      0.8145276758,      0.4786215532,                 0,                 0,                 0,      0.4758369396,      0.3578960562,      0.8743250762,                 0,      0.5876062501
         321,     0.05815258478,       -4.26743062,      -1.821477741,       1.214576615,                        10,      -3.010900783,               6,       -4.43240862,   5.426189686e-08,   2.509488792e-05,        2.87155857,       25.60310466,       23.82993096,         0.7357151108,         -0.6371701326,                     0,      0.4598958663,      0.6774858771,                 0,       287.7032219,       314.2679681,                 0,       14824.68728,        12337.37845,                  0,        0.1795026005,         0.1367737636,                    0,          301284.3543,           344784.2446,                     0,           124.3955971,           -141.6894879,                      0,        124.3933285,         141.5162355,                   0,                94.76272794,                 194.3543014,                           0,            -3.647428885e-05,              -0.002444027158,                          nan,                       0.761799118,                        1.373371053,                                nan,           299.8740467,            343.1703146,                      0,            17138.17235,             16797.81673,                       0,      0.8174733776,      0.4813412843,                 0,                 0,                 0,      0.4756611325,      0.3585911583,      0.8782736112,                 0,      0.5888158532
         322,      0.0581891387,      -4.257623432,       -1.81605045,       1.227998218,                        10,      -2.669286672,               6,        -4.0407913,   6.481524695e-08,   3.006972572e-05,       0.287155857,       2.560310466,       2.382993096,         0.7401807732,         -0.6272635575,                     0,      0.4635800298,      0.6835045085,                 0,       287.5141286,       314.0596682,                 0,       14791.31472,        12317.07812,                  0,        0.1792162788,         0.1366421942,                    0,          301282.9387,           345081.6541,                     0,           125.3510448,           -139.7401103,                      0,         125.348626,         139.5016363,                   0,                95.49005941,                 198.1695046,                           0,            -3.859201791e-05,              -0.003410194585,                          nan,                      0.7617958207,                        1.420553262,                                nan,           299.8726376,             343.466332,                      0,            17138.70031,             16862.08798,                       0,      0.8251762597,      0.4838370219,                 0,                 0,                 0,      0.4770074453,      0.3632062087,      0.8849267615,                 0,      0.5863438462
         323,     0.05809357222,         -4.249773,      -1.814428408,       1.239440485,                         4,      -4.441509138,               3,      -5.854642092,   6.452455191e-09,   3.003346046e-06,      0.3445870285,       3.072372559,       2.859591715,         0.7412685699,         -0.6252146689,                     0,      0.4642154282,      0.6834147764,                 0,       287.5218316,       314.0706431,                 0,       14793.32465,        12323.71004,                  0,        0.1792358609,         0.1367109229,                    0,          301325.0289,           345086.6541,                     0,           125.5211152,           -139.2491607,                      0,         125.518814,         138.9918631,                   0,                 95.6268855,                  198.451339,                           0,            -3.666532783e-05,              -0.003692084832,                          nan,                       0.761853004,                        1.427791056,                                nan,           299.9145308,            343.4713085,                      0,            17147.80815,              16870.0272,                       0,      0.8251561917,      0.4837160802,                 0,                 0,                 0,      0.4768938149,      0.3632635345,      0.8848183947,                 0,       0.586211538
         324,     0.05799345446,      -4.252814421,      -1.828451209,        1.23406515,                         4,      -4.056490751,               3,      -5.483774436,   7.739580347e-09,   3.603728799e-06,      0.4135044341,       3.686847071,       3.431510058,         0.7422411312,         -0.6226203273,                     0,      0.4648800634,      0.6835306755,                 0,       287.5152469,       314.0659438,                 0,       14792.21944,        12327.98765,                  0,        0.1792265982,          0.136760349,                    0,          301353.7504,           345092.4759,                     0,           125.6917591,           -138.6615407,                      0,        125.6896433,         138.3834263,                   0,                95.77293033,                 198.8775396,                           0,            -3.366562188e-05,              -0.004007390745,                          nan,                      0.7619794902,                        1.437148543,                                nan,           299.9431179,            343.4771031,                      0,            17153.62562,             16877.86336,                       0,      0.8253436345,      0.4836492887,                 0,                 0,                 0,      0.4768248655,      0.3634531151,      0.8848788519,                 0,      0.5859974785
         325,      0.0578974319,      -4.259095611,      -1.840648185,       1.225150934,                         5,      -4.534713577,               3,      -5.123855267,   9.282891981e-09,   4.324031422e-06,       0.496205321,       4.424216485,       4.117812069,           0.74312751,         -0.6194446215,                     0,      0.4655879942,      0.6838948052,                 0,       287.4939714,       314.0532773,                 0,       14787.94392,        12330.62732,                  0,        0.1791880714,         0.1367950548,                    0,          301369.4421,            345111.193,                     0,           125.8683268,           -137.9614482,                      0,         125.866437,         137.6624218,                   0,                95.92881955,                 199.4817372,                           0,            -3.002712709e-05,              -0.004330228742,                          nan,                      0.7621477324,                        1.449064564,                                nan,           299.9587361,            343.4957326,                      0,            17156.23752,             16887.15978,                       0,      0.8258783728,      0.4836719376,                 0,                 0,                 0,      0.4768411331,      0.3638647602,      0.8852209137,                 0,      0.5856454819
         326,     0.05780376636,      -4.270034621,      -1.847975001,        1.21098776,                         5,      -4.109509017,               3,      -4.777330888,   1.113319787e-08,   5.188176062e-06,      0.5954463852,       5.309059782,       4.941374483,         0.7439889999,         -0.6156870983,                     0,      0.4663597239,      0.6845498234,                 0,       287.4591466,       314.0414981,                 0,       14780.83944,        12332.54654,                  0,        0.1791236949,         0.1368213766,                    0,           301374.415,           345156.1028,                     0,           126.0589536,           -137.1371141,                      0,        126.0572961,         136.8201871,                   0,                96.09583069,                 200.2954186,                           0,            -2.629661617e-05,              -0.004616705505,                          nan,                      0.7623186732,                         1.46393177,                                nan,           299.9636858,            343.5404322,                      0,            17156.25895,             16899.74173,                       0,      0.8269148484,      0.4838047173,                 0,                 0,                 0,      0.4769892766,      0.3646087861,      0.8859546286,                 0,      0.5850719917
         327,     0.05771624177,      -4.284527109,      -1.849120421,       1.192923749,                         6,      -4.384868648,               3,      -4.446375583,   1.335133423e-08,   6.224854796e-06,      0.7145356622,       6.370871738,        5.92964938,         0.7449028201,         -0.6113721817,                     0,      0.4672161772,      0.6855333527,                 0,       287.4136218,        314.037754,                 0,       14771.61051,        12334.48879,                  0,        0.1790402163,         0.1368445094,                    0,          301372.8015,           345238.2083,                     0,           126.2721184,            -136.182093,                      0,        126.2706696,          135.854109,                   0,                96.27580879,                 201.3426949,                           0,            -2.294860099e-05,              -0.004811044664,                          nan,                       0.762455835,                        1.482050829,                                nan,           299.9620799,            343.6221533,                      0,            17154.73308,             16917.14138,                       0,      0.8286006251,       0.484038572,                 0,                 0,                 0,      0.4773156535,      0.3658080635,       0.887162215,                 0,      0.5841638992
         328,     0.05763777751,      -4.298491705,      -1.846567743,       1.176156737,                         7,      -4.558421018,               3,      -4.130874655,   1.601015933e-08,    7.46847752e-06,      0.8574427947,       7.645046086,       7.115579256,         0.7459327122,         -0.6065394831,                     0,      0.4681690884,      0.6868728017,                 0,        287.361484,       314.0456775,                 0,       14761.14957,        12336.79442,                  0,        0.1789458932,         0.1368667532,                    0,          301369.5438,           345363.8945,                     0,           126.5129128,           -135.0973032,                      0,         126.511634,         134.7680796,                   0,                96.47047479,                 202.6343934,                           0,            -2.021537877e-05,              -0.004867935165,                          nan,                       0.762542319,                        1.503578547,                                nan,           299.9588374,            343.7472512,                      0,            17152.82484,              16940.2636,                       0,      0.8310511216,      0.4843192603,                 0,                 0,                 0,      0.4778577782,      0.3675872747,      0.8888704675,                 0,      0.5827791428
         329,     0.05755868182,      -4.307239868,      -1.845372547,       1.166851523,                         7,      -4.104401066,               4,      -5.046208265,   1.919699335e-08,   8.960182754e-06,       1.028931354,       9.174055303,       8.538695107,         0.7470990873,         -0.6012474328,                     0,      0.4692111202,      0.6885828039,                 0,       287.3070946,       314.0659313,                 0,       14750.29141,        12339.51405,                  0,        0.1788481219,         0.1368884997,                    0,           301368.845,           345535.4514,                     0,           126.7796263,           -133.8949616,                      0,        126.7784835,         133.5738507,                   0,                96.67993485,                 204.1628284,                           0,            -1.802801056e-05,              -0.004790707222,                          nan,                      0.7625894568,                        1.528464046,                                nan,           299.9581418,             343.918005,                      0,            17151.42893,             16969.56087,                       0,      0.8343360355,      0.4845415606,                 0,                 0,                 0,      0.4786368782,      0.3700656252,      0.8910379213,                 0,      0.5807510883
         330,     0.05750416888,      -4.309543435,      -1.849404391,        1.16657289,                         8,      -4.183631637,               4,      -4.658099682,   2.301665404e-08,   1.074642632e-05,       1.234717624,       11.00886636,       10.24643413,         0.7483676264,         -0.5955843796,                     0,      0.4703115447,      0.6906679439,                 0,       287.2539394,       314.0968115,                 0,       14739.62146,        12342.63608,                  0,        0.1787518296,         0.1369104144,                    0,          301372.7195,           345752.0862,                     0,            127.062949,            -132.602987,                      0,        127.0619252,         132.2931114,                   0,                96.90077901,                 205.8990835,                           0,            -1.611451026e-05,              -0.004668273213,                          nan,                      0.7626264033,                        1.556385524,                                nan,           299.9619982,            344.1336258,                      0,            17150.89844,             17005.40621,                       0,      0.8385015214,      0.4845663871,                 0,                 0,                 0,      0.4796630411,      0.3733641142,      0.8935819062,                 0,      0.5778956564
         331,     0.05746356958,       -4.30817758,      -1.858507726,       1.171369128,                         9,      -4.190284818,               4,      -4.280597528,   2.759529659e-08,   1.288782946e-05,       1.481661149,       13.21063964,       12.29572095,         0.7496663046,         -0.5896411634,                     0,      0.4714215652,      0.6931198384,                 0,        287.203903,       314.1328542,                 0,       14729.44475,        12345.93615,                  0,         0.178659545,         0.1369322652,                    0,          301380.5081,           346008.1496,                     0,           127.3488348,           -131.2610513,                      0,        127.3479295,         130.9534805,                   0,                97.12496164,                 207.7941696,                           0,            -1.421655113e-05,              -0.004680908688,                          nan,                      0.7626740537,                        1.586778517,                                nan,           299.9697503,            344.3884905,                      0,            17151.06323,             17047.78411,                       0,      0.8436314304,       0.484260005,                 0,                 0,                 0,      0.4809556136,      0.3776304848,      0.8964468528,                 0,      0.5740184488
         332,     0.05742580901,      -4.306069142,      -1.869234356,       1.176969269,                        10,      -4.129009884,               5,      -4.800361568,   3.308532512e-08,   1.545445185e-05,       1.777993379,       15.85276756,       14.75486514,         0.7509192775,         -0.5834340982,                     0,       0.472487159,      0.6959024064,                 0,       287.1574822,        314.162658,                 0,       14719.91409,        12348.45532,                  0,        0.1785728166,         0.1369480544,                    0,          301389.7904,           346289.3349,                     0,           127.6232755,           -129.9036247,                      0,        127.6224921,         129.5750825,                   0,                97.34082165,                 209.7858637,                           0,            -1.227647199e-05,                -0.0050518482,                          nan,                      0.7627246579,                        1.619029366,                                nan,           299.9789893,            344.6683596,                      0,            17151.51597,             17095.21283,                       0,      0.8498290492,      0.4834757284,                 0,                 0,                 0,        0.48253016,      0.3830357887,      0.8995786666,                 0,      0.5689093929
         333,     0.05738687425,      -4.304011977,      -1.877806727,       1.181914028,                        10,      -3.675619731,               5,      -4.371339467,   3.967167244e-08,   1.852995231e-05,       2.133592055,       19.02332108,       17.70583817,         0.7520699096,         -0.5768448838,                     0,      0.4734605063,      0.6989278276,                 0,       287.1150438,       314.1706188,                 0,       14711.23539,        12348.52656,                  0,        0.1784939196,         0.1369456713,                    0,          301398.3281,           346572.1721,                     0,           127.8749952,           -128.5368401,                      0,        127.8743288,         128.1540004,                   0,                97.53653407,                 211.8102359,                           0,            -1.042259835e-05,              -0.005948015758,                          nan,                       0.762753048,                        1.652778962,                                nan,            299.987487,            344.9498728,                      0,            17151.97503,             17144.24774,                       0,      0.8573174915,      0.4820505965,                 0,                 0,                 0,      0.4844039967,      0.3898562593,      0.9029829211,                 0,      0.5622778041
         334,     0.05733736507,       -4.30170643,      -1.882786352,       1.186420583,                        10,      -3.262569084,               6,      -4.672196825,   4.757976941e-08,   2.221458753e-05,       2.560310466,       22.82798529,       21.24700581,         0.7530722539,         -0.5696700628,                     0,      0.4742989142,      0.7020414986,                 0,       287.0786469,        314.142456,                 0,       14703.86454,        12344.91777,                  0,        0.1784271138,         0.1369173138,                    0,          301405.9219,           346828.1889,                     0,           128.0930723,            -127.127479,                      0,        128.0925105,         126.6576963,                   0,                97.70347843,                 213.8121154,                           0,            -8.772634571e-06,              -0.007377079129,                          nan,                      0.7627571515,                        1.688109935,                                nan,           299.9950452,            345.2046912,                      0,            17152.50344,             17190.71402,                       0,       0.866344225,      0.4796845793,                 0,                 0,                 0,      0.4864681619,      0.3984705654,       0.906570913,                 0,      0.5536882055
         335,     0.05728370565,      -4.298701084,      -1.884199787,       1.191311533,                        10,      -2.899986013,               6,      -4.243865006,   5.708564217e-08,    2.66291458e-05,      0.2560310466,       2.282798529,       2.124700581,         0.7538596379,         -0.5617697732,                     0,      0.4749488116,      0.7050233926,                 0,       287.0531869,       314.0663054,                 0,       14698.60907,        12338.19365,                  0,        0.1783791669,         0.1368742949,                    0,          301414.7428,           347024.5599,                     0,           128.2612015,           -125.6169666,                      0,        128.2607339,         125.0397495,                   0,                97.83533525,                 215.7407251,                           0,            -7.290917595e-06,              -0.009168998089,                          nan,                      0.7627847767,                        1.725377137,                                nan,           300.0038248,             345.400143,                      0,            17153.45417,             17231.62946,                       0,      0.8767853925,      0.4758242586,                 0,                 0,                 0,      0.4882094363,      0.4091155468,      0.9098273566,                 0,       0.542691818
         336,     0.05718202226,      -4.294502892,      -1.880696959,       1.197773881,                         4,      -4.699425872,               2,      -4.159869241,   5.710724129e-09,    2.65997449e-06,      0.3072372559,       2.739358235,       2.549640697,         0.7540346723,         -0.5605499102,                     0,      0.4750378254,      0.7051337686,                 0,       287.0502985,       314.0714851,                 0,       14698.35379,        12342.97708,                  0,        0.1783778666,         0.1369243377,                    0,          301416.5748,           347040.3968,                     0,           128.2918046,           -125.3334891,                      0,        128.2913799,         124.7400306,                   0,                97.84376963,                 215.9322111,                           0,            -6.620557615e-06,              -0.009447649631,                          nan,                      0.7626683077,                        1.731057866,                                nan,           300.0056482,            345.4159058,                      0,            17154.12559,             17239.84615,                       0,      0.8773132946,      0.4754764971,                 0,                 0,                 0,      0.4882795961,      0.4097462184,      0.9098706242,                 0,      0.5419688725
         337,     0.05708439615,      -4.296914428,      -1.881795736,       1.193180418,                         4,      -4.305116208,               3,      -5.772341242,   6.853780025e-09,   3.191125205e-06,      0.3686847071,       3.287229882,       3.059568836,         0.7541966607,           -0.55915275,                     0,      0.4751298076,       0.705362746,                 0,       287.0463455,        314.070986,                 0,       14697.83406,         12347.0684,                  0,        0.1783740186,         0.1369692551,                    0,          301417.4518,           347061.0808,                     0,           128.3220166,           -125.0187754,                      0,        128.3216362,         124.4075805,                   0,                97.85388591,                 216.1842169,                           0,            -5.928302106e-06,              -0.009753749453,                          nan,                      0.7625673177,                        1.737709358,                                nan,           300.0065211,            345.4364929,                      0,            17154.52085,             17249.12973,                       0,      0.8780366429,      0.4750433403,                 0,                 0,                 0,      0.4883734792,      0.4105841108,      0.9099644001,                 0,      0.5410290609
         338,     0.05699684956,      -4.301395711,      -1.880712529,       1.186127301,                         5,      -4.836301172,               3,       -5.40682287,   8.225804563e-09,   3.828196018e-06,      0.4424216485,       3.944675858,       3.671482604,          0.754342028,         -0.5575934924,                     0,      0.4752224632,      0.7057329625,                 0,        287.041595,       314.0664877,                 0,       14697.08532,        12350.60877,                  0,        0.1783678868,         0.1370099088,                    0,          301417.5284,           347090.5322,                     0,           128.3510406,           -124.6734382,                      0,        128.3507058,          124.044048,                   0,                97.86556711,                 216.5070135,                           0,             -5.21693119e-06,                -0.0100711347,                          nan,                      0.7624856172,                        1.745404289,                                nan,           300.0065974,            345.4658065,                      0,            17154.65624,             17260.03561,                       0,      0.8790393341,      0.4744990117,                 0,                 0,                 0,      0.4884998748,      0.4117115819,      0.9101390203,                 0,      0.5397926956
         339,     0.05690778941,      -4.309180012,      -1.877040146,       1.175138827,                         5,      -4.396379188,               3,      -5.050162826,   9.872733879e-09,   4.592318134e-06,      0.5309059782,        4.73361103,       4.405779124,         0.7544683876,         -0.5559030515,                     0,      0.4753122962,      0.7062671201,                 0,       287.0365582,       314.0589408,                 0,       14696.19806,        12353.73891,                  0,        0.1783602518,         0.1370474503,                    0,          301417.1499,           347131.8469,                     0,           128.3779103,           -124.3007082,                      0,         128.377622,         123.6540239,                   0,                97.87835945,                 216.9095833,                           0,            -4.491566574e-06,               -0.01037809248,                          nan,                      0.7624253974,                        1.754165182,                                nan,           300.0062207,            345.5069278,                      0,            17154.59918,             17273.10527,                       0,      0.8804159697,      0.4738118151,                 0,                 0,                 0,      0.4886660489,      0.4132230921,      0.9104265988,                 0,      0.5381681289
         340,     0.05682598065,      -4.320155058,      -1.871489734,        1.16030215,                         6,      -4.713583349,               3,      -4.703527913,   1.184976855e-08,   5.508876101e-06,      0.6370871738,       5.680333236,       5.286934949,         0.7545730333,         -0.5541172367,                     0,      0.4753935923,      0.7069859519,                 0,       287.0320417,       314.0467923,                 0,       14695.32307,        12356.43783,                  0,        0.1783524421,         0.1370823071,                    0,          301416.8499,           347185.1664,                     0,           128.4012098,           -123.9058257,                      0,        128.4009684,         123.2439405,                   0,                97.89129309,                 217.3980305,                           0,            -3.759322824e-06,               -0.01065514758,                          nan,                      0.7623874982,                        1.763965268,                                nan,           300.0059221,            345.5599977,                      0,            17154.46323,             17288.61697,                       0,      0.8822572361,      0.4729408928,                 0,                 0,                 0,      0.4888715409,      0.4152155396,      0.9108495894,                 0,      0.5360578224
         341,     0.05674585585,      -4.332293135,      -1.866211245,       1.144090051,                         6,      -4.254191135,               3,      -4.369178689,   1.422328358e-08,   6.608371472e-06,      0.7645046086,       6.816399883,       6.344321939,         0.7546497989,         -0.5522585154,                     0,      0.4754568747,      0.7079043571,                 0,       287.0291574,       314.0246773,                 0,       14694.66449,        12358.41908,                  0,        0.1783462449,          0.137113601,                    0,          301417.2763,           347245.9017,                     0,           128.4186042,           -123.4938374,                      0,        128.4184096,         122.8191534,                   0,                97.90263724,                 217.9739832,                           0,            -3.030555476e-06,               -0.01089675511,                          nan,                      0.7623722917,                        1.774755624,                                nan,           300.0063464,            345.6204488,                      0,            17154.38319,             17306.38752,                       0,      0.8846237358,      0.4718269203,                 0,                 0,                 0,       0.489094803,      0.4177730818,      0.9113975251,                 0,      0.5333645268
         342,     0.05667661254,      -4.342422989,      -1.864087667,       1.130762877,                         7,      -4.413504597,               3,       -4.04893336,   1.707315656e-08,   7.927438001e-06,      0.9174055303,        8.17967986,       7.613186327,         0.7546853357,         -0.5503202133,                     0,      0.4754872757,       0.709025289,                 0,       287.0292462,       313.9838374,                 0,       14694.45929,        12359.22986,                  0,        0.1783437028,         0.1371400597,                    0,          301419.0216,           347304.6574,                     0,           128.4263538,           -123.0664153,                      0,        128.4262045,         122.3802038,                   0,                97.90958934,                 218.6332237,                           0,            -2.325448802e-06,               -0.01112079808,                          nan,                      0.7623801525,                        1.786508087,                                nan,           300.0080836,            345.6789294,                      0,            17154.47325,             17325.81508,                       0,      0.8875343532,      0.4703861402,                 0,                 0,                 0,      0.4892828237,      0.4209614967,      0.9120152232,                 0,      0.5299920375
         343,      0.0566110311,      -4.348362627,      -1.867153941,       1.123867823,                         8,      -4.489738164,               4,      -4.879904078,   2.049561161e-08,   9.510017043e-06,       1.100886636,       9.815615832,       9.135823592,         0.7546570233,         -0.5482692907,                     0,      0.4754636902,      0.7103367321,                 0,       287.0337175,       313.9146063,                 0,       14694.95018,        12358.60283,                  0,        0.1783468854,         0.1371628309,                    0,          301422.4088,           347349.7007,                     0,           128.4191261,           -122.6200154,                      0,         128.419018,         121.9210915,                   0,                97.90797179,                 219.3660998,                           0,            -1.683476559e-06,               -0.01136734461,                          nan,                      0.7624102203,                        1.799246521,                                nan,           300.0114549,            345.7237618,                      0,             17154.7862,             17346.31136,                       0,      0.8909735015,      0.4685187055,                 0,                 0,                 0,      0.4893449026,      0.4248288918,      0.9126138123,                 0,      0.5258503252
         344,     0.05655224551,      -4.350184014,      -1.875068586,       1.124197801,                         8,      -4.032468978,               4,      -4.498221744,   2.460670475e-08,   1.140871285e-05,       1.321063964,         11.778739,       10.96298831,         0.7545347107,         -0.5460708879,                     0,      0.4753598451,      0.7118136977,                 0,       287.0438452,       313.8093764,                 0,       14696.36123,        12356.81435,                  0,        0.1783577201,         0.1371881879,                    0,          301427.3359,           347370.3436,                     0,           128.3904162,           -122.1467405,                      0,        128.3903416,         121.4315057,                   0,                97.89218406,                 220.1601652,                           0,            -1.162607442e-06,               -0.01167678651,                          nan,                      0.7624575405,                        1.813039902,                                nan,            300.016359,            345.7443081,                      0,            17155.29679,             17367.80017,                       0,      0.8948616313,      0.4661082851,                 0,                 0,                 0,      0.4891316705,      0.4293824827,      0.9130525484,                 0,      0.5208719078
         345,     0.05650652514,      -4.348980369,      -1.884556509,       1.130596452,                         9,      -4.016085216,               4,      -4.136428758,    2.95466045e-08,   1.368639481e-05,       1.585276756,        14.1344868,       13.15558597,         0.7542851345,         -0.5437273445,                     0,      0.4751470235,      0.7134272482,                 0,       287.0607595,       313.6636843,                 0,       14698.90286,        12354.72268,                  0,        0.1783780563,         0.1372275493,                    0,          301433.4192,           347358.7701,                     0,           128.3332518,           -121.6384961,                      0,        128.3331994,         120.9034877,                   0,                97.85580104,                 221.0050466,                           0,            -8.162665283e-07,               -0.01204861551,                          nan,                       0.762513531,                        1.827945999,                                nan,           300.0224138,            345.7327887,                      0,            17155.93749,             17390.86177,                       0,      0.8990903312,      0.4630648377,                 0,                 0,                 0,      0.4884456217,      0.4345905951,      0.9131941098,                 0,      0.5150370565
         346,     0.05645643141,      -4.345465624,      -1.890766244,       1.141248637,                        10,      -3.933386407,               5,      -4.618620463,   3.548479837e-08,   1.641817915e-05,       1.902332108,       16.96138416,       15.78670317,         0.7538725684,         -0.5413237696,                     0,      0.4747950347,      0.7151640077,                 0,       287.0859822,       313.4748416,                 0,       14702.84312,        12353.42664,                  0,        0.1784101976,         0.1372943862,                    0,          301440.6098,           347309.9702,                     0,           128.2399202,           -121.0942242,                      0,        128.2398781,         120.3414267,                   0,                97.79272076,                 221.9001707,                           0,            -6.576294643e-07,               -0.01239460608,                          nan,                      0.7625765264,                        1.843921722,                                nan,           300.0295707,            345.6842173,                      0,            17156.69258,             17416.50843,                       0,      0.9035572906,      0.4593701488,                 0,                 0,                 0,      0.4870641653,      0.4403828815,      0.9129620083,                 0,      0.5084017955
         347,     0.05640689224,      -4.340260828,      -1.890319272,       1.153578309,                        10,      -3.497875986,               5,      -4.225032972,   4.259153433e-08,   1.969397592e-05,       2.282798529,       20.35366099,        18.9440438,         0.7532488248,         -0.5390760498,                     0,      0.4742659771,       0.717059544,                 0,       287.1224248,       313.2399005,                 0,       14708.64631,        12353.90087,                  0,        0.1784579626,         0.1374011325,                    0,          301449.9033,           347222.3424,                     0,           128.0995147,           -120.5306634,                      0,        128.0994736,         119.7734139,                   0,                97.69734562,                 222.8635275,                           0,            -6.416920436e-07,               -0.01252578838,                          nan,                      0.7626678148,                        1.860709487,                                nan,           300.0388207,            345.5969997,                      0,            17157.69231,             17446.23822,                       0,      0.9081106243,      0.4550418337,                 0,                 0,                 0,      0.4847433215,      0.4466278464,      0.9122782159,                 0,      0.5010863452
         348,     0.05635700143,      -4.334314899,      -1.883166737,       1.164623078,                        10,      -3.116060878,               6,      -4.535727329,   5.113347754e-08,   2.362181113e-05,       2.739358235,       24.42439319,       22.73285256,         0.7523369563,         -0.5373513307,                     0,      0.4735007349,      0.7192323769,                 0,       287.1749126,       312.9544042,                 0,       14717.07111,        12356.80453,                  0,        0.1785275434,         0.1375575883,                    0,          301463.1592,           347099.7265,                     0,           127.8945828,           -119.9935202,                      0,        127.8945374,         119.2586096,                   0,                97.56163609,                 223.9343447,                           0,            -7.095734339e-07,                -0.0122116619,                          nan,                      0.7628287969,                        1.877720573,                                nan,           300.0520146,            345.4749578,                      0,            17159.18093,             17482.49305,                       0,      0.9126020462,      0.4501298926,                 0,                 0,                 0,      0.4812708365,      0.4531772328,      0.9110926465,                 0,      0.4932378735
         349,     0.05630281257,      -4.328268818,      -1.871360599,       1.172713949,                        10,      -2.775731747,               6,      -4.142574007,   6.140953982e-08,   2.833202087e-05,      0.2739358235,       2.442439319,       2.273285256,          0.751027103,          -0.536623787,                     0,      0.4724103473,      0.7218931535,                 0,        287.249187,       312.6121539,                 0,       14729.07511,        12362.32035,                  0,         0.178626958,         0.1377691107,                    0,          301481.6003,           346952.9152,                     0,           127.6008933,           -119.5630594,                      0,        127.6008349,         118.8852449,                   0,                97.37008125,                 225.1628538,                           0,            -9.154518131e-07,               -0.01130605461,                          nan,                       0.763083418,                        1.893951214,                                nan,           300.0703694,            345.3288337,                      0,            17161.31373,             17528.85704,                       0,      0.9170440159,      0.4448188723,                 0,                 0,                 0,      0.4765751835,      0.4599291187,      0.9095596529,                 0,      0.4850572759
         350,     0.05620871624,      -4.321243847,      -1.857736846,       1.178973944,                         4,      -4.596941516,               2,      -4.064172215,   6.148358968e-09,   2.831847234e-06,      0.3287229882,       2.930927182,       2.727942307,         0.7506866576,         -0.5367708837,                     0,      0.4721925623,      0.7222459677,                 0,       287.2428813,       312.5736828,                 0,       14727.92043,        12363.11673,                  0,        0.1786168769,          0.137794682,                    0,          301463.1088,           346939.4871,                     0,           127.5502388,           -119.5376803,                      0,        127.5501829,         118.8765142,                   0,                97.31158749,                  225.325739,                           0,            -8.757880756e-07,                -0.0110314619,                          nan,                      0.7629278552,                        1.895460517,                                nan,           300.0519644,            345.3154684,                      0,            17157.60322,             17534.92036,                       0,      0.9174011614,      0.4445852109,                 0,                 0,                 0,      0.4762928826,      0.4603548145,      0.9095902075,                 0,      0.4846137433
         351,     0.05989066534,      -4.329388526,      -1.862041033,       1.167008794,                         4,       -4.19282427,               3,      -5.628649417,   7.378454541e-09,    3.39757754e-06,      0.3944675858,       3.517112619,       3.273530769,         0.7503771337,         -0.5369330293,                     0,      0.4719585388,      0.7227201484,                 0,       287.2423692,       312.5216726,                 0,       14727.94771,        12363.62434,                  0,        0.1786175271,         0.1378230883,                    0,          301449.8178,           346921.9632,                     0,           127.4971645,           -119.5089988,                      0,        127.4971153,         118.8668781,                   0,                97.24983971,                 225.5352947,                           0,            -7.718737901e-07,               -0.01071711233,                          nan,                      0.7627610985,                        1.897377119,                                nan,           300.0387356,            345.2980266,                      0,            17155.09475,             17542.48766,                       0,      0.9178398254,      0.4442449578,                 0,                 0,                 0,      0.4759218823,      0.4609099495,      0.9095853704,                 0,      0.4840114206
         352,     0.05981835269,      -4.341010911,      -1.866519298,       1.150353663,                         5,      -4.704809243,               3,      -5.258425309,    8.85491817e-09,   4.076245728e-06,       0.473361103,       4.220535143,       3.928236922,         0.7500808615,         -0.5371375699,                     0,      0.4716972411,      0.7233445665,                 0,       287.2485864,       312.4554997,                 0,       14729.30559,        12364.12177,                  0,        0.1786301295,         0.1378577354,                    0,          301442.1091,           346902.2115,                     0,           127.4378089,           -119.4794657,                      0,        127.4377695,         118.8592553,                   0,                 97.1841429,                 225.8020413,                           0,             -6.19136402e-07,               -0.01035492883,                          nan,                      0.7626007837,                        1.899743026,                                nan,           300.0310631,            345.2783673,                      0,            17153.84142,             17552.38803,                       0,      0.9183799242,      0.4437537416,                 0,                 0,                 0,      0.4754287159,      0.4616372551,      0.9095219146,                 0,      0.4831919012
         353,      0.0597313935,      -4.355421548,       -1.87181337,       1.129403988,                         5,      -4.252934536,               3,      -4.898982543,   1.062724942e-08,   4.890423584e-06,      0.5680333236,       5.064642171,       4.713884307,         0.7497635307,         -0.5374331378,                     0,      0.4713912771,      0.7241561365,                 0,       287.2621576,       312.3749067,                 0,       14732.04258,        12364.95967,                  0,        0.1786548823,         0.1379026723,                    0,          301439.6932,           346883.2103,                     0,             127.36622,           -119.4557754,                      0,        127.3661912,          118.860715,                   0,                97.11283638,                  226.137633,                           0,            -4.520472334e-07,              -0.009938042261,                          nan,                      0.7624695021,                        1.902543099,                                nan,           300.0286584,             345.259455,                      0,            17153.71099,             17565.68087,                       0,       0.919043635,      0.4430728214,                 0,                 0,                 0,      0.4747746418,      0.4625778492,      0.9093824617,                 0,       0.482102051
         354,      0.0596517093,      -4.370272792,        -1.8787162,       1.106568526,                         6,      -4.537612288,               3,      -4.552639642,   1.275496617e-08,   5.867228243e-06,      0.6816399883,       6.077570605,       5.656661168,         0.7493776352,         -0.5378985667,                     0,      0.4710174171,      0.7252031342,                 0,       287.2833335,       312.2799099,                 0,       14736.11512,        12366.50389,                  0,        0.1786910977,             0.137962,                    0,          301441.5732,           346869.2603,                     0,           127.2748447,           -119.4513179,                      0,        127.2748247,         118.8849146,                   0,                97.03291228,                  226.554775,                           0,            -3.130796343e-07,              -0.009460933602,                          nan,                      0.7623888894,                        1.905664615,                                nan,           300.0305296,            345.2455704,                      0,            17154.40117,             17583.63761,                       0,      0.9198487841,      0.4421743362,                 0,                 0,                 0,      0.4739160214,      0.4637627955,      0.9091556515,                 0,      0.4807032893
         355,     0.05956499073,      -4.382526709,      -1.887793467,       1.085622745,                         6,      -4.070557675,               3,      -4.221520513,   1.530966001e-08,   7.039243035e-06,       0.817967986,       7.293084727,       6.787993402,         0.7488711374,         -0.5386528862,                     0,      0.4705485054,      0.7265477163,                 0,       287.3121452,       312.1705047,                 0,       14741.44657,         12369.0548,                  0,        0.1787378214,         0.1380391043,                    0,          301446.3135,           346865.9143,                     0,           127.1555626,           -119.4886774,                      0,        127.1555471,         118.9547733,                   0,                96.93980108,                 227.0669016,                           0,            -2.447843562e-07,              -0.008916515059,                          nan,                      0.7623717825,                        1.908850694,                                nan,           300.0352477,            345.2422401,                      0,            17155.52941,              17607.6772,                       0,      0.9208099347,      0.4410486681,                 0,                 0,                 0,      0.4728078904,      0.4652095071,      0.9088426585,                 0,      0.4789790504
         356,     0.05948874342,      -4.390648298,      -1.898779246,       1.069395683,                         7,      -4.193350224,               4,      -5.083162114,   1.837748437e-08,   8.445606977e-06,      0.9815615832,       8.751701672,       8.145592082,         0.7481983056,         -0.5398554364,                     0,      0.4699563392,       0.728267361,                 0,       287.3486508,       312.0454811,                 0,       14748.00931,        12372.68682,                  0,        0.1787946756,         0.1381353911,                    0,          301452.4574,           346878.8364,                     0,           127.0009296,           -119.6002636,                      0,        127.0009113,         119.1033165,                   0,                96.82746546,                 227.6881314,                           0,            -2.878793429e-07,               -0.00829286927,                          nan,                       0.762415517,                        1.911685906,                                nan,           300.0413628,            345.2551017,                      0,            17156.76022,             17639.17498,                       0,      0.9219398937,      0.4397043773,                 0,                 0,                 0,      0.4714080181,      0.4669229842,      0.9084580529,                 0,      0.4769338872
         357,     0.05941800391,      -4.395626453,      -1.909928203,       1.058208958,                         8,      -4.233015323,               4,      -4.685799836,   2.206217448e-08,   1.013328939e-05,         1.1778739,       10.50204201,       9.774710499,         0.7473268678,         -0.5416758103,                     0,      0.4692142838,      0.7304497535,                 0,       287.3932303,       311.9004592,                 0,       14755.88605,        12376.99735,                  0,        0.1788624177,         0.1382483559,                    0,          301458.9809,           346911.2247,                     0,           126.8049981,           -119.8236282,                      0,        126.8049679,         119.3687502,                   0,                96.68892305,                 228.4326952,                           0,            -4.750631737e-07,              -0.007578047843,                          nan,                      0.7625010646,                        1.913672505,                                nan,           300.0478558,            345.2873384,                      0,            17157.90511,             17679.04759,                       0,      0.9232756288,      0.4381826589,                 0,                 0,                 0,      0.4696904242,      0.4689076698,      0.9080570062,                 0,      0.4745957168
         358,     0.05935724652,       -4.39895897,      -1.918130879,       1.051709289,                         9,      -4.199169297,               4,      -4.309438264,   2.648869806e-08,   1.215857105e-05,        1.41344868,       12.60245041,        11.7296526,         0.7462374401,         -0.5442235906,                     0,      0.4682989026,       0.733178469,                 0,       287.4466837,       311.7269153,                 0,       14765.26364,        12380.93615,                  0,        0.1789428034,         0.1383701084,                    0,          301465.4875,           346961.5231,                     0,           126.5633229,            -120.189442,                      0,        126.5632713,         119.7811893,                   0,                96.51719534,                 229.3138196,                           0,            -8.164131943e-07,              -0.006781949121,                          nan,                       0.762600353,                        1.914439329,                                nan,            300.054332,            345.3374013,                      0,            17158.93336,             17727.31709,                       0,      0.9249153079,      0.4365783214,                 0,                 0,                 0,      0.4676665601,      0.4711842009,      0.9077744248,                 0,      0.4720197814
         359,     0.05931440917,      -4.400216005,      -1.920498413,       1.051203125,                        10,      -4.120079674,               5,      -4.844144553,   3.180763951e-08,   1.458879776e-05,       1.696138416,       15.12294049,       14.07558312,          0.744914462,         -0.5474651392,                     0,      0.4671892988,      0.7365090863,                 0,       287.5103638,        311.515747,                 0,       14776.40044,        12383.08432,                  0,        0.1790381061,          0.138488883,                    0,          301472.3129,           347025.3302,                     0,           126.2717746,            -120.705789,                      0,        126.2716924,         120.3449681,                   0,                96.30654879,                 230.3414276,                           0,              -1.3011951e-06,              -0.005969583153,                          nan,                      0.7626931019,                        1.914009628,                                nan,           300.0611254,            345.4009098,                      0,            17159.92697,              17783.1621,                       0,       0.927072976,      0.4350820481,                 0,                 0,                 0,      0.4654198615,      0.4738072929,      0.9078917009,                 0,      0.4693072275
         360,     0.05926234709,      -4.397504281,      -1.916958296,       1.058032908,                        10,      -3.653654775,               5,      -4.444167474,   3.820041607e-08,   1.750453659e-05,       2.035366099,       18.14752859,       16.89069974,         0.7433301361,         -0.5511956966,                     0,      0.4658612641,      0.7404432604,                 0,       287.5866767,        311.266597,                 0,       14789.65903,        12382.54905,                  0,        0.1791511988,         0.1385948348,                    0,          301480.7377,           347103.5379,                     0,           125.9237788,           -121.3497387,                      0,        125.9236572,         121.0291863,                   0,                96.05305168,                 231.5181832,                           0,             -1.93221782e-06,              -0.005276138906,                          nan,                      0.7627879766,                        1.912912003,                                nan,           300.0695108,            345.4787514,                      0,            17161.05604,             17845.78955,                       0,      0.9301149782,      0.4340290646,                 0,                 0,                 0,      0.4631416226,      0.4768652208,      0.9088974985,                 0,      0.4666402271
         361,     0.05921070552,      -4.390104563,      -1.911309391,       1.070272608,                        10,      -3.233462636,               5,      -4.072050134,   4.588548474e-08,   2.100231896e-05,       2.442439319,        21.7770343,       20.26883969,         0.7414264738,         -0.5551240424,                     0,       0.464274532,      0.7449113996,                 0,       287.6796214,       310.9976216,                 0,       14805.60646,         12379.9177,                  0,        0.1792864261,          0.138686295,                    0,          301492.8747,           347211.6918,                     0,           125.5066997,           -122.0778727,                      0,        125.5065259,         121.7802186,                   0,                95.75239616,                 232.8327307,                           0,            -2.769447224e-06,              -0.004870517963,                          nan,                      0.7629276284,                        1.911909285,                                nan,           300.0815909,            345.5863989,                      0,            17162.55918,             17915.47689,                       0,      0.9344756673,      0.4339119193,                 0,                 0,                 0,      0.4611120752,      0.4804050219,      0.9114468395,                 0,      0.4643373119
         362,     0.05916349229,       -4.37958269,      -1.908736869,       1.083574313,                        10,       -2.85690181,               6,      -4.456486139,   5.512587878e-08,    2.52043412e-05,      0.2442439319,        2.17770343,       2.026883969,         0.7391095367,         -0.5590374186,                     0,      0.4623611622,      0.7497623759,                 0,       287.7941224,       310.7454871,                 0,       14825.00103,        12377.21274,                  0,        0.1794498502,         0.1387692788,                    0,          301510.3665,           347378.8126,                     0,           125.0007694,           -122.8537521,                      0,        125.0005195,         122.5543603,                   0,                95.39444955,                 234.2476866,                           0,            -3.997701654e-06,              -0.004868015059,                          nan,                      0.7631524246,                        1.911377824,                                nan,           300.0990009,            345.7527375,                      0,            17164.60696,             17993.19867,                       0,      0.9405539647,      0.4354116644,                 0,                 0,                 0,      0.4596335283,      0.4843313182,      0.9163232247,                 0,      0.4629310819
         363,     0.05906886538,      -4.367812231,      -1.912237189,       1.095437081,                         4,      -4.735762175,               2,      -4.255004419,   5.519891808e-09,   2.520955978e-06,      0.2930927182,       2.613244116,       2.432260763,         0.7385436006,         -0.5596381084,                     0,      0.4620146177,      0.7504090219,                 0,       287.7873363,       310.6962326,                 0,       14823.61141,        12373.92038,                  0,        0.1794372659,          0.138753933,                    0,          301484.7317,           347383.3767,                     0,           124.9137817,           -122.9948099,                      0,        124.9135355,         122.6952117,                   0,                95.31113136,                 234.4121415,                           0,             -3.94255168e-06,              -0.004865787045,                          nan,                      0.7630168419,                        1.910523958,                                nan,           300.0734861,            345.7572803,                      0,            17159.30813,             17999.26098,                       0,      0.9409975096,      0.4355452872,                 0,                 0,                 0,      0.4595493085,      0.4846031726,      0.9166983011,                 0,      0.4628548777
         364,     0.05897467644,      -4.374148897,      -1.917715239,       1.085508779,                         4,      -4.321201772,               2,       -4.00094257,    6.62489976e-09,    3.02507066e-06,      0.3517112619,        3.13589294,       2.918712915,         0.7380135859,         -0.5602910009,                     0,      0.4616401386,      0.7511760652,                 0,       287.7884632,       310.6429473,                 0,       14823.85014,         12370.8774,                  0,         0.179439457,         0.1387432881,                    0,          301465.9066,            347394.997,                     0,           124.8225533,           -123.1464796,                      0,         124.822326,         122.8450284,                   0,                95.22128179,                 234.6149514,                           0,            -3.643000761e-06,              -0.004889823463,                          nan,                      0.7628545699,                        1.909844904,                                nan,           300.0547491,            345.7688461,                      0,            17155.59998,               18007.853,                       0,      0.9415722048,      0.4357307732,                 0,                 0,                 0,       0.459456319,      0.4849479251,       0.917194109,                 0,       0.462769367
         365,     0.05888818443,      -4.381593762,      -1.924303358,       1.074049011,                         5,      -4.869068921,               3,      -5.484679067,   7.951325812e-09,   3.630012916e-06,      0.4220535143,       3.763071528,       3.502455499,          0.737503308,         -0.5609819399,                     0,      0.4612257734,      0.7520777543,                 0,       287.7987085,       310.5867528,                 0,       14825.93619,         12368.2103,                  0,        0.1794583222,         0.1387382891,                    0,          301454.5184,           347416.3808,                     0,           124.7230589,           -123.3062147,                      0,        124.7228612,          123.000527,                   0,                95.12400382,                  234.862487,                           0,            -3.168918862e-06,              -0.004952042131,                          nan,                      0.7626829827,                        1.909442933,                                nan,           300.0434142,            345.7901298,                      0,            17153.60851,             18019.44114,                       0,      0.9423238428,      0.4359926025,                 0,                 0,                 0,      0.4593554132,      0.4853871676,      0.9178578711,                 0,      0.4626780971
         366,     0.05880168229,      -4.389578756,       -1.93254793,       1.061688756,                         5,      -4.412028075,               3,      -5.120043963,   9.543610981e-09,   4.355981871e-06,      0.5064642171,       4.515685833,       4.202946598,         0.7369753273,         -0.5616981711,                     0,      0.4607523653,      0.7531259515,                 0,       287.8188007,       310.5303171,                 0,       14829.94229,        12366.11429,                  0,         0.179494284,         0.1387399338,                    0,          301450.3135,           347451.7603,                     0,           124.6087198,           -123.4715989,                      0,        124.6085552,         123.1586589,                   0,                95.01748657,                 235.1607018,                           0,            -2.640407611e-06,              -0.005062596596,                          nan,                      0.7625277926,                        1.909412655,                                nan,           300.0392291,            345.8253437,                      0,            17153.21428,               18034.552,                       0,      0.9433112578,      0.4363670793,                 0,                 0,                 0,      0.4592510159,      0.4859457015,      0.9187541195,                 0,      0.4625907681
         367,      0.0587347788,      -4.396990109,        -1.9425253,       1.049847479,                         6,      -4.717108158,               3,      -4.767976574,   1.145514213e-08,   5.227249649e-06,      0.6077570605,          5.418823,       5.043535918,         0.7363733455,         -0.5624417959,                     0,      0.4601940132,      0.7543286501,                 0,       287.8488448,       310.4785914,                 0,       14835.78277,        12364.89727,                  0,        0.1795462331,         0.1387494343,                    0,           301452.031,             347507.57,                     0,            124.470848,           -123.6426848,                      0,        124.4707112,         123.3192117,                   0,                94.89861668,                 235.5139772,                           0,            -2.196929993e-06,              -0.005225542166,                          nan,                      0.7624172444,                        1.909791459,                                nan,           300.0409384,            345.8808921,                      0,            17154.04383,             18053.80604,                       0,       0.944605827,      0.4369054281,                 0,                 0,                 0,      0.4591527016,      0.4866492638,      0.9199668557,                 0,      0.4625267128
         368,     0.05866549729,      -4.402789557,       -1.95353935,       1.040077222,                         6,      -4.243831468,               3,       -4.42945042,   1.375006559e-08,   6.272993267e-06,      0.7293084727,         6.5025876,       6.052243101,         0.7356322165,          -0.563251041,                     0,      0.4595205608,      0.7556899718,                 0,       287.8884279,       310.4388363,                 0,       14843.26899,        12364.98387,                  0,        0.1796121339,         0.1387682545,                    0,          301457.6486,           347592.4561,                     0,           124.2999184,           -123.8259942,                      0,        124.2997964,         123.4891303,                   0,                94.76275326,                 235.9236107,                           0,             -1.96222433e-06,              -0.005433522528,                          nan,                       0.762372554,                        1.910480786,                                nan,           300.0465298,            345.9653809,                      0,            17155.56087,             18077.91553,                       0,       0.946284766,      0.4376748769,                 0,                 0,                 0,      0.4590742977,      0.4875185382,      0.9215963493,                 0,      0.4625192042
         369,     0.05859779216,      -4.406838725,      -1.964220216,       1.033028573,                         7,      -4.387563495,               3,      -4.105564709,   1.650547708e-08,   7.528289006e-06,      0.8751701672,        7.80310512,       7.262691722,         0.7346930605,         -0.5642201672,                     0,       0.458701671,      0.7572114354,                 0,       287.9369372,       310.4193084,                 0,       14852.21935,        12366.79949,                  0,        0.1796901594,         0.1387974049,                    0,          301464.9372,           347715.8988,                     0,           124.0873362,           -124.0390515,                      0,         124.087211,         123.6872246,                   0,                94.60383855,                 236.3859729,                           0,            -2.018162399e-06,              -0.005664795558,                          nan,                      0.7623979764,                        1.911159165,                                nan,           300.0537843,            346.0882458,                      0,            17157.23743,             18107.53168,                       0,      0.9484186208,      0.4387580425,                 0,                 0,                 0,      0.4590300134,      0.4885595773,      0.9237510702,                 0,      0.4626206539
         370,     0.05853268167,      -4.409884671,      -1.973208854,       1.028300001,                         8,      -4.446648776,               4,      -4.877955856,   1.981407316e-08,    9.03529011e-06,       1.050204201,       9.363726144,       8.715230066,          0.733516319,         -0.5654992398,                     0,      0.4577109497,      0.7588934182,                 0,       287.9940137,       310.4258414,                 0,       14862.56922,        12370.46745,                  0,        0.1797797388,         0.1388355848,                    0,          301472.1577,           347884.5102,                     0,           123.8269169,           -124.3123183,                      0,        123.8267692,         123.9457965,                   0,                 94.4149736,                 236.8905841,                           0,            -2.384931196e-06,              -0.005888095453,                          nan,                      0.7624762739,                        1.911243388,                                nan,           300.0609709,            346.2560679,                      0,            17158.72522,             18142.83477,                       0,      0.9510570424,      0.4402524053,                 0,                 0,                 0,      0.4590285931,      0.4897528052,       0.926538649,                 0,      0.4629085172
         371,     0.05847597661,      -4.412419707,      -1.979952038,       1.025597934,                         9,      -4.433780292,               4,      -4.493132795,   2.378736989e-08,   1.084461576e-05,       1.260245041,       11.23647137,       10.45827608,         0.7320857861,         -0.5672539645,                     0,      0.4565288686,      0.7607331542,                 0,       288.0597653,       310.4574269,                 0,       14874.39776,        12375.40837,                  0,        0.1798817474,         0.1388766842,                    0,          301478.4402,           348096.9297,                     0,           123.5154378,           -124.6842211,                      0,        123.5152522,         124.3047118,                   0,                94.18942835,                 237.4186924,                           0,            -3.005293845e-06,              -0.006078262585,                          nan,                      0.7625732588,                        1.909973395,                                nan,            300.067224,             346.467493,                      0,            17159.91746,             18182.93911,                       0,      0.9542191429,      0.4422712812,                 0,                 0,                 0,      0.4590680953,      0.4910447569,      0.9300608074,                 0,      0.4634902626
         372,     0.05842786595,      -4.413621581,      -1.984841274,       1.025767633,                        10,      -4.360054419,               4,      -4.132407302,    2.85596233e-08,   1.301700229e-05,       1.512294049,       13.48376565,        12.5499313,          0.730401606,         -0.5695904069,                     0,      0.4551438243,      0.7627148032,                 0,       288.1347118,       310.5039901,                 0,       14887.86001,        12380.18344,                  0,        0.1799977176,         0.1389090423,                    0,          301483.7823,            348340.456,                     0,           123.1520095,           -125.1874546,                      0,        123.1517776,         124.7966872,                   0,                 93.9220298,                 237.9432761,                           0,             -3.76648694e-06,                -0.0062331722,                          nan,                      0.7626526523,                        1.906647374,                                nan,           300.0725412,            346.7098794,                      0,            17160.88114,             18225.51289,                       0,      0.9579197837,      0.4449608787,                 0,                 0,                 0,      0.4591468808,      0.4923586537,      0.9344428564,                 0,      0.4645074528
         373,     0.05837987834,      -4.411720948,      -1.988862807,       1.030237965,                        10,      -3.864250656,               5,      -4.647491164,   3.429261746e-08,   1.562530249e-05,       1.814752859,       16.18051878,       15.05991755,         0.7284654168,         -0.5724840214,                     0,      0.4535500366,      0.7647864124,                 0,       288.2198425,       310.5498726,                 0,       14903.12138,        12382.96079,                  0,        0.1801290079,         0.1389191185,                    0,          301488.9964,           348592.7759,                     0,           122.7361574,           -125.8304896,                      0,        122.7358757,         125.4290553,                   0,                93.61051234,                 238.4300619,                           0,            -4.589348665e-06,              -0.006370378283,                          nan,                      0.7626988586,                        1.900915711,                                nan,           300.0777308,            346.9610182,                      0,            17161.75871,             18267.03494,                       0,       0.962216698,      0.4485267112,                 0,                 0,                 0,       0.459289328,      0.4936158819,      0.9398832618,                 0,      0.4661389811
         374,      0.0583325288,      -4.405739241,      -1.993116735,       1.039315231,                        10,      -3.413551289,               5,       -4.27589221,   4.118151939e-08,   1.875696605e-05,        2.17770343,       19.41662253,       18.07190107,          0.726262101,         -0.5757620247,                     0,      0.4517391133,      0.7668224889,                 0,       288.3171062,       310.5825052,                 0,       14920.40708,        12382.49171,                  0,        0.1802770929,         0.1388985275,                    0,          301495.7781,           348827.9811,                     0,           122.2645671,           -126.5840088,                      0,        122.2642296,         126.1724224,                   0,                93.25525756,                 238.8362142,                           0,            -5.520059577e-06,              -0.006492404189,                          nan,                      0.7627354122,                        1.892935157,                                nan,           300.0844808,            347.1951225,                      0,            17162.73648,              18303.4815,                       0,      0.9672803371,      0.4532948855,                 0,                 0,                 0,      0.4595879206,      0.4947544142,      0.9467447245,                 0,      0.4686282437
         375,     0.05828168245,      -4.397004857,      -1.997727051,       1.051166097,                        10,      -3.014141343,               6,      -4.758489344,   4.946199549e-08,   2.251716903e-05,       2.613244116,       23.29994704,       21.68628128,         0.7237458246,          -0.579157139,                     0,      0.4496859254,        0.76858012,                 0,       288.4296268,       310.6013317,                 0,       14940.10084,        12378.94871,                  0,        0.1804446161,         0.1388494306,                    0,          301506.1988,           349022.0684,                     0,           121.7280473,           -127.3823468,                      0,        121.7276361,         126.9648457,                   0,                 92.8554295,                 239.1016851,                           0,            -6.755993711e-06,              -0.006544344402,                          nan,                      0.7628130512,                        1.883211717,                                nan,           300.0948527,            347.3883012,                      0,            17164.01174,             18330.67964,                       0,      0.9733516184,      0.4597531097,                 0,                 0,                 0,      0.4601882465,      0.4956703485,      0.9555611967,                 0,      0.4723402119
         376,     0.05822849761,      -4.388041328,      -2.000485754,       1.063584898,                        10,      -2.669333886,               6,      -4.383565542,      5.941866e-08,   2.703271167e-05,      0.2613244116,       2.329994704,       2.168628128,         0.7208438657,         -0.5824195159,                     0,      0.4473405665,      0.7696798492,                 0,       288.5605687,       310.6222486,                 0,       14962.68891,        12374.08482,                  0,        0.1806354163,         0.1387843778,                    0,          301521.1223,           349155.7881,                     0,           121.1122147,           -128.1463373,                      0,        121.1116902,         127.7347961,                   0,                92.40304132,                 239.1348876,                           0,            -8.660156453e-06,              -0.006412674596,                          nan,                      0.7629572433,                        1.872120166,                                nan,           300.1097063,             347.521395,                      0,            17165.64835,              18344.1821,                       0,      0.9804012016,      0.4684463362,                 0,                 0,                 0,      0.4611057283,      0.4960101106,      0.9667483934,                 0,      0.4778108548
         377,     0.05813721508,      -4.379598533,      -1.997459642,       1.077037848,                         4,      -4.519666816,               2,      -4.265344975,   5.949547732e-09,   2.704719404e-06,       0.313589294,       2.795993645,       2.602353753,         0.7201176176,         -0.5830039408,                     0,      0.4469120392,      0.7699564958,                 0,       288.5523359,       310.6159876,                 0,       14960.88878,        12371.69118,                  0,        0.1806188467,         0.1387601705,                    0,          301490.2956,           349174.9684,                     0,           121.0012197,           -128.2863446,                      0,        121.0007077,         127.8797335,                   0,                92.30439224,                 239.1736691,                           0,            -8.463058665e-06,              -0.006329071481,                          nan,                      0.7628417555,                        1.870301592,                                nan,           300.0790239,            347.5404855,                      0,            17159.15697,             18345.45972,                       0,       0.980856315,       0.468953303,                 0,                 0,                 0,      0.4611476406,      0.4960649253,      0.9674274655,                 0,      0.4781060139
         378,     0.05804686491,      -4.385505464,      -2.002971015,       1.068746484,                         4,      -4.119046171,               2,      -4.009713735,   7.140471416e-09,   3.245874058e-06,      0.3763071528,       3.355192374,       3.122824504,         0.7194497305,         -0.5837341822,                     0,      0.4464553867,      0.7702246946,                 0,       288.5539083,       310.6178082,                 0,       14961.17067,        12370.11434,                  0,        0.1806212723,         0.1387414816,                    0,          301468.2749,           349202.5216,                     0,           120.8872539,           -128.4506167,                      0,        120.8867807,         128.0504546,                   0,                92.19812904,                 239.2008549,                           0,            -7.829106367e-06,              -0.006220892899,                          nan,                      0.7626816472,                        1.868020349,                                nan,           300.0571063,            347.5679097,                      0,            17154.76768,             18347.81507,                       0,       0.981434857,      0.4696465507,                 0,                 0,                 0,      0.4612071951,        0.49610504,      0.9683295154,                 0,      0.4785305385
         379,     0.05796400868,      -4.393678619,      -2.007679224,       1.058051029,                         5,      -4.664668094,               3,      -5.414958339,   8.570006888e-09,   3.895371871e-06,      0.4515685833,       4.026230848,       3.747389405,         0.7188190977,         -0.5846332431,                     0,      0.4459574565,      0.7704638616,                 0,       288.5663566,       310.6282976,                 0,       14963.72426,        12369.29623,                  0,        0.1806443125,         0.1387273891,                    0,          301455.5014,           349237.1011,                     0,           120.7657425,           -128.6430434,                      0,        120.7653256,         128.2520053,                   0,                 92.0833058,                 239.2077868,                           0,            -6.905276162e-06,              -0.006070189505,                          nan,                       0.762497889,                        1.865138766,                                nan,           300.0443927,            347.6023274,                      0,            17152.56174,             18350.77171,                       0,      0.9821807484,      0.4706048761,                 0,                 0,                 0,      0.4612939739,      0.4961176427,      0.9695438393,                 0,      0.4791428429
         380,     0.05788246588,      -4.404779041,      -2.010962907,       1.043668512,                         5,      -4.221630349,               3,      -5.056827535,   1.028605061e-08,   4.674950359e-06,         0.5418823,       4.831477018,       4.496867286,         0.7181785283,         -0.5857185876,                     0,      0.4453972564,      0.7706434957,                 0,       288.5899817,       310.6476255,                 0,       14968.51863,        12369.06395,                  0,        0.1806874007,         0.1387158758,                    0,          301451.2109,           349275.8886,                     0,           120.6292086,           -128.8667901,                      0,        120.6288516,         128.4889597,                   0,                91.95803687,                 239.1827558,                           0,            -5.918820595e-06,              -0.005855294992,                          nan,                      0.7623220783,                        1.861504338,                                nan,           300.0401222,            347.6409333,                      0,            17152.28737,             18353.49126,                       0,      0.9831480119,      0.4719182795,                 0,                 0,                 0,      0.4614212942,       0.496091168,      0.9711747674,                 0,      0.4800073577
         381,     0.05780528429,      -4.418604767,      -2.012250863,       1.025331627,                         6,       -4.51864392,               3,      -4.711869954,   1.234614799e-08,   5.610736975e-06,        0.65025876,       5.797772421,       5.396240743,         0.7174605487,          -0.586996654,                     0,      0.4447475742,      0.7707214483,                 0,       288.6241709,       310.6755666,                 0,       14975.30357,        12369.14938,                  0,        0.1807478909,         0.1387040431,                    0,          301453.3701,           349314.4423,                     0,           120.4681711,           -129.1234874,                      0,        120.4678632,         128.7642584,                   0,                91.81917078,                  239.110502,                           0,            -5.111931053e-06,              -0.005556375504,                          nan,                       0.762188092,                        1.856963299,                                nan,           300.0422713,            347.6793066,                      0,            17153.37872,             18354.77502,                       0,      0.9843940521,      0.4736805958,                 0,                 0,                 0,      0.4616031828,      0.4960144167,      0.9733317292,                 0,      0.4811900222
         382,     0.05773026997,      -4.433701608,      -2.011913287,        1.00464408,                         6,      -4.053930242,               3,       -4.38153782,    1.48194522e-08,   6.734144581e-06,       0.780310512,       6.957326906,       6.475488892,          0.716592725,           -0.58845418,                     0,      0.4439790709,       0.770642835,                 0,       288.6676505,       310.7115673,                 0,       14983.70785,        12369.22729,                  0,        0.1808220884,         0.1386885111,                    0,          301459.1552,           349346.6732,                     0,           120.2730237,           -129.4119709,                      0,        120.2727429,         129.0773794,                   0,                91.66223758,                  238.971736,                           0,            -4.669085043e-06,              -0.005164267186,                          nan,                      0.7621197903,                        1.851383543,                                nan,           300.0480294,            347.7113866,                      0,            17155.11127,             18353.11129,                       0,      0.9859662353,      0.4759827896,                 0,                 0,                 0,      0.4618476341,       0.495869944,      0.9761157881,                 0,      0.4827576975
         383,     0.05766809974,      -4.447655975,      -2.011784025,      0.9851913035,                         7,      -4.181302062,               3,      -4.067740076,   1.778908797e-08,   8.082939605e-06,      0.9363726144,       8.348792287,        7.77058667,         0.7155173034,         -0.5900494165,                     0,      0.4430656775,      0.7703399722,                 0,       288.7190214,       310.7550553,                 0,       14993.40216,        12368.98381,                  0,        0.1809068837,         0.1386660404,                    0,          301465.7924,           349365.2174,                     0,           120.0362355,            -129.726854,                      0,        120.0359557,         129.4223436,                   0,                91.48182903,                 238.7428845,                           0,            -4.662807896e-06,              -0.004689128953,                          nan,                      0.7621202207,                        1.844680585,                                nan,           300.0546354,             347.729844,                      0,            17156.84462,             18346.78937,                       0,      0.9878782802,      0.4789056878,                 0,                 0,                 0,      0.4621450481,      0.4956196826,      0.9795995532,                 0,      0.4847820804
         384,     0.05760822805,      -4.458245293,      -2.014310974,      0.9710888563,                         8,      -4.227489375,               4,      -4.788146321,   2.135500598e-08,   9.702508614e-06,       1.123647137,       10.01855074,       9.324704004,         0.7142043386,         -0.5917104278,                     0,      0.4419886016,      0.7697325826,                 0,       288.7774691,       310.8062873,                 0,       15004.24769,        12368.23336,                  0,        0.1810011005,         0.1386344496,                    0,          301471.5062,           349362.4746,                     0,            119.753654,            -130.057874,                      0,        119.7533529,         129.7868105,                   0,                91.27244852,                 238.3957951,                           0,            -5.028736995e-06,              -0.004164008581,                          nan,                       0.762170297,                        1.836826055,                                nan,           300.0603225,            347.7271139,                      0,            17158.23379,              18334.0926,                       0,       0.990083857,      0.4825161262,                 0,                 0,                 0,      0.4624555846,      0.4951862766,      0.9838081151,                 0,      0.4873487461
         385,     0.05755096347,      -4.464394873,      -2.020720242,      0.9649228945,                         9,       -4.20371419,               4,      -4.422629071,   2.563742688e-08,   1.164736121e-05,       1.348376565,       12.02226089,        11.1896448,         0.7126496847,         -0.5933514361,                     0,      0.4407368664,      0.7687292042,                 0,       288.8431539,       310.8673863,                 0,       15016.33062,        12367.06849,                  0,        0.1811056657,           0.13859381,                    0,          301475.9536,           349332.0049,                     0,           119.4240637,           -130.3918281,                      0,        119.4237299,          130.154389,                   0,                91.02955382,                 237.8974095,                           0,             -5.59051429e-06,              -0.003638616659,                          nan,                      0.7622400832,                        1.827809353,                                nan,           300.0647491,            347.6967869,                      0,            17159.27358,             18313.55939,                       0,      0.9924423079,      0.4868588626,                 0,                 0,                 0,      0.4626937419,      0.4944307139,      0.9886918407,                 0,      0.4905664125
         386,     0.05750390491,      -4.465626634,      -2.029604743,      0.9676577355,                        10,      -4.117008572,               4,      -4.085452498,   3.078097942e-08,   1.398293403e-05,       1.618051878,       14.42671307,       13.42757377,         0.7108580864,         -0.5949063085,                     0,      0.4393037268,      0.7672298736,                 0,       288.9172555,       310.9423844,                 0,       15029.88838,        12365.92951,                  0,        0.1812226869,         0.1385471972,                    0,          301480.0849,           349268.9337,                     0,           119.0469906,           -130.7174033,                      0,        119.0466231,         130.5105174,                   0,                90.75042834,                 237.2093405,                           0,            -6.175103446e-06,              -0.003162887432,                          nan,                      0.7623099756,                        1.817549614,                                nan,            300.068861,            347.6340109,                      0,            17160.17661,             18284.14547,                       0,      0.9946844993,      0.4919444433,                 0,                 0,                 0,      0.4627130125,      0.4931325148,      0.9940960272,                 0,      0.4945733483
         387,     0.05745582758,      -4.461381408,      -2.036797832,        0.97927544,                        10,      -3.656828998,               5,      -4.573780521,   3.695963287e-08,   1.678778511e-05,       1.941662253,       17.31205569,       16.11308852,         0.7088199789,         -0.5963568851,                     0,      0.4376788117,      0.7651270901,                 0,       289.0019741,       311.0348358,                 0,       15045.24023,         12365.4244,                  0,        0.1813546112,         0.1384997595,                    0,          301485.7439,           349167.4102,                     0,           118.6194071,           -131.0296783,                      0,        118.6190052,         130.8483803,                   0,                90.43406782,                 236.2871487,                           0,            -6.776237431e-06,              -0.002765366975,                          nan,                      0.7623910491,                        1.805808739,                                nan,           300.0744935,            347.5329627,                      0,             17161.2138,             18244.98204,                       0,      0.9963875439,      0.4977218002,                 0,                 0,                 0,       0.462296036,      0.4909862304,      0.9997237866,                 0,       0.499526317
         388,     0.05741146864,      -4.452542072,      -2.037029561,      0.9968797816,                        10,      -3.246126378,               5,       -4.22852739,   4.438252384e-08,   2.015630012e-05,       2.329994704,       20.77446682,       19.33570622,         0.7064931436,         -0.5977207759,                     0,      0.4358364686,      0.7622906086,                 0,       289.1005791,         311.14394,                 0,       15062.80563,        12365.90306,                  0,        0.1815044117,         0.1384557398,                    0,          301495.1343,           349014.8211,                     0,           118.1325694,            -131.328289,                      0,        118.1321196,         131.1680751,                   0,                 90.0787839,                 235.0757391,                           0,            -7.614144211e-06,              -0.002438411051,                          nan,                      0.7625257566,                        1.792171906,                                nan,             300.08384,            347.3810878,                      0,            17162.61837,             18194.50465,                       0,       0.996999144,      0.5040355485,                 0,                 0,                 0,       0.461167302,      0.4876466837,       1.005116829,                 0,      0.5055526392
         389,     0.05736279872,      -4.442290822,      -2.028109995,       1.014810117,                        10,      -2.878547786,               6,      -4.611346185,   5.330084056e-08,   2.420619369e-05,      0.2329994704,       2.077446682,       1.933570622,         0.7037992144,         -0.5990066879,                     0,      0.4337252586,      0.7585396008,                 0,       289.2169348,       311.2627608,                 0,       15083.12701,        12367.21244,                  0,        0.1816761534,          0.138416583,                    0,          301509.8113,            348787.206,                     0,           117.5711007,           -131.6098281,                      0,        117.5705676,         131.4686129,                   0,                89.67728229,                 233.5013677,                           0,            -9.068641337e-06,               -0.00214481595,                          nan,                      0.7627528224,                        1.776099729,                                nan,           300.0984483,            347.1545382,                      0,            17164.50887,             18129.66505,                       0,       0.995913988,      0.5105475642,                 0,                 0,                 0,      0.4590217323,       0.482837265,       1.009639372,                 0,      0.5126422265
         390,     0.05727573223,      -4.433397296,      -2.013243099,       1.029448427,                         4,      -4.863861064,               2,      -4.545882271,     5.3346836e-09,   2.422899526e-06,      0.2795993645,       2.492936019,       2.320284747,         0.7031440819,         -0.5991888422,                     0,      0.4333526775,      0.7583222171,                 0,       289.2097249,       311.2817965,                 0,       15081.54224,        12367.49924,                  0,        0.1816616008,         0.1384112227,                    0,          301483.5151,           348787.3815,                     0,           117.4709948,           -131.6506174,                      0,        117.4704782,         131.5113038,                   0,                89.59607371,                 233.4037692,                           0,             -8.79554001e-06,              -0.002115293816,                          nan,                      0.7627114072,                        1.774781045,                                nan,           300.0722752,            347.1547129,                      0,             17158.9651,             18126.17973,                       0,      0.9959073102,      0.5109628446,                 0,                 0,                 0,      0.4588938332,      0.4825802978,        1.00996567,                 0,      0.5130626509
         391,     0.05718856786,      -4.437397779,      -2.018774153,       1.023678013,                         4,      -4.448145532,               2,      -4.281843791,   6.402377756e-09,   2.907819193e-06,      0.3355192374,       2.991523223,       2.784341696,         0.7025257575,         -0.5994468754,                     0,       0.432951405,      0.7579921165,                 0,       289.2105876,       311.3073785,                 0,       15081.65188,         12368.2406,                  0,        0.1816623852,         0.1384080018,                    0,          301464.2032,           348784.0559,                     0,           117.3670767,           -131.7045356,                      0,        117.3665982,         131.5680661,                   0,                89.50715063,                 233.2579892,                           0,            -8.153581132e-06,              -0.002071284697,                          nan,                      0.7626288226,                        1.772907333,                                nan,           300.0530537,            347.1514029,                      0,            17155.06472,              18121.3332,                       0,       0.995853858,      0.5114858378,                 0,                 0,                 0,      0.4587151641,      0.4822208503,       1.010349306,                 0,        0.51361536
         392,     0.05710160204,      -4.442600214,      -2.023665272,       1.016670087,                         4,      -4.054386315,               2,      -4.025630358,   7.683893013e-09,   3.489858814e-06,      0.4026230848,       3.589827867,       3.341210035,         0.7019312515,         -0.5998102672,                     0,      0.4325107905,      0.7575160699,                 0,       289.2206927,       311.3401267,                 0,       15083.68221,        12369.44061,                  0,         0.181680497,         0.1384066845,                    0,          301452.5626,           348774.6967,                     0,           117.2559309,           -131.7772855,                      0,         117.255506,         131.6451462,                   0,                 89.4094802,                 233.0486224,                           0,             -7.24684248e-06,              -0.002004489232,                          nan,                      0.7625183947,                        1.770278884,                                nan,           300.0414676,            347.1420874,                      0,            17152.95811,              18114.5269,                       0,      0.9957228768,      0.5121506929,                 0,                 0,                 0,      0.4584633179,      0.4817137637,       1.010798808,                 0,      0.5143506339
         393,     0.05702162792,      -4.450830575,      -2.026450065,       1.005665189,                         5,      -4.556000729,               3,      -5.410553141,   9.222088471e-09,   4.188500508e-06,      0.4831477018,        4.30779344,       4.009452042,         0.7013258934,         -0.6003188492,                     0,       0.432013358,      0.7568554354,                 0,       289.2406519,       311.3802998,                 0,       15087.69443,         12371.0676,                  0,         0.181716286,         0.1384067986,                    0,          301448.3581,           348755.8318,                     0,            117.131595,           -131.8767578,                      0,         117.131229,         131.7511123,                   0,                89.30128927,                 232.7569332,                           0,            -6.248546299e-06,              -0.001904590969,                          nan,                      0.7624037586,                        1.766641125,                                nan,           300.0372828,            347.1233108,                      0,            17152.54002,             18105.01394,                       0,      0.9954747649,      0.5129921456,                 0,                 0,                 0,       0.458110453,      0.4810064867,       1.011317808,                 0,      0.5153241084
         394,     0.05694171316,      -4.463342471,      -2.025898041,      0.9884767729,                         5,      -4.113255526,               3,      -5.055404574,   1.106842321e-08,   5.027156686e-06,      0.5797772421,       5.169352129,       4.811342451,         0.7006546751,         -0.6010219881,                     0,      0.4314350573,      0.7559668536,                 0,       289.2703858,       311.4274557,                 0,       15093.56618,        12373.04268,                  0,         0.181768321,         0.1384076631,                    0,          301450.3093,           348722.7548,                     0,           116.9858728,             -132.01312,                      0,        116.9855592,         131.8967623,                   0,                89.17974134,                 232.3606071,                           0,            -5.360373408e-06,              -0.001762042902,                          nan,                      0.7623141003,                         1.76168545,                                nan,           300.0392248,            347.0903887,                      0,             17153.4315,             18091.90544,                       0,      0.9950617313,       0.514039137,                 0,                 0,                 0,      0.4576236012,      0.4800434647,       1.011900368,                 0,      0.5165901982
         395,     0.05686819545,      -4.479540211,      -2.022532181,      0.9653716928,                         6,      -4.381050678,               3,      -4.713165073,   1.328468439e-08,   6.033979919e-06,      0.6957326906,       6.203222554,       5.773610941,         0.6998517662,         -0.6019678473,                     0,       0.430747732,      0.7548042466,                 0,       289.3091765,       311.4794829,                 0,       15101.04137,        12375.17237,                  0,        0.1818339599,         0.1384080709,                    0,           301456.272,           348668.6767,                     0,           116.8095527,           -132.1974234,                      0,        116.8092747,         132.0933605,                   0,                89.04075003,                 231.8341317,                           0,            -4.760242535e-06,              -0.001573735903,                          nan,                       0.762274659,                        1.755077854,                                nan,           300.0451596,            347.0365638,                      0,            17155.06201,             18074.12696,                       0,      0.9944276406,      0.5153064988,                 0,                 0,                 0,      0.4569643166,      0.4787710559,       1.012524269,                 0,      0.5181940623
         396,     0.05680074736,      -4.496199575,      -2.019390265,      0.9408364282,                         7,      -4.515614309,               3,       -4.38525968,   1.594506442e-08,   7.242841301e-06,      0.8348792287,       7.443867065,       6.928333129,         0.6988557038,         -0.6031745022,                     0,      0.4299229624,      0.7533186759,                 0,       289.3560989,        311.531361,                 0,       15109.85853,        12377.01967,                  0,        0.1819106244,         0.1384053988,                    0,          301463.8844,           348583.4083,                     0,           116.5941196,           -132.4370418,                      0,        116.5938537,         132.3476037,                   0,                88.87907736,                 231.1495793,                           0,            -4.560171914e-06,              -0.001350195419,                          nan,                      0.7622964206,                        1.746533922,                                nan,           300.0527363,            346.9516945,                      0,            17156.85435,             18050.25557,                       0,      0.9935057949,      0.5167862322,                 0,                 0,                 0,      0.4560873809,      0.4771410508,        1.01314273,                 0,      0.5201642858
         397,     0.05673675075,      -4.508698131,      -2.020769527,      0.9228487783,                         7,      -4.026543678,               3,       -4.07143709,   1.913865985e-08,   8.694491906e-06,       1.001855074,       8.932640478,       8.313999755,         0.6976231358,         -0.6045841891,                     0,      0.4289357126,      0.7514536639,                 0,       289.4105953,       311.5742406,                 0,        15119.8939,        12377.78247,                  0,        0.1819971644,         0.1383946464,                    0,          301471.3502,           348451.9942,                     0,           116.3331703,           -132.7272003,                      0,        116.3328923,         132.6529049,                   0,                88.68876945,                 230.2781075,                           0,            -4.779066113e-06,              -0.001119206122,                          nan,                      0.7623705357,                        1.735944702,                                nan,           300.0601672,            346.8208955,                      0,            17158.42425,             18018.28611,                       0,      0.9922140184,      0.5184394016,                 0,                 0,                 0,      0.4549383258,      0.4751116753,       1.013674981,                 0,      0.5225076365
         398,     0.05667764135,       -4.51438447,      -2.029366408,      0.9175349071,                         8,      -4.050467783,               4,      -4.741797231,   2.297248429e-08,   1.043791334e-05,       1.202226089,       10.71916857,       9.976799706,         0.6961326614,         -0.6060220549,                     0,       0.427765801,      0.7491310265,                 0,       289.4729074,         311.59684,                 0,       15131.23571,        12376.41142,                  0,        0.1820944772,         0.1383691022,                    0,          301477.9647,           348255.0291,                     0,           116.0226626,           -133.0408589,                      0,        116.0223531,         132.9796544,                   0,                88.46383512,                 229.1909407,                           0,            -5.334409329e-06,             -0.0009198747755,                          nan,                      0.7624723402,                        1.723503808,                                nan,           300.0667508,            346.6248524,                      0,            17159.67926,             17975.56372,                       0,      0.9904457418,      0.5201868849,                 0,                 0,                 0,      0.4534493061,      0.4726461036,       1.013993503,                 0,      0.5252048274
         399,     0.05662485575,      -4.514371633,       -2.04340111,      0.9241088332,                         9,      -4.018472321,               4,      -4.371654418,   2.757511733e-08,   1.253190424e-05,       1.442671307,       12.86300229,       11.97215965,         0.6943754978,         -0.6072013028,                     0,      0.4263964298,      0.7462281977,                 0,       289.5441824,       311.5908325,                 0,       15144.14447,        12372.20086,                  0,        0.1822049607,         0.1383245307,                    0,          301484.1521,           347972.5993,                     0,           115.6597278,            -133.324137,                      0,        115.6593758,         133.2715831,                   0,                88.19901042,                   227.85764,                           0,            -6.086636405e-06,             -0.0007882066968,                          nan,                      0.7625755355,                        1.709724119,                                nan,           300.0729092,            346.3437446,                      0,            17160.75878,             17919.24329,                       0,       0.988058422,      0.5218978499,                 0,                 0,                 0,      0.4515332565,      0.4697102291,       1.013907842,                 0,      0.5282054566
         400,     0.05658443192,       -4.51075547,      -2.055620861,      0.9377727806,                        10,      -3.950121403,               4,      -4.023191381,   3.310114571e-08,   1.504706942e-05,       1.731205569,       15.43560275,       14.36659158,         0.6923375537,          -0.607810776,                     0,      0.4248098147,      0.7425585955,                 0,       289.6263915,       311.5582299,                 0,        15158.9664,        12365.70441,                  0,        0.1823315178,         0.1382661554,                    0,          301491.1661,           347590.7516,                     0,           115.2403524,           -133.5069356,                      0,        115.2399512,         133.4571992,                   0,                87.89028944,                 226.2388474,                           0,            -6.963259447e-06,             -0.0007449368503,                          nan,                       0.762672047,                        1.695216509,                                nan,           300.0798904,            345.9636844,                      0,            17161.89245,             17847.29013,                       0,      0.9848587756,      0.5233699962,                 0,                 0,                 0,       0.449077935,      0.4662728916,       1.013139947,                 0,      0.5314162895
         401,     0.05975718856,      -4.503113647,      -2.058077766,      0.9556677694,                        10,      -3.509325973,               5,      -4.430116618,   3.973663756e-08,   1.806844625e-05,       2.077446682,        18.5227233,       17.23990989,         0.6899804478,         -0.6076595807,                     0,      0.4229791651,      0.7378712565,                 0,       289.7224836,       311.5139168,                 0,       15176.12278,        12359.14731,                  0,        0.1824773277,         0.1382122234,                    0,          301500.8591,           347104.4621,                     0,           114.7564017,           -133.5305701,                      0,        114.7559378,         133.4775721,                   0,                87.53435839,                 224.2730974,                           0,            -8.085055558e-06,             -0.0007936380934,                          nan,                      0.7627871817,                        1.680230573,                                nan,            300.089538,            345.4796713,                      0,            17163.30986,             17759.13095,                       0,      0.9806143018,      0.5243169863,                 0,                 0,                 0,      0.4459576039,      0.4623226603,        1.01132115,                 0,      0.5346821735
         402,     0.05972223623,      -4.489032457,      -2.050999803,      0.9780345756,                        10,      -3.115270784,               5,      -4.062696206,   4.770599198e-08,   2.169879064e-05,       2.492936019,       22.22726795,       20.68789187,         0.6872291956,         -0.6067708581,                     0,      0.4208575943,      0.7318750562,                 0,       289.8364449,       311.4764562,                 0,       15196.16861,        12355.40161,                  0,        0.1826465079,          0.138186657,                    0,          301515.2145,           346510.0016,                     0,           114.1931967,           -133.3761071,                      0,         114.192638,         133.3143769,                   0,                87.12553576,                 221.8639445,                           0,            -9.785908875e-06,              -0.000925441372,                          nan,                      0.7629698139,                        1.664216191,                                nan,           300.1038262,            344.8879934,                      0,            17165.20064,             17654.69392,                       0,      0.9751282727,      0.5243863816,                 0,                 0,                 0,      0.4420821753,      0.4579166168,       1.008051882,                 0,      0.5377614375
         403,     0.05967974233,      -4.467587676,      -2.041627377,       1.005672221,                        10,      -2.771969587,               6,      -4.372693856,    5.72806122e-08,   2.606224044e-05,      0.2492936019,       2.222726795,       2.068789187,         0.6839769497,         -0.6053069862,                     0,        0.41837217,      0.7242756349,                 0,       289.9723694,       311.4494178,                 0,       15219.75128,        12355.75686,                  0,        0.1828441941,         0.1382023648,                    0,          301535.1196,           345788.1368,                     0,           113.5303196,           -133.0652882,                      0,        113.5296048,         132.9902376,                   0,                86.65095593,                 218.8809239,                           0,            -1.259189105e-05,              -0.001127708811,                          nan,                      0.7632454641,                         1.64584204,                                nan,           300.1236381,            344.1695076,                      0,            17167.61496,             17531.96428,                       0,      0.9684299211,      0.5232740889,                 0,                 0,                 0,      0.4374960929,      0.4532622922,        1.00310796,                 0,      0.5403324263
         404,     0.05959297556,      -4.440654691,      -2.033152019,       1.038010088,                         4,      -4.707772618,               2,      -4.381640565,    5.73250372e-09,   2.609029054e-06,      0.2991523223,       2.667272155,       2.482547024,         0.6831523343,         -0.6051147504,                     0,       0.417910968,      0.7236368576,                 0,       289.9614191,         311.48878,                 0,       15217.39292,         12360.5971,                  0,        0.1828227758,          0.138239033,                    0,          301501.2552,           345774.4642,                     0,           113.4066499,           -132.9961169,                      0,        113.4059477,         132.9172636,                   0,                86.54908546,                 218.6689194,                           0,            -1.238390617e-05,              -0.001185447182,                          nan,                      0.7631794204,                        1.645150626,                                nan,           300.0899323,             344.155899,                      0,            17160.47806,             17528.61557,                       0,      0.9681904598,      0.5232799796,                 0,                 0,                 0,      0.4372823907,      0.4530682374,       1.002967535,                 0,      0.5404721502
         405,     0.05950720887,      -4.440920378,       -2.04346947,       1.035165862,                         4,      -4.302730084,               2,      -4.126883567,   6.879503482e-09,   3.131250803e-06,      0.3589827867,       3.200726585,       2.979056429,         0.6823867137,         -0.6049229198,                     0,      0.4174187285,      0.7227887994,                 0,        289.961047,       311.5259336,                 0,       15217.29645,        12364.95913,                  0,        0.1828218588,         0.1382713107,                    0,          301476.9007,           345739.3797,                     0,           113.2799814,           -132.9313825,                      0,        113.2793273,           132.84882,                   0,                86.43799923,                  218.366475,                           0,            -1.154942397e-05,              -0.001241796841,                          nan,                       0.763051841,                          1.6437216,                                nan,           300.0656917,            344.1209788,                      0,            17155.59612,             17521.19958,                       0,      0.9678244859,       0.523236232,                 0,                 0,                 0,       0.436985478,      0.4528036254,       1.002710959,                 0,      0.5406313228
         406,     0.05943226413,      -4.443908899,      -2.051614284,       1.028803961,                         5,      -4.854595599,               3,      -5.543248695,   8.256119999e-09,    3.75808496e-06,       0.430779344,       3.840871903,       3.574867715,         0.6816582951,         -0.6047435873,                     0,      0.4168808571,       0.721672294,                 0,        289.972575,       311.5594647,                 0,       15219.70688,        12368.66395,                  0,        0.1828435535,         0.1382978274,                    0,          301462.7249,           345675.9479,                     0,           113.1454531,           -132.8741719,                      0,        113.1448726,         132.7884657,                   0,                86.31636431,                 217.9473534,                           0,            -1.026132534e-05,              -0.001289619342,                          nan,                        0.76288357,                        1.641312385,                                nan,           300.0515823,            344.0578438,                      0,            17153.10339,             17508.50269,                       0,      0.9672656029,      0.5231119946,                 0,                 0,                 0,      0.4365676336,      0.4524343352,       1.002273455,                 0,       0.540815256
         407,     0.05935753946,      -4.451892633,      -2.055596603,       1.015729453,                         5,      -4.400742444,               3,      -5.172818126,   9.908378402e-09,   4.510527739e-06,      0.5169352129,       4.609046283,       4.289841258,         0.6809157902,         -0.6045931096,                     0,      0.4162735731,      0.7202170984,                 0,       289.9965122,       311.5874365,                 0,       15224.63057,        12371.54442,                  0,        0.1828876106,         0.1383175827,                    0,          301458.1103,           345575.6874,                     0,           112.9947931,           -132.8278231,                      0,         112.994295,         132.7401514,                   0,                 86.1818076,                 217.3805752,                           0,            -8.816883293e-06,              -0.001319644412,                          nan,                      0.7627093703,                        1.637639952,                                nan,           300.0469893,            343.9580527,                      0,            17152.77702,             17489.16245,                       0,      0.9664378487,       0.522872888,                 0,                 0,                 0,      0.4359855236,      0.4519207746,       1.001581642,                 0,      0.5410310541
         408,     0.05930642323,      -4.465406963,      -2.054909872,      0.9948099894,                         6,       -4.69537276,               3,      -4.814495477,   1.189156155e-08,   5.413818831e-06,      0.6203222554,        5.53085554,        5.14780951,         0.6800828623,         -0.6044867891,                     0,      0.4155650474,      0.7183418703,                 0,       290.0323759,       311.6069495,                 0,       15231.82503,        12373.43117,                  0,        0.1829514108,          0.138329987,                    0,          301461.0263,           345428.1388,                     0,           112.8170585,           -132.7949567,                      0,         112.816632,         132.7071048,                   0,                86.03051814,                 216.6305159,                           0,             -7.56132327e-06,              -0.001322684081,                          nan,                      0.7625694601,                        1.632395766,                                nan,           300.0498917,            343.8111947,                      0,            17154.03739,             17461.66619,                       0,      0.9652657576,      0.5224836939,                 0,                 0,                 0,      0.4351951869,      0.4512242543,       1.000561775,                 0,      0.5412848118
         409,     0.05923786927,       -4.48202707,      -2.052028511,      0.9689864202,                         6,      -4.209932428,               3,      -4.471088497,   1.427208877e-08,   6.498320098e-06,      0.7443867065,       6.637026648,       6.177371412,         0.6790732863,         -0.6044239415,                     0,      0.4147193038,      0.7159534372,                 0,       290.0789224,       311.6137741,                 0,       15240.89705,         12374.1208,                  0,        0.1830310019,         0.1383346666,                    0,          301468.4631,            345220.495,                     0,           112.6005027,           -132.7749752,                      0,        112.6001203,         132.6890077,                   0,                85.85709138,                 215.6573255,                           0,            -6.791273908e-06,              -0.001294516316,                          nan,                      0.7624955562,                        1.625284033,                                nan,           300.0572937,            343.6045229,                      0,            17156.09758,             17424.32636,                       0,      0.9636883081,      0.5219106627,                 0,                 0,                 0,      0.4341592613,      0.4503166854,      0.9991500277,                 0,      0.5415762112
         410,     0.05916997543,      -4.496683549,      -2.051724818,      0.9459192852,                         7,      -4.327724638,               3,      -4.144109243,   1.712978601e-08,   7.800573831e-06,      0.8932640478,       7.964431977,       7.412845694,         0.6778123525,         -0.6043603249,                     0,      0.4137019018,       0.712946131,                 0,       290.1347289,       311.6017174,                 0,       15251.48533,        12373.31237,                  0,        0.1831229278,         0.1383310266,                    0,          301477.3166,           344937.0049,                     0,           112.3349902,           -132.7593246,                      0,        112.3346153,         132.6768112,                   0,                85.65480138,                 214.4183225,                           0,            -6.675797456e-06,              -0.001242667379,                          nan,                      0.7624969488,                        1.616094935,                                nan,           300.0661057,            343.3223599,                      0,            17158.22488,             17375.22466,                       0,      0.9616745847,      0.5211242167,                 0,                 0,                 0,      0.4328555578,       0.449191399,      0.9973041378,                 0,      0.5418924706
         411,      0.0591062165,       -4.50476334,      -2.058003094,      0.9340523257,                         8,      -4.363257141,               4,      -4.849276424,   2.056063586e-08,   9.364548859e-06,       1.071916857,       9.557318373,       8.895414833,          0.676253481,         -0.6041726877,                     0,      0.4124847905,       0.709199036,                 0,        290.198967,       311.5630921,                 0,       15263.43893,        12370.61292,                  0,        0.1832258839,         0.1383180855,                    0,          301485.4302,            344559.453,                     0,            112.013729,           -132.7246474,                      0,        112.0133253,         132.6455698,                   0,                85.41637547,                 212.8704799,                           0,            -7.209123286e-06,              -0.001191248007,                          nan,                      0.7625554841,                        1.604806555,                                nan,           300.0741813,            342.9465753,                      0,            17159.98894,             17312.22222,                       0,      0.9592408881,      0.5201039676,                 0,                 0,                 0,      0.4312866239,       0.447873717,      0.9950177648,                 0,      0.5422037092
         412,     0.05904701332,      -4.505680652,      -2.070244473,      0.9353684997,                         9,      -4.357255158,               4,      -4.464583685,   2.468012554e-08,   1.124307852e-05,       1.286300229,       11.46878205,        10.6744978,         0.6743800093,         -0.6036475078,                     0,      0.4110481744,      0.7045717078,                 0,        290.271823,       311.4919499,                 0,       15276.86919,        12365.83492,                  0,         0.183341073,         0.1382963486,                    0,          301492.1216,           344070.5174,                     0,           111.6333576,           -132.6282897,                      0,         111.632899,         132.5502006,                   0,                85.13509388,                 210.9731713,                           0,            -8.215152289e-06,              -0.001177216739,                          nan,                      0.7626344439,                        1.591647318,                                nan,           300.0808414,            342.4599283,                      0,            17161.33782,             17233.33081,                       0,      0.9564632667,      0.5188468009,                 0,                 0,                 0,      0.4294860114,      0.4464260212,      0.9923345156,                 0,      0.5424639074
         413,     0.05899462126,      -4.502032777,      -2.080963553,      0.9446906311,                        10,       -4.30128854,               4,      -4.104497729,    2.96273538e-08,   1.349956693e-05,       1.543560275,       13.76253846,       12.80939736,         0.6721908005,         -0.6025408044,                     0,      0.4093788339,      0.6989062215,                 0,       290.3544368,       311.3903948,                 0,       15292.05295,        12359.67748,                  0,         0.183471077,         0.1382726448,                    0,          301498.0375,           343460.9794,                     0,           111.1922827,           -132.4152791,                      0,        111.1917566,         132.3333185,                   0,                84.80598288,                 208.6893876,                           0,            -9.462744623e-06,              -0.001237550211,                          nan,                      0.7627002711,                        1.576998069,                                nan,           300.0867296,            341.8532436,                      0,            17162.47216,             17137.67916,                       0,      0.9534778851,      0.5173766496,                 0,                 0,                 0,      0.4275170351,       0.444942124,      0.9893559427,                 0,       0.542620503
         414,     0.05894827422,      -4.495001139,      -2.080869018,      0.9574248584,                        10,      -3.832163442,               5,      -4.564334089,   3.557010399e-08,   1.621018383e-05,        1.85227233,       16.51504615,       15.37127683,           0.66967794,         -0.6007103976,                     0,      0.4074650573,      0.6920477759,                 0,       290.4487008,       311.2710471,                 0,       15309.30554,        12354.13625,                  0,        0.1836184549,         0.1382637074,                    0,          301504.7027,            342734.215,                     0,           110.6878839,           -132.0420331,                      0,        110.6872819,         131.9498786,                   0,                84.42652248,                 205.9830779,                           0,              -1.0877526e-05,              -0.001395349172,                          nan,                      0.7627481768,                        1.561070614,                                nan,           300.0933636,            341.1298812,                      0,            17163.65353,             17026.35791,                       0,      0.9504678643,      0.5157537153,                 0,                 0,                 0,      0.4254646932,      0.4435312116,      0.9862409037,                 0,      0.5426314079
         415,     0.05890474135,      -4.483038447,      -2.070369662,      0.9735373551,                        10,      -3.412000317,               5,      -4.208013992,   4.271112244e-08,   1.946677051e-05,       2.222726795,       19.81805538,        18.4455322,         0.6668082407,         -0.5982171109,                     0,      0.4052881529,      0.6838827243,                 0,       290.5571729,       311.1458149,                 0,       15328.94759,        12351.51603,                  0,        0.1837853974,          0.138290167,                    0,          301514.0298,           341897.1052,                     0,           110.1136944,            -131.502963,                      0,        110.1129968,         131.3944446,                   0,                83.99551068,                 202.8143737,                           0,            -1.266956407e-05,               -0.00164975154,                          nan,                      0.7628119576,                        1.543553643,                                nan,            300.102647,            340.2966899,                      0,             17165.0876,              16901.5979,                       0,      0.9476516588,      0.5140752566,                 0,                 0,                 0,      0.4234324356,      0.4423081213,      0.9831991465,                 0,      0.5424728082
         416,     0.05886134125,      -4.467004054,      -2.058170395,       0.991932307,                        10,      -3.037333292,               6,      -4.569129395,   5.129582642e-08,   2.338035119e-05,       2.667272155,       23.78166645,       22.13463864,         0.6635206523,         -0.5952681382,                     0,      0.4028143877,      0.6743704318,                 0,       290.6824732,       311.0051311,                 0,       15351.29748,        12352.31422,                  0,        0.1839740142,         0.1383620134,                    0,          301527.3255,           340939.9767,                     0,             109.45882,           -130.8312504,                      0,        109.4579828,         130.7021967,                   0,                83.50903621,                 199.1419133,                           0,            -1.529661446e-05,              -0.001971853134,                          nan,                      0.7629323517,                        1.523630959,                                nan,           300.1158805,            339.3440417,                      0,            17166.84214,             16764.34708,                       0,      0.9453013646,       0.512470908,                 0,                 0,                 0,      0.4215592596,      0.4414107412,      0.9804986787,                 0,      0.5421243713
         417,     0.05881668852,      -4.451567063,      -2.047944225,       1.008061486,                        10,       -2.70121196,               6,      -4.201537737,   6.162157424e-08,   2.808492878e-05,      0.2667272155,       2.378166645,       2.213463864,         0.6597489036,         -0.5920356434,                     0,      0.3999986895,      0.6635493161,                 0,       290.8256903,       310.8109668,                 0,       15376.53654,        12354.49757,                  0,        0.1841857262,         0.1384735852,                    0,          301543.8377,           339829.5499,                     0,           108.7120578,           -130.0653254,                      0,        108.7110032,         129.9143181,                   0,                82.95653719,                  194.941194,                           0,            -1.940033421e-05,              -0.002320674296,                          nan,                      0.7630923708,                        1.500536637,                                nan,           300.1323154,            338.2388128,                      0,            17168.73615,             16613.43132,                       0,        0.94376697,      0.5111252647,                 0,                 0,                 0,       0.420042667,      0.4410056152,      0.9784984298,                 0,       0.541579946
         418,      0.0587328599,      -4.437694263,      -2.036497958,       1.022020203,                         4,      -4.536015797,               2,      -4.321888847,   6.170701326e-09,   2.811817722e-06,      0.3200726585,       2.853799974,       2.656156636,         0.6587671584,         -0.5916422931,                     0,      0.3994661901,      0.6625495157,                 0,       290.8120505,       310.8419954,                 0,       15373.50758,         12360.3899,                  0,        0.1841580943,         0.1385258424,                    0,          301504.8099,           339779.9954,                     0,           108.5664593,           -129.9373921,                      0,        108.5654271,         129.7834242,                   0,                82.84201501,                 194.6100633,                           0,            -1.901606615e-05,               -0.00236847306,                          nan,                       0.763060739,                        1.499498603,                                nan,           300.0934704,            338.1894902,                      0,            17160.39819,             16606.96535,                       0,      0.9439085261,      0.5111839265,                 0,                 0,                 0,      0.4200486973,       0.441082671,      0.9786308751,                 0,      0.5415608741
         419,     0.05864926905,      -4.446770744,      -2.041066716,        1.00809664,                         4,      -4.128954721,               2,      -4.071358394,   7.405691376e-09,   3.374683327e-06,      0.3840871903,       3.424559969,       3.187387964,         0.6578714267,         -0.5912172308,                     0,      0.3989051633,      0.6612365313,                 0,       290.8109628,        310.862733,                 0,       15373.23734,        12365.25484,                  0,        0.1841555549,         0.1385711594,                    0,          301477.4931,           339693.2965,                     0,           108.4201352,           -129.8074689,                      0,        108.4191756,         129.6515742,                   0,                82.71726915,                 194.1434377,                           0,             -1.77012109e-05,              -0.002400494778,                          nan,                      0.7629394772,                        1.497424454,                                nan,           300.0662814,            338.1031971,                      0,            17154.88127,              16594.6624,                       0,      0.9440297326,       0.511205593,                 0,                 0,                 0,      0.4200345637,      0.4411659579,        0.97872156,                 0,      0.5415142928
         420,     0.05857360071,      -4.459011487,      -2.044085221,      0.9901230637,                         5,      -4.642180793,               3,      -5.450457143,    8.88809568e-09,   4.050318269e-06,      0.4609046283,       4.109471963,       3.824865557,         0.6570334265,         -0.5907674327,                     0,      0.3982996553,      0.6595323356,                 0,       290.8234812,       310.8692004,                 0,       15375.91051,        12368.83031,                  0,        0.1841796543,         0.1386083959,                    0,          301462.2409,           339558.7852,                     0,           108.2676078,           -129.6763906,                      0,         108.266755,         129.5205022,                   0,                82.58085711,                 193.5068495,                           0,            -1.575434164e-05,              -0.002402822622,                          nan,                      0.7627535998,                        1.494024855,                                nan,           300.0511006,            337.9693155,                      0,            17152.24242,             16575.09577,                       0,      0.9440997734,      0.5111642484,                 0,                 0,                 0,      0.4199841218,      0.4412467279,      0.9787311153,                 0,      0.5414303263
         421,     0.05849648128,      -4.473769072,      -2.046473439,      0.9683939584,                         5,      -4.182307453,               3,      -5.098762127,    1.06676001e-08,   4.861361767e-06,       0.553085554,       4.931366356,       4.589838668,         0.6561908557,         -0.5902806165,                     0,      0.3976241059,      0.6573504259,                 0,       290.8494778,       310.8552665,                 0,       15381.38139,        12370.76096,                  0,        0.1842287221,         0.1386363439,                    0,          301457.7409,           339362.9091,                     0,           108.0997114,           -129.5410877,                      0,        108.0989738,          129.387808,                   0,                82.43028667,                 192.6635805,                           0,             -1.36464334e-05,              -0.002365102376,                          nan,                      0.7625445809,                        1.489039682,                                nan,           300.0466217,            337.7743563,                      0,             17152.0821,             16546.64429,                       0,        0.94408779,      0.5110364375,                 0,                 0,                 0,      0.4198800625,      0.4413146473,      0.9786221833,                 0,      0.5413018185
         422,     0.05842514965,       -4.48861658,      -2.049496842,      0.9457028905,                         6,      -4.451700657,               3,      -4.764083429,     1.2803926e-08,   5.835033795e-06,      0.6637026648,       5.917639627,       5.507806401,         0.6552566653,         -0.5897030375,                     0,      0.3968461375,      0.6545985685,                 0,       290.8874937,       310.8127683,                 0,       15389.18686,        12370.62073,                  0,        0.1842981237,         0.1386539253,                    0,          301460.9945,           339089.7017,                     0,           107.9049572,           -129.3904426,                      0,        107.9043162,         129.2423442,                   0,                 82.2617486,                 191.5780227,                           0,            -1.188107164e-05,              -0.002287861517,                          nan,                      0.7623582775,                        1.482316217,                                nan,             300.04986,            337.5024278,                      0,            17153.58565,             16507.58996,                       0,      0.9439712583,      0.5108071789,                 0,                 0,                 0,      0.4197072136,      0.4413608775,      0.9783691974,                 0,      0.5411257752
         423,     0.05836157358,      -4.500259812,      -2.054399904,      0.9267323255,                         7,      -4.599701763,               3,      -4.446984943,   1.536888432e-08,   7.004087559e-06,      0.7964431977,       7.101167552,       6.609367682,         0.6541410385,         -0.5889293791,                     0,      0.3959326826,      0.6511837458,                 0,       290.9351522,       310.7342453,                 0,       15398.70049,        12368.17306,                  0,        0.1843818485,         0.1386618702,                    0,          301468.0333,           338724.2874,                     0,           107.6722046,           -129.2023015,                      0,        107.6716214,            129.0609,                   0,                82.07023841,                 190.2204879,                           0,            -1.083176445e-05,              -0.002187642161,                          nan,                      0.7622271991,                        1.473881617,                                nan,           300.0568658,             337.138724,                      0,            17155.75291,             16456.55465,                       0,      0.9437508654,      0.5104770786,                 0,                 0,                 0,      0.4194602326,      0.4413855977,      0.9779730558,                 0,      0.5409023687
         424,     0.05829478094,      -4.506960845,      -2.061827215,      0.9147728868,                         7,      -4.109712223,               3,      -4.146665067,   1.844886064e-08,   8.407954173e-06,      0.9557318373,       8.521401063,       7.931241218,         0.6527781315,         -0.5878301681,                     0,       0.394857595,       0.647027315,                 0,       290.9899926,       310.6175998,                 0,       15409.37342,        12363.84848,                  0,        0.1844748709,         0.1386659646,                    0,          301475.1396,           338259.2792,                     0,           107.3936637,           -128.9465453,                      0,        107.3930934,         128.8113812,                   0,                81.85023971,                 188.5737065,                           0,            -1.062111586e-05,              -0.002095337931,                          nan,                      0.7621555274,                        1.463952213,                                nan,           300.0639389,            336.6758925,                      0,            17157.73772,              16393.3447,                       0,      0.9434659096,      0.5100708444,                 0,                 0,                 0,      0.4191530111,      0.4414050962,      0.9774772273,                 0,      0.5406351614
         425,     0.05824162183,      -4.510151481,      -2.070884171,      0.9084717556,                         8,       -4.16053264,               4,      -4.875034021,   2.214782432e-08,   1.009408231e-05,       1.146878205,       10.22568128,       9.517489462,          0.651142923,         -0.5863242011,                     0,      0.3936071407,      0.6420868584,                 0,       291.0503871,       310.4698451,                 0,       15420.93522,        12359.15303,                  0,        0.1845749752,         0.1386799576,                    0,          301480.0484,           337700.5632,                     0,            107.066595,           -128.5972117,                      0,        107.0660018,         128.4655949,                   0,                81.59694558,                  186.636493,                           0,            -1.107948981e-05,              -0.002045915717,                          nan,                      0.7621181718,                        1.452813053,                                nan,           300.0688247,            336.1197918,                      0,            17159.12201,             16319.74914,                       0,      0.9432027429,      0.5096442725,                 0,                 0,                 0,      0.4188259841,      0.4414542517,      0.9769784248,                 0,      0.5403337473
         426,     0.05819446042,      -4.512559185,      -2.078813346,      0.9037886416,                         9,       -4.16451345,               4,      -4.519394109,   2.659097357e-08,    1.21194774e-05,       1.376253846,       12.27081753,       11.42098735,         0.6492468267,          -0.584465459,                     0,      0.3921804473,      0.6363867335,                 0,       291.1160467,       310.3042883,                 0,       15433.42588,        12356.37199,                  0,        0.1846828134,         0.1387235459,                    0,          301482.4868,           337066.4594,                     0,           106.6925703,           -128.1517809,                      0,        106.6919389,         128.0193803,                   0,                81.30766408,                 184.4236445,                           0,            -1.183655499e-05,              -0.002065242425,                          nan,                      0.7620787938,                        1.440591605,                                nan,           300.0712517,            335.4886563,                      0,            17159.95385,             16239.48473,                       0,      0.9430825392,      0.5092849873,                 0,                 0,                 0,      0.4185438876,      0.4415763555,      0.9766197808,                 0,      0.5400216483
         427,     0.05814680164,      -4.514342271,      -2.082589966,      0.9000668791,                        10,      -4.117082778,               4,      -4.188383314,   3.192914967e-08,   1.455253668e-05,       1.651504615,       14.72498104,       13.70518482,         0.6471137245,         -0.5824713379,                     0,      0.3905842022,      0.6300458711,                 0,       291.1879405,        310.128097,                 0,       15447.06721,        12357.24352,                  0,        0.1848004127,         0.1388131036,                    0,            301483.84,           336376.0675,                     0,           106.2744426,           -127.6447316,                      0,        106.2737741,         127.5066674,                   0,                80.98275006,                  181.963696,                           0,            -1.258040716e-05,              -0.002162087622,                          nan,                       0.762020082,                        1.427091616,                                nan,           300.0725986,            334.8014961,                      0,            17160.55376,             16156.73543,                       0,      0.9432199685,      0.5091036659,                 0,                 0,                 0,      0.4183792853,      0.4417955555,       0.976558825,                 0,      0.5397507293
         428,     0.05809913263,      -4.512132042,      -2.081519831,      0.9021545631,                        10,      -3.665029346,               5,      -4.642346428,   3.834416545e-08,    1.74754225e-05,       1.981805538,       17.66997724,       16.44622179,         0.6447504153,         -0.5806318491,                     0,      0.3888226915,      0.6232737868,                 0,       291.2680212,       309.9270878,                 0,       15462.12764,        12361.37414,                  0,        0.1849297279,         0.1389507047,                    0,          301486.4076,           335632.0102,                     0,           105.8123677,           -127.1374579,                      0,        105.8116625,         126.9893418,                   0,                80.62507897,                 179.2973173,                           0,            -1.332854107e-05,              -0.002328658243,                          nan,                       0.761967793,                        1.411908391,                                nan,           300.0751542,            334.0609217,                      0,            17161.27251,             16073.95341,                       0,      0.9436639037,      0.5092113389,                 0,                 0,                 0,      0.4183889648,      0.4420834456,      0.9769134957,                 0,      0.5396109112
         429,      0.0580519786,      -4.503490075,      -2.076905844,      0.9136090365,                        10,       -3.26379478,               5,      -4.298115257,   4.605516804e-08,    2.09871752e-05,       2.378166645,       21.20397269,       19.73546615,         0.6421278154,         -0.5791355739,                     0,      0.3868854233,      0.6163274736,                 0,       291.3589091,       309.6626038,                 0,       15478.89295,        12366.05872,                  0,          0.18507249,         0.1391235015,                    0,          301492.5176,           334813.3967,                     0,           105.3008191,           -126.6814718,                      0,        105.3000581,         126.5198897,                   0,                80.23685437,                 176.4827428,                           0,             -1.44533516e-05,              -0.002549371761,                          nan,                      0.7619830017,                        1.394901175,                                nan,           300.0812355,            333.2461401,                      0,            17162.34724,             15991.05051,                       0,      0.9443438155,      0.5096692733,                 0,                 0,                 0,       0.418598992,      0.4423467945,      0.9776897889,                 0,      0.5397073237
         430,      0.0580050232,      -4.490553316,      -2.069500078,      0.9308454992,                        10,      -2.908195673,               6,      -4.612435001,   5.532605663e-08,    2.52074469e-05,      0.2378166645,       2.120397269,       1.973546615,         0.6391832054,          -0.577961736,                     0,      0.3847383203,      0.6094567397,                 0,       291.4632127,       309.2891517,                 0,       15497.67718,        12368.39201,                  0,        0.1852307655,         0.1393196043,                    0,          301503.4401,            333890.622,                     0,           104.7286424,           -126.2813544,                      0,        104.7277778,         126.1039541,                   0,                79.81430704,                  173.606663,                           0,            -1.651067269e-05,              -0.002807631362,                          nan,                      0.7621121035,                        1.376694841,                                nan,           300.0921069,            332.3276849,                      0,            17163.83723,             15907.45003,                       0,      0.9450379807,      0.5104256733,                 0,                 0,                 0,       0.419007478,      0.4424406149,      0.9787121412,                 0,      0.5401112799
         431,     0.05792512963,      -4.476148543,      -2.059941679,      0.9494500809,                         4,      -4.766692113,               2,      -4.640736126,   5.539478436e-09,    2.52338685e-06,      0.2853799974,       2.544476723,       2.368255938,         0.6384454031,         -0.5777246631,                     0,       0.384356576,      0.6087336825,                 0,       291.4536152,       309.2771285,                 0,       15495.50553,        12369.97724,                  0,        0.1852109157,         0.1393429037,                    0,          301476.3085,           333822.1205,                     0,           104.6188665,           -126.2140544,                      0,        104.6180298,         126.0338476,                   0,                79.73926943,                 173.3310862,                           0,            -1.599472827e-05,              -0.002853535497,                          nan,                      0.7621943325,                        1.375274099,                                nan,           300.0651023,            332.2595041,                      0,            17158.00603,              15900.1844,                       0,      0.9452025244,        0.51060277,                 0,                 0,                 0,      0.4190871064,      0.4424641864,      0.9789527284,                 0,      0.5402046194
         432,     0.05784364711,      -4.484923664,      -2.060989566,      0.9350824502,                         4,       -4.34791452,               2,      -4.377812097,   6.648239139e-09,   3.028450327e-06,      0.3424559969,       3.053372068,       2.841907125,         0.6377551805,         -0.5774314459,                     0,      0.3839511327,      0.6078303032,                 0,       291.4523947,        309.250782,                 0,       15495.16386,        12370.83261,                  0,        0.1852076128,         0.1393645072,                    0,            301456.79,           333724.7484,                     0,           104.5074778,           -126.1369929,                      0,        104.5066978,         125.9535914,                   0,                 79.6561107,                 172.9774136,                           0,            -1.492651636e-05,              -0.002905859468,                          nan,                      0.7622105793,                        1.373342448,                                nan,           300.0456752,            332.1625877,                      0,            17153.99215,             15889.75465,                       0,      0.9453789188,       0.510784239,                 0,                 0,                 0,      0.4191790095,      0.4424945354,      0.9792039752,                 0,      0.5402957786
         433,     0.05776895115,       -4.49650493,      -2.061734128,      0.9163706051,                         5,      -4.888943477,               2,      -4.121742028,    7.97911669e-09,   3.634676933e-06,      0.4109471963,       3.664046481,        3.41028855,         0.6371000128,         -0.5770674268,                     0,      0.3835124522,      0.6067140914,                 0,       291.4605103,       309.2066648,                 0,       15496.84607,        12370.88678,                  0,        0.1852225658,         0.1393851954,                    0,          301445.4505,           333592.4765,                     0,           104.3915065,            -126.046441,                      0,        104.3908041,         125.8593694,                   0,                79.56368203,                 172.5326122,                           0,            -1.345800781e-05,              -0.002966093354,                          nan,                       0.762171369,                        1.370836459,                                nan,           300.0343888,            332.0309351,                      0,            17151.92458,             15875.69114,                       0,      0.9455563106,      0.5109562707,                 0,                 0,                 0,      0.4192820071,      0.4425313966,      0.9794483193,                 0,       0.540376353
         434,     0.05769571264,      -4.510029848,      -2.063135967,      0.8940671508,                         5,      -4.420429782,               3,      -5.502177915,   9.576684061e-09,   4.362363968e-06,      0.4931366356,       4.396855777,        4.09234626,         0.6364443265,         -0.5766186564,                     0,      0.3830243351,      0.6053548397,                 0,       291.4782132,       309.1413952,                 0,       15500.53868,        12370.17887,                  0,        0.1852554511,         0.1394069626,                    0,           301441.828,           333419.5826,                     0,           104.2653678,            -125.937874,                      0,        104.2647504,         125.7464883,                   0,                79.46023337,                 171.9851581,                           0,            -1.184300839e-05,              -0.003037057033,                          nan,                      0.7621006433,                        1.367713409,                                nan,           300.0307832,            331.8588504,                      0,            17151.64361,             15857.70729,                       0,      0.9457205289,      0.5111076225,                 0,                 0,                 0,      0.4193942873,      0.4425703105,        0.97966823,                 0,      0.5404425587
         435,     0.05763003119,      -4.523420413,      -2.065984268,      0.8709323493,                         6,      -4.723031071,               3,      -5.147088909,   1.149448965e-08,   5.235907655e-06,      0.5917639627,       5.276226933,       4.910815512,         0.6357317572,         -0.5760779076,                     0,       0.382464607,      0.6037303748,                 0,       291.5048992,       309.0520632,                 0,       15506.00471,        12368.91442,                  0,        0.1853038147,         0.1394334598,                    0,          301444.3118,            333201.535,                     0,           104.1212808,           -125.8069054,                      0,        104.1207406,         125.6103177,                   0,                79.34319948,                 171.3270349,                           0,            -1.037586941e-05,              -0.003122787219,                          nan,                      0.7620306868,                        1.363956704,                                nan,           300.0332554,            331.6418235,                      0,            17152.68964,             15835.84333,                       0,      0.9458541526,      0.5112331151,                 0,                 0,                 0,      0.4195133027,      0.4426005575,      0.9798490304,                 0,      0.5404988853
         436,     0.05756307895,      -4.534140087,      -2.070597868,      0.8511455898,                         6,      -4.236623694,               3,      -4.802377111,   1.379687757e-08,   6.284651321e-06,      0.7101167552,       6.331472319,       5.892978615,         0.6348960365,         -0.5754556048,                     0,      0.3818079568,      0.6018350019,                 0,        291.539287,       308.9367045,                 0,       15512.85916,        12367.51055,                  0,        0.1853638622,         0.1394702916,                    0,          301450.4581,           332936.1376,                     0,           103.9505987,           -125.6512986,                      0,        103.9501148,         125.4483949,                   0,                79.20912759,                 170.5562535,                           0,            -9.309919013e-06,              -0.003227024367,                          nan,                       0.761991728,                        1.359573023,                                nan,           300.0393729,            331.3776684,                      0,            17154.41279,             15810.62441,                       0,      0.9459375363,      0.5113358167,                 0,                 0,                 0,      0.4196365719,      0.4426046511,      0.9799812564,                 0,       0.540559812
         437,     0.05750251667,       -4.54088683,      -2.076711783,      0.8377274794,                         7,      -4.375944561,               3,      -4.466647406,   1.656118055e-08,   7.543910595e-06,      0.8521401063,       7.597766783,       7.071574338,         0.6338776329,         -0.5747948557,                     0,       0.381030144,      0.5996904591,                 0,       291.5799314,       308.7942567,                 0,       15520.72799,        12366.57599,                  0,        0.1854320355,          0.139524827,                    0,          301457.7104,           332624.2658,                     0,           103.7456408,           -125.4741755,                      0,        103.7451852,         125.2638065,                   0,                79.05384379,                 169.6794648,                           0,            -8.784756934e-06,              -0.003350373485,                          nan,                      0.7620001224,                        1.354576949,                                nan,           300.0465913,            331.0672565,                      0,            17156.18677,              15783.1584,                       0,      0.9459520077,      0.5114270741,                 0,                 0,                 0,      0.4197647861,      0.4425608618,      0.9800626188,                 0,      0.5406480138
         438,     0.05744655216,      -4.544622422,      -2.083669618,      0.8301119727,                         8,       -4.44306417,               3,      -4.137476549,   1.988035794e-08,   9.056189213e-06,       1.022568128,        9.11732014,       8.485889205,         0.6326376912,         -0.5741876663,                     0,      0.3801114873,      0.5973593247,                 0,       291.6259454,       308.6234804,                 0,       15529.42255,          12366.771,                  0,        0.1855066377,         0.1396051352,                    0,          301464.3045,           332269.6089,                     0,           103.5010592,            -125.288218,                      0,        103.5006047,         125.0695634,                   0,                78.87289824,                 168.7145113,                           0,            -8.782878459e-06,              -0.003487379464,                          nan,                      0.7620525355,                        1.348965381,                                nan,           300.0531545,            330.7142597,                      0,             17157.6332,             15755.10014,                       0,      0.9458825772,      0.5115250666,                 0,                 0,                 0,      0.4199060966,      0.4424462493,      0.9800984951,                 0,       0.540791298
         439,     0.05739907045,      -4.547322772,      -2.090628913,      0.8255375446,                         9,      -4.453314313,               4,      -4.817089952,   2.386615696e-08,   1.087258615e-05,       1.227081753,       10.94078417,       10.18306705,          0.631160016,         -0.5737823317,                     0,      0.3790374279,      0.5949567009,                 0,       291.6774949,       308.4202113,                 0,       15539.02125,         12368.5019,                  0,        0.1855884928,         0.1397178183,                    0,          301469.8048,           331876.3982,                     0,           103.2138021,           -125.1189323,                      0,        103.2133302,         124.8919651,                   0,                78.66210926,                 167.6921668,                           0,            -9.143194157e-06,              -0.003624732842,                          nan,                      0.7621312971,                          1.3426978,                                nan,           300.0586291,            330.3228897,                      0,            17158.71664,             15728.37224,                       0,      0.9457126569,      0.5116495344,                 0,                 0,                 0,      0.4200777327,      0.4422356562,      0.9800945361,                 0,      0.5410200769
         440,     0.05735481791,      -4.549585364,      -2.096615449,      0.8230671331,                        10,      -4.408450503,               4,      -4.410707769,    2.86528743e-08,   1.305443361e-05,       1.472498104,         13.128941,       12.21968046,           0.62943859,          -0.573762827,                     0,      0.3777954817,      0.5926493039,                 0,       291.7358367,       308.1734415,                 0,       15549.81219,        12371.49743,                  0,        0.1856802325,         0.1398650206,                    0,          301475.0083,           331444.8814,                     0,           102.8814982,           -125.0023185,                      0,        102.8810005,          124.768394,                   0,                 78.4179639,                 166.6560337,                           0,            -9.675358978e-06,              -0.003739221087,                          nan,                      0.7622200751,                        1.335723162,                                nan,           300.0638082,            329.8933928,                      0,            17159.65368,             15704.57481,                       0,      0.9454012301,      0.5118140547,                 0,                 0,                 0,      0.4202993232,       0.441888227,      0.9800366867,                 0,      0.5413723174
         441,     0.05731108801,      -4.549693159,       -2.10059983,      0.8252075219,                        10,      -3.927312868,               4,      -4.023577426,   3.440178062e-08,   1.567532629e-05,       1.766997724,        15.7547292,       14.66361655,         0.6274574369,         -0.5742876859,                     0,      0.3763694739,      0.5906281855,                 0,       291.8030707,       307.8635354,                 0,       15562.17147,        12374.56856,                  0,         0.185784997,         0.1400425126,                    0,          301481.4349,           330967.2213,                     0,           102.4999248,           -124.9723151,                      0,        102.4993944,         124.7350697,                   0,                78.13757438,                  165.659551,                           0,            -1.035005156e-05,              -0.003793162755,                          nan,                      0.7623223032,                         1.32809122,                                nan,           300.0702048,            329.4179686,                      0,            17160.72769,             15684.32795,                       0,      0.9448308056,      0.5120203503,                 0,                 0,                 0,      0.4205704152,      0.4413094568,      0.9798551188,                 0,      0.5419175024
         442,     0.05726653837,      -4.545051419,      -2.101885407,      0.8352358733,                        10,      -3.497835383,               5,      -4.413544561,   4.130622812e-08,   1.882378337e-05,       2.120397269,       18.90567504,       17.59633986,         0.6251738445,         -0.5754195935,                     0,      0.3747322341,      0.5890568458,                 0,       291.8819122,       307.4685738,                 0,       15576.49691,        12376.12331,                  0,        0.1859057854,         0.1402426006,                    0,          301490.7778,           330430.6119,                     0,           102.0606567,           -125.0422437,                      0,        102.0600745,         124.8087087,                   0,                77.81753791,                 164.7599999,                           0,            -1.140875223e-05,              -0.003731809824,                          nan,                      0.7624679706,                        1.320100189,                                nan,           300.0795039,            328.8838711,                      0,            17162.15251,             15667.33367,                       0,      0.9437386593,      0.5122539506,                 0,                 0,                 0,      0.4208371069,      0.4402991243,      0.9793791136,                 0,      0.5427921655
         443,     0.05722208513,      -4.534873877,      -2.100269155,      0.8530725615,                        10,      -3.117025726,               5,       -4.02474373,   4.959736562e-08,   2.260661051e-05,       2.544476723,       22.68681005,       21.11560783,         0.6225146786,         -0.5771287266,                     0,       0.372839439,       0.588035897,                 0,       291.9752834,       306.9794277,                 0,        15593.1968,        12375.57394,                  0,        0.1860455791,         0.1404631742,                    0,          301504.2247,           329831.2841,                     0,            101.550414,           -125.1989594,                      0,        101.5497385,          124.979919,                   0,                77.45115439,                 164.0127569,                           0,            -1.330318011e-05,              -0.003496016081,                          nan,                      0.7626918153,                        1.312312876,                                nan,           300.0928879,            328.2873487,                      0,            17164.00896,             15653.82827,                       0,      0.9416747068,      0.5124820948,                 0,                 0,                 0,      0.4209707848,      0.4385190521,       0.978309865,                 0,      0.5442241265
         444,      0.0571794027,       -4.52140783,      -2.095315732,      0.8746227741,                        10,       -2.77689018,               6,      -4.369525433,   5.955018084e-08,   2.715273473e-05,      0.2544476723,       2.268681005,       2.111560783,         0.6193925532,         -0.5794201772,                     0,      0.3706317505,      0.5876383246,                 0,       292.0852506,       306.4093016,                 0,       15612.61115,        12374.43147,                  0,        0.1862070764,         0.1407157667,                    0,          301521.4797,            329187.705,                     0,           100.9538681,           -125.4275564,                      0,        100.9530302,         125.2357454,                   0,                77.02556004,                 163.4693072,                           0,            -1.659957937e-05,               -0.00305617511,                          nan,                      0.7629841309,                        1.305292723,                                nan,            300.110062,            327.6467822,                      0,             17166.1814,              15646.4845,                       0,      0.9380751159,      0.5126939437,                 0,                 0,                 0,      0.4208048953,       0.435527295,      0.9762970748,                 0,      0.5465382623
         445,     0.05710423856,      -4.507442543,       -2.08598659,      0.8961858454,                         4,      -4.619802619,               2,      -4.390834864,    5.95743639e-09,   2.718118676e-06,      0.3053372068,       2.722417206,       2.533872939,         0.6185714319,          -0.579668469,                     0,       0.370208056,      0.5875439622,                 0,       292.0724534,       306.3586072,                 0,       15609.79782,        12371.92478,                  0,        0.1861816878,         0.1407106751,                    0,          301489.8422,            329126.283,                     0,           100.8337113,           -125.4767718,                      0,        100.8328867,         125.2892831,                   0,                76.93917847,                 163.3757882,                           0,            -1.635629226e-05,              -0.002986187135,                          nan,                      0.7630365546,                        1.303988531,                                nan,           300.0785726,            327.5856477,                      0,            17159.41824,             15642.12795,                       0,      0.9378316336,      0.5128150217,                 0,                 0,                 0,      0.4207993479,      0.4352602394,      0.9762458418,                 0,      0.5468092602
         446,     0.05702789128,      -4.516113331,       -2.08701706,      0.8823484409,                         4,      -4.206695275,               2,      -4.123537327,   7.149493897e-09,   3.262156755e-06,      0.3664046481,       3.266900647,       3.040647527,         0.6178146417,         -0.5800003096,                     0,       0.369761196,      0.5874446291,                 0,        292.069636,       306.2956642,                 0,       15609.19164,        12369.99088,                  0,        0.1861762592,         0.1407178839,                    0,          301467.5181,           329051.2469,                     0,           100.7131462,           -125.5307228,                      0,        100.7123726,          125.349078,                   0,                76.84385439,                 163.2736235,                           0,            -1.536148935e-05,              -0.002891935004,                          nan,                      0.7630031188,                        1.302551452,                                nan,           300.0563531,            327.5109629,                      0,            17154.88529,             15638.38281,                       0,      0.9375094787,      0.5129186041,                 0,                 0,                 0,      0.4207878615,       0.434941204,      0.9761330167,                 0,      0.5471076462
         447,     0.05695756138,       -4.52707647,      -2.087690421,      0.8647582146,                         5,      -4.735781355,               3,      -5.550554591,   8.579157761e-09,   3.915166646e-06,      0.4396855777,       3.920280777,       3.648777033,         0.6171011674,         -0.5804461953,                     0,       0.369278204,      0.5873543104,                 0,       292.0777986,        306.217642,                 0,       15610.98009,        12368.75737,                  0,        0.1861923907,         0.1407401886,                    0,          301454.9803,           328960.5139,                     0,           100.5879413,           -125.5928068,                      0,        100.5872466,         125.4188886,                   0,                76.73814564,                 163.1658051,                           0,            -1.381310432e-05,              -0.002767639868,                          nan,                      0.7629013444,                         1.30096676,                                nan,            300.043874,            327.4206545,                      0,            17152.67603,             15635.56258,                       0,      0.9370786159,      0.5129879388,                 0,                 0,                 0,      0.4207668126,       0.434556448,      0.9759270727,                 0,       0.547433193
         448,     0.05688673675,      -4.539531315,      -2.088910749,      0.8441320563,                         5,      -4.283723491,               3,      -5.182407825,   1.029379756e-08,   4.699016772e-06,      0.5276226933,       4.704336932,       4.378532439,         0.6163817245,         -0.5810490451,                     0,      0.3687377496,      0.5872966842,                 0,        292.097023,       306.1217908,                 0,       15615.08687,        12368.34959,                  0,        0.1862291169,         0.1407803343,                    0,          301451.3954,           328852.7733,                     0,           100.4506641,           -125.6691928,                      0,        100.4500584,         125.5051853,                   0,                76.61974297,                 163.0574863,                           0,            -1.205994017e-05,              -0.002608444058,                          nan,                      0.7627645438,                         1.29920916,                                nan,           300.0403058,            327.3134183,                      0,            17152.52258,             15634.09394,                       0,      0.9364985735,      0.5130132525,                 0,                 0,                 0,       0.420730269,      0.4340796999,      0.9755957101,                 0,      0.5477992888
         449,     0.05682258311,      -4.551673483,      -2.091440147,       0.822949988,                         6,      -4.576156544,               3,      -4.828349413,   1.235084622e-08,   5.639995474e-06,      0.6331472319,       5.645204319,       5.254238927,         0.6155841243,         -0.5818692612,                     0,       0.368111651,      0.5873089558,                 0,       292.1263385,       306.0055574,                 0,       15621.17174,        12368.88157,                  0,        0.1862829916,         0.1408408698,                    0,           301454.554,           328727.8747,                     0,           100.2915006,           -125.7701973,                      0,        100.2909737,         125.6184387,                   0,                76.48520627,                 162.9565497,                           0,            -1.050788243e-05,              -0.002411812714,                          nan,                      0.7626330011,                        1.297234319,                                nan,           300.0434497,            327.1891043,                      0,            17153.80938,             15634.55044,                       0,      0.9357158312,      0.5129966001,                 0,                 0,                 0,      0.4206685404,      0.4334671403,      0.9751081308,                 0,      0.5482397358
         450,     0.05676096497,      -4.561437069,      -2.095824385,      0.8047466234,                         6,      -4.113435754,               3,      -4.489706103,   1.481851073e-08,   6.769724871e-06,      0.7597766783,       6.774245182,       6.305086712,         0.6146291459,         -0.5829847378,                     0,      0.3673691269,      0.5874447409,                 0,       292.1640185,       305.8661018,                 0,       15628.74586,        12370.37982,                  0,        0.1863492769,         0.1409235104,                    0,          301461.3644,           328586.4935,                     0,           100.1001896,           -125.9110171,                      0,        100.0997143,           125.77375,                   0,                76.32994278,                 162.8739173,                           0,            -9.497553035e-06,              -0.002179194067,                          nan,                      0.7625390674,                         1.29497544,                                nan,           300.0502281,            327.0483849,                      0,            17155.73737,             15637.58889,                       0,      0.9346635501,      0.5129545212,                 0,                 0,                 0,      0.4205678973,      0.4326555779,       0.974436988,                 0,      0.5488119454
         451,     0.05949795376,      -4.567881639,      -2.102401467,      0.7920062496,                         7,      -4.272775297,               3,      -4.166467154,   1.777843329e-08,   8.126258796e-06,       0.911732014,       8.129094219,       7.566104055,         0.6134519125,         -0.5844768654,                     0,      0.3664826558,      0.5877719318,                 0,        292.208216,       305.6990886,                 0,       15637.36924,        12372.61447,                  0,        0.1864238956,         0.1410277642,                    0,          301468.7643,           328428.6646,                     0,           99.86844229,           -126.1100362,                      0,        99.86798288,         125.9890784,                   0,                76.14857752,                 162.8231144,                           0,            -9.200357026e-06,              -0.001917369442,                          nan,                      0.7624923958,                         1.29235896,                                nan,           300.0575934,            326.8912948,                      0,            17157.59189,             15643.71104,                       0,      0.9332654509,      0.5129176177,                 0,                 0,                 0,      0.4204128645,      0.4315657902,      0.9735604004,                 0,      0.5495945631
         452,     0.05943856865,      -4.571910665,      -2.111014566,      0.7845470722,                         8,      -4.351826836,               4,      -4.925385424,   2.132820462e-08,    9.75537234e-06,       1.094078417,       9.754913063,       9.079324866,         0.6120178593,         -0.5863981942,                     0,      0.3654329226,      0.5883608273,                 0,       292.2577273,       305.4976283,                 0,       15646.82967,        12374.93568,                  0,         0.186505078,         0.1411495336,                    0,          301474.7237,           328251.8191,                     0,           99.59165202,           -126.3830606,                      0,        99.59117566,         126.2794931,                   0,                75.93578024,                 162.8187601,                           0,            -9.566360404e-06,              -0.001638274399,                          nan,                      0.7624749857,                        1.289352341,                                nan,           300.0635249,            326.7152772,                      0,            17158.98186,             15652.92327,                       0,       0.931440678,      0.5129288313,                 0,                 0,                 0,      0.4201897597,      0.4301074364,      0.9724635293,                 0,      0.5506833054
         453,     0.05938772665,      -4.575200068,      -2.120255537,      0.7807569046,                         9,       -4.35973831,               4,      -4.551423338,   2.558426819e-08,   1.171204429e-05,         1.3128941,       11.70589568,       10.89518984,         0.6103239193,         -0.5887391354,                     0,      0.3642108275,      0.5892624297,                 0,       292.3123142,       305.2536077,                 0,       15657.17457,        12376.40641,                  0,        0.1865935338,         0.1412819844,                    0,          301478.6613,           328050.7615,                     0,            99.2690053,           -126.7351783,                      0,        99.26849099,         126.6492036,                   0,                75.68736513,                 162.8738659,                           0,            -1.036200408e-05,              -0.001356299959,                          nan,                      0.7624510494,                        1.286023609,                                nan,           300.0674441,            326.5151607,                      0,            17159.89115,             15664.66367,                       0,      0.9291075987,      0.5130447802,                 0,                 0,                 0,       0.419890245,        0.42818127,      0.9711419446,                 0,      0.5521909206
         454,     0.05934245341,      -4.578127578,      -2.127006048,      0.7805756523,                        10,       -4.28158156,               4,      -4.203652649,     3.0685235e-08,   1.406219708e-05,        1.57547292,       14.04707481,       13.07422781,          0.608385132,         -0.5914365519,                     0,      0.3628163983,      0.5904887249,                 0,       292.3724617,       304.9626226,                 0,       15668.57885,        12376.47312,                  0,        0.1866910286,         0.1414209195,                    0,          301481.1442,           327821.7029,                     0,           98.90208898,           -127.1575516,                      0,        98.90152858,         127.0886417,                   0,                75.40140347,                 162.9962558,                           0,            -1.133237703e-05,              -0.001083556927,                          nan,                      0.7623886562,                        1.282539916,                                nan,           300.0699153,            326.2871744,                      0,            17160.52326,             15678.43419,                       0,      0.9261841608,      0.5133496307,                 0,                 0,                 0,      0.4195123159,      0.4256710168,      0.9696128756,                 0,      0.5542630208
         455,     0.05929537675,      -4.578859399,      -2.127627587,      0.7862655405,                        10,      -3.795053748,               5,      -4.669054787,   3.679563142e-08,   1.688489145e-05,       1.890567504,       16.85648977,       15.68907337,         0.6062172842,         -0.5944569626,                     0,      0.3612560594,      0.5920157901,                 0,       292.4388368,       304.6282359,                 0,       15681.16447,        12375.82223,                  0,        0.1867985775,         0.1415726606,                    0,          301483.2084,           327567.1405,                     0,           98.49305059,           -127.6380783,                      0,         98.4924398,         127.5853243,                   0,                75.07888992,                 163.1842955,                           0,             -1.24025559e-05,             -0.0008264478822,                          nan,                      0.7622807402,                        1.279020894,                                nan,           300.0719699,            326.0338035,                      0,            17161.07908,             15694.92608,                       0,       0.922590451,      0.5139936763,                 0,                 0,                 0,       0.419059285,      0.4224220319,      0.9679474504,                 0,      0.5571200913
         456,     0.05925025033,      -4.575165203,      -2.120524246,      0.7990809136,                        10,      -3.358487979,               5,      -4.304866601,   4.411007932e-08,   2.027519658e-05,       2.268681005,       20.22778773,       18.82688804,          0.603829281,         -0.5979213112,                     0,      0.3595401238,      0.5938221995,                 0,        292.511683,       304.2562433,                 0,       15694.88881,        12376.40619,                  0,        0.1869155031,         0.1417571767,                    0,          301485.6234,           327292.3663,                     0,           98.04384909,           -128.1854514,                      0,        98.04317603,         128.1477589,                   0,                74.72309699,                 163.4229933,                           0,            -1.372966513e-05,             -0.0005880077494,                          nan,                      0.7621448021,                        1.275270006,                                nan,           300.0743736,            325.7603156,                      0,              17161.613,             15716.49907,                       0,      0.9182602075,      0.5152622463,                 0,                 0,                 0,      0.4185388242,      0.4182086992,      0.9663324867,                 0,      0.5611287978
         457,     0.05920327271,       -4.56704888,      -2.107558698,      0.8165614384,                        10,       -2.97357778,               6,      -4.653120323,   5.285795766e-08,    2.43476948e-05,       2.268681005,       20.22778773,       18.82688804,         0.6012358275,         -0.6021767171,                     0,      0.3576848588,      0.5959475064,                 0,       292.5898432,       303.8343357,                 0,       15709.46507,        12380.06762,                  0,        0.1870391154,         0.1420020226,                    0,          301487.9672,             326987.61,                     0,           97.55844665,           -128.8502075,                      0,        97.55768558,         128.8260433,                   0,                 74.3375461,                 163.6838753,                           0,            -1.560215884e-05,             -0.0003750391561,                          nan,                      0.7619855437,                        1.270580631,                                nan,           300.0767064,            325.4569858,                      0,            17161.96295,             15746.12494,                       0,      0.9131732157,      0.5176534389,                 0,                 0,                 0,      0.4179696331,      0.4127130972,      0.9651519591,                 0,      0.5668732174
         458,     0.05915673682,      -4.555901687,       -2.09276959,       0.835691894,                        10,      -2.995254852,               6,      -4.665992022,   5.275736988e-08,   2.436695463e-05,       2.268681005,       20.22778773,       18.82688804,         0.5987198087,         -0.6070489468,                     0,      0.3559195121,      0.5981966894,                 0,       292.6555793,       303.4060821,                 0,       15721.48306,        12384.87095,                  0,         0.187140157,         0.1422645365,                    0,          301481.6373,           326686.5397,                     0,           97.09794733,           -129.6357256,                      0,        97.09709412,         129.6222642,                   0,                73.96562818,                 163.8939621,                           0,            -1.757408511e-05,             -0.0002076708356,                          nan,                      0.7617697403,                        1.264396693,                                nan,           300.0704061,            325.1573248,                      0,             17160.3322,             15779.15804,                       0,      0.9084137169,      0.5209890912,                 0,                 0,                 0,      0.4175033805,      0.4069056755,       0.964921181,                 0,      0.5735152184
         459,     0.05911350913,      -4.548064271,      -2.085104385,       0.847272232,                        10,      -3.008772595,               5,       -4.01937926,   5.264708235e-08,   2.438536368e-05,       2.722417206,       24.27334527,       22.59226565,         0.5964284255,         -0.6126898749,                     0,      0.3542976546,      0.6006442978,                 0,        292.711517,       302.9342554,                 0,       15731.93055,        12389.23284,                  0,        0.1872287314,         0.1425444983,                    0,          301471.5243,            326354.183,                     0,           96.68074649,           -130.5741728,                      0,        96.67982055,         130.5686998,                   0,                73.61451692,                 164.0431297,                           0,             -1.91546566e-05,             -8.382836869e-05,                          nan,                      0.7614258747,                        1.256374077,                                nan,           300.0603405,            324.8265238,                      0,            17158.23856,             15814.45582,                       0,      0.9040306262,      0.5252746666,                 0,                 0,                 0,      0.4171524951,      0.4008220341,      0.9656741404,                 0,      0.5810363624
         460,     0.05908120521,      -4.544416003,      -2.085781125,      0.8512834005,                        10,      -2.658068398,               6,      -4.268531286,   6.303677774e-08,   2.928355765e-05,      0.2722417206,       2.427334527,       2.259226565,         0.5942632558,         -0.6199015063,                     0,      0.3527089304,      0.6036734974,                 0,       292.7667779,       302.2591136,                 0,       15742.82709,        12393.46082,                  0,        0.1873230475,         0.1429231514,                    0,          301462.3734,           325845.7462,                     0,           96.28142754,           -131.7606703,                      0,         96.2804369,         131.7611866,                   0,                73.25826715,                 164.1525317,                           0,            -2.057803489e-05,              7.837815605e-06,                          nan,                       0.760884241,                        1.245833738,                                nan,           300.0512325,             324.320467,                      0,            17156.95937,             15857.12276,                       0,      0.8991249047,      0.5316676343,                 0,                 0,                 0,      0.4168310515,      0.3930455984,      0.9677867664,                 0,      0.5913167699
         461,     0.05901006017,      -4.539423019,       -2.08837732,      0.8570562425,                         4,      -4.463949633,               2,      -4.332308777,   6.286642823e-09,   2.930637343e-06,      0.3266900647,       2.912801433,       2.711071878,         0.5937333743,         -0.6209713026,                     0,      0.3524411776,      0.6042260064,                 0,       292.7596016,       302.1861478,                 0,       15741.20554,        12386.92425,                  0,        0.1873083487,         0.1428832428,                    0,          301443.8667,           325807.8423,                     0,           96.20301194,            -132.024887,                      0,        96.20206291,         132.0263438,                   0,                73.20724911,                 164.1547668,                           0,            -1.972953175e-05,              2.206801497e-05,                          nan,                      0.7609737972,                        1.243348578,                                nan,           300.0328124,            324.2827406,                      0,            17152.97862,             15855.68273,                       0,      0.8988555139,      0.5320956176,                 0,                 0,                 0,      0.4168347129,      0.3925719524,       0.967963968,                 0,      0.5919701324
         462,     0.05893518186,      -4.548102547,       -2.09569042,      0.8436218285,                         4,      -4.070765952,               2,      -4.071383683,   7.541667653e-09,   3.517104272e-06,      0.3920280777,       3.495361719,       3.253286254,         0.5932558701,         -0.6223589734,                     0,      0.3521644728,      0.6048665462,                 0,       292.7585773,       302.1033637,                 0,       15741.02451,        12382.29868,                  0,        0.1873068534,         0.1428705324,                    0,          301431.3299,           325765.7181,                     0,           96.12625928,           -132.3322232,                      0,        96.12537275,         132.3349039,                   0,                73.15109052,                 164.1565638,                           0,             -1.84451003e-05,              4.051483384e-05,                          nan,                      0.7609966904,                         1.24046309,                                nan,           300.0203343,            324.2408136,                      0,             17150.4951,             15857.76652,                       0,      0.8985096744,      0.5326723583,                 0,                 0,                 0,       0.416839847,       0.391947348,      0.9682131752,                 0,      0.5928398697
         463,     0.05887112866,      -4.558407234,      -2.103667945,      0.8274890365,                         5,      -4.562657676,               3,      -5.555490395,   9.046768186e-09,   4.220985311e-06,      0.4704336932,       4.194434063,       3.903943504,         0.5928218569,         -0.6240933391,                     0,      0.3518753616,      0.6056085445,                 0,         292.76343,       302.0021679,                 0,        15742.2361,         12379.2413,                  0,        0.1873181679,         0.1428852757,                    0,          301424.3375,           325711.0504,                     0,           96.04995787,           -132.6886832,                      0,         96.0491493,         132.6927576,                   0,                73.08932439,                 164.1549859,                           0,            -1.683650294e-05,              6.141401802e-05,                          nan,                      0.7609575402,                        1.237105844,                                nan,           300.0133746,            324.1864018,                      0,            17149.42791,             15863.10575,                       0,      0.8980581762,      0.5334564756,                 0,                 0,                 0,      0.4168441134,      0.3911130272,       0.968563317,                 0,      0.5940110448
         464,     0.05880145742,       -4.57046557,      -2.112244917,      0.8081118011,                         5,      -4.128022697,               3,      -5.194663982,   1.085159911e-08,   5.065812802e-06,      0.5645204319,       5.033320876,       4.684732205,         0.5924113866,         -0.6261777091,                     0,       0.351569243,      0.6064578535,                 0,       292.7730792,       301.8715633,                 0,       15744.58279,        12377.14675,                  0,        0.1873399187,         0.1429258697,                    0,          301421.5881,           325632.3575,                     0,           95.97212022,           -133.0966406,                      0,         95.9713977,         133.1020804,                   0,                73.02157738,                 164.1454162,                           0,            -1.505681339e-05,               8.17438659e-05,                          nan,                      0.7608681246,                        1.233229531,                                nan,           300.0106381,            324.1080772,                      0,            17149.45851,             15871.00468,                       0,      0.8974638582,      0.5345114754,                 0,                 0,                 0,      0.4168422208,      0.3900009453,      0.9690423916,                 0,      0.5955799451
         465,      0.0587357912,      -4.583209191,      -2.121160725,       0.787076006,                         6,      -4.404647691,               3,      -4.847019039,    1.30155994e-08,   6.079851356e-06,      0.6774245182,       6.039985051,       5.621678646,         0.5920004726,         -0.6285870368,                     0,      0.3512430948,      0.6074080329,                 0,       292.7856727,       301.6990994,                 0,       15747.62553,         12375.3166,                  0,        0.1873680654,         0.1429903616,                    0,          301421.0519,           325515.6776,                     0,           95.89095299,            -133.552706,                      0,        95.89031788,         133.5592659,                   0,                72.94785397,                 164.1215048,                           0,            -1.324645808e-05,              9.824031913e-05,                          nan,                      0.7607426442,                        1.228829042,                                nan,           300.0101044,            323.9919435,                      0,            17150.08392,             15880.49831,                       0,      0.8966856875,      0.5359030289,                 0,                 0,                 0,      0.4168270765,      0.3885386659,      0.9696777731,                 0,      0.5976486927
         466,     0.05867500086,      -4.594759635,       -2.13023055,      0.7679671979,                         7,      -4.570813267,               3,      -4.512786525,   1.560987651e-08,   7.297059106e-06,      0.8129094219,       7.247982061,       6.746014376,         0.5915731914,         -0.6312707785,                     0,       0.350899534,      0.6084377784,                 0,       292.7989065,       301.4719377,                 0,       15750.84399,        12373.18466,                  0,        0.1873978906,         0.1430785326,                    0,          301420.4672,           325345.5344,                     0,            95.8063043,           -134.0461252,                      0,          95.805754,         134.0534668,                   0,                72.86904683,                 164.0757099,                           0,            -1.148782915e-05,              0.0001095411816,                          nan,                       0.760591549,                         1.22395723,                                nan,           300.0095225,            323.8225967,                      0,            17150.75931,             15890.60841,                       0,      0.8956864541,      0.5377010799,                 0,                 0,                 0,      0.4167932493,      0.3866542042,      0.9705025512,                 0,      0.6003228892
         467,     0.05861486197,       -4.60379138,      -2.139387512,      0.7541272823,                         7,      -4.093370657,               3,       -4.19129326,   1.871942601e-08,   8.758246199e-06,      0.9754913063,       8.697578473,       8.095217251,         0.5911337358,         -0.6341651293,                     0,      0.3505507545,       0.609513716,                 0,        292.810556,       301.1780792,                 0,       15753.77459,        12370.56014,                  0,        0.1874253027,         0.1431941063,                    0,           301418.049,           325106.4715,                     0,            95.7209487,            -134.559012,                      0,        95.72047921,         134.5670186,                   0,                 72.7876593,                 164.0009663,                           0,               -9.809668e-06,              0.0001190084447,                          nan,                      0.7604188769,                        1.218730771,                                nan,           300.0071155,            323.5846529,                      0,            17151.08046,             15900.68617,                       0,      0.8944383057,      0.5399856034,                 0,                 0,                 0,      0.4167399485,      0.3842769405,      0.9715634655,                 0,      0.6037147559
         468,     0.05856199765,      -4.610510477,      -2.148195636,      0.7461648965,                         8,      -4.152235261,               4,      -4.904294064,   2.244574094e-08,   1.051245652e-05,       1.170589568,       10.43709417,       9.714260701,         0.5907108822,         -0.6372234588,                     0,      0.3502200825,      0.6106034318,                 0,       292.8190016,       300.8073801,                 0,       15756.11506,        12367.85335,                  0,        0.1874477428,         0.1433469039,                    0,          301413.0925,            324785.096,                     0,            95.6408534,           -135.0706759,                      0,        95.64045898,         135.0799299,                   0,                72.70851264,                 163.8937929,                           0,            -8.247843944e-06,              0.0001370290018,                          nan,                      0.7602275586,                        1.213309728,                                nan,           300.0021822,            323.2647817,                      0,            17150.91005,             15910.85541,                       0,      0.8929188298,      0.5428517145,                 0,                 0,                 0,      0.4166694308,      0.3813314076,      0.9729225961,                 0,      0.6079519172
         469,     0.05852190489,      -4.615686878,      -2.155327122,      0.7428584167,                         9,      -4.140590814,               4,      -4.512604908,   2.690988469e-08,    1.26185797e-05,       1.404707481,         12.524513,       11.65711284,         0.5903510448,         -0.6404674096,                     0,      0.3499397335,      0.6117025289,                 0,       292.8233968,       300.3508426,                 0,       15757.72572,        12366.14314,                  0,        0.1874640922,         0.1435541021,                    0,          301406.0518,            324371.275,                     0,           95.57410797,           -135.5676001,                      0,        95.57377818,         135.5798263,                   0,                72.63893708,                 163.7584731,                           0,            -6.901231648e-06,              0.0001803782146,                          nan,                      0.7600299838,                        1.207838051,                                nan,           299.9951745,            322.8528978,                      0,            17150.36023,             15922.43145,                       0,      0.8910919974,      0.5464060519,                 0,                 0,                 0,      0.4165768601,      0.3777243237,       0.974642938,                 0,      0.6131870261
         470,      0.0584884535,      -4.618912873,      -2.159101088,      0.7441499392,                        10,      -4.053981744,               4,      -4.142022826,   3.225615289e-08,    1.51471957e-05,       1.685648977,        15.0294156,       13.98853541,         0.5901060183,          -0.644034791,                     0,      0.3497463024,      0.6128701804,                 0,       292.8232071,       299.7960484,                 0,       15758.51283,        12366.80081,                  0,        0.1874735784,         0.1438382972,                    0,            301397.88,            323855.808,                     0,           95.52949589,           -136.0561478,                      0,        95.52921415,         136.0742568,                   0,                72.58794052,                 163.6107473,                           0,            -5.898450525e-06,              0.0002662165766,                          nan,                      0.7598507029,                        1.202363703,                                nan,            299.987041,            322.3398437,                      0,            17149.62846,             15937.89798,                       0,      0.8888694096,      0.5507512331,                 0,                 0,                 0,      0.4164285015,      0.3733231846,       0.976752552,                 0,      0.6196087154
         471,     0.05845556864,       -4.61868446,      -2.159207114,      0.7513050437,                        10,      -3.593915968,               5,      -4.517553192,   3.865659586e-08,   1.818272969e-05,       2.022778773,       18.03529872,       16.78624249,         0.5900290463,         -0.6481774195,                     0,      0.3496788662,      0.6142530294,                 0,       292.8172434,       299.1199507,                 0,       15758.25644,        12370.56778,                  0,        0.1874743467,         0.1442204534,                    0,          301388.9566,           323224.4267,                     0,           95.51657597,           -136.5692716,                      0,        95.51632393,         136.5967914,                   0,                72.56470311,                 163.4791897,                           0,            -5.277367348e-06,              0.0004030569048,                          nan,                      0.7597099649,                        1.196801097,                                nan,           299.9781593,            321.7114179,                      0,            17148.79486,             15960.06179,                       0,      0.8860510984,       0.555950493,                 0,                 0,                 0,      0.4161287117,      0.3679306015,      0.9791805615,                 0,      0.6274474396
         472,     0.05842220888,       -4.61418926,      -2.157422632,      0.7643070279,                        10,      -3.181894269,               5,       -4.13710356,    4.63169594e-08,   2.182615827e-05,       2.427334527,       21.64235847,       20.14349099,         0.5901854244,         -0.6531784657,                     0,      0.3497834257,      0.6160679144,                 0,       292.8029677,       298.2870797,                 0,       15756.51114,        12376.64779,                  0,         0.187462723,         0.1447102073,                    0,           301378.559,           322454.6045,                     0,           95.54777039,           -137.1577037,                      0,        95.54753698,         137.1978867,                   0,                72.57811032,                 163.4026325,                           0,            -4.885604032e-06,              0.0005860255407,                          nan,                       0.759602106,                        1.190999631,                                nan,           299.9678104,            320.9451992,                      0,            17147.75116,             15990.71012,                       0,      0.8822487601,      0.5619558593,                 0,                 0,                 0,      0.4154803283,        0.36126676,      0.9816534982,                 0,       0.636958514
         473,     0.05838877321,      -4.606259103,      -2.155742466,      0.7811051084,                        10,      -2.816748252,               6,      -4.415202479,   5.548489073e-08,   2.619853377e-05,      0.2427334527,       2.164235847,       2.014349099,         0.5906635146,          -0.659213436,                     0,       0.350119544,      0.6185310101,                 0,       292.7770048,       297.2634411,                 0,       15752.69058,        12382.76724,                  0,        0.1874338888,         0.1452996199,                    0,          301365.6698,           321525.3339,                     0,           95.63982835,           -137.8655044,                      0,        95.63961589,         137.9205631,                   0,                72.63874879,                 163.4236637,                           0,            -4.442866101e-06,              0.0007988902742,                          nan,                      0.7595048152,                        1.184911517,                                nan,           299.9549816,            320.0202786,                      0,            17146.34809,             16029.81291,                       0,      0.8767768439,       0.568443888,                 0,                 0,                 0,      0.4141291221,      0.3529823256,      0.9834986353,                 0,      0.6483336004
         474,     0.05831688905,      -4.596330433,      -2.153898757,      0.8001262314,                         4,      -4.725592198,               2,      -4.499345056,   5.538414219e-09,   2.620432873e-06,      0.2912801433,       2.597083016,       2.417218919,         0.5908171845,         -0.6599613005,                     0,      0.3502187893,      0.6188156557,                 0,       292.7814106,       297.1932313,                 0,        15753.5518,        12380.15792,                  0,        0.1874413154,         0.1453050742,                    0,           301374.292,           321469.9299,                     0,           95.66089161,           -138.0163775,                      0,         95.6606928,         138.0734564,                   0,                72.66880595,                 163.3883253,                           0,            -4.156483661e-06,              0.0008273035332,                          nan,                      0.7596516795,                        1.183343487,                                nan,           299.9635633,            319.9651339,                      0,            17148.09942,             16030.07103,                       0,      0.8763793551,      0.5688113238,                 0,                 0,                 0,      0.4140300853,       0.352443472,      0.9835500471,                 0,       0.649046923
         475,      0.0582450355,      -4.602143895,      -2.160062526,        0.79062292,                         4,      -4.319523907,               2,      -4.231558136,   6.644878698e-09,    3.14458354e-06,      0.3495361719,       3.116499619,       2.900662702,         0.5909637085,         -0.6609153641,                     0,      0.3503270216,       0.619165718,                 0,       292.7833614,       297.0964241,                 0,       15753.89902,        12378.06586,                  0,        0.1874441978,         0.1453301738,                    0,          301380.7586,            321390.412,                     0,           95.68311298,           -138.1916495,                      0,        95.68292882,         138.2512984,                   0,                72.70160299,                 163.3485913,                           0,            -3.849400352e-06,               0.000863463843,                          nan,                      0.7598179099,                        1.181533868,                                nan,           299.9699997,            319.8859882,                      0,            17149.36534,             16031.82135,                       0,      0.8758782332,      0.5693050009,                 0,                 0,                 0,      0.4139028239,      0.3517456802,      0.9836390801,                 0,      0.6499819031
         476,     0.05818054025,      -4.609812166,      -2.166339518,      0.7783951207,                         5,      -4.850660607,               3,      -5.711569603,   7.972128746e-09,   3.773576159e-06,      0.4194434063,       3.739799543,       3.480795243,         0.5911120203,         -0.6620884776,                     0,      0.3504497698,      0.6195960141,                 0,        292.782373,        296.962835,                 0,       15753.64316,         12376.2803,                  0,        0.1874417865,         0.1453776274,                    0,          301384.7994,           321276.8053,                     0,           95.70832053,           -138.3914785,                      0,        95.70815319,         138.4543142,                   0,                72.73770421,                 163.3061029,                           0,            -3.496846948e-06,              0.0009082927449,                          nan,                      0.7599948572,                        1.179494506,                                nan,           299.9740215,            319.7729133,                      0,            17150.09424,             16034.97995,                       0,      0.8752369719,      0.5699709391,                 0,                 0,                 0,      0.4137356553,       0.350832023,      0.9837802194,                 0,      0.6512189926
         477,     0.05811598117,        -4.6195567,      -2.172647881,      0.7631357983,                         5,      -4.400274516,               3,      -5.329822948,   9.564126643e-09,   4.528385068e-06,      0.5033320876,       4.487759451,       4.176954292,         0.5912792096,          -0.663476057,                     0,      0.3505958626,      0.6201207839,                 0,       292.7780857,       296.7810539,                 0,       15752.73833,        12374.49783,                  0,        0.1874337656,         0.1454496971,                    0,          301386.4082,             321117.76,                     0,           95.73944287,           -138.6128051,                      0,        95.73929545,          138.679471,                   0,                72.77813804,                 163.2643476,                           0,            -3.079759912e-06,              0.0009621325252,                          nan,                      0.7601699772,                        1.177278414,                                nan,           299.9756229,            319.6146125,                      0,            17150.30863,             16039.33866,                       0,      0.8744033702,      0.5708498229,                 0,                 0,                 0,      0.4135095838,      0.3496363216,      0.9839741952,                 0,      0.6528449482
         478,     0.05805576889,      -4.630731467,      -2.178910873,      0.7459432505,                         6,      -4.707761195,               3,      -4.962057013,   1.147356427e-08,   5.434185549e-06,      0.6039985051,       5.385311342,        5.01234515,         0.5914901887,         -0.6650582746,                     0,      0.3507776374,      0.6207530412,                 0,       292.7703027,        296.540115,                 0,       15751.18453,        12372.45793,                  0,        0.1874202605,         0.1455489577,                    0,          301385.8926,           320902.3135,                     0,           95.78045194,           -138.8490559,                      0,        95.78032811,           138.92016,                   0,                 72.8246032,                  163.229378,                           0,            -2.585729569e-06,               0.001024454571,                          nan,                      0.7603294397,                        1.174986972,                                nan,           299.9751097,            319.4001745,                      0,            17150.10995,             16044.73386,                       0,      0.8733070713,      0.5719676595,                 0,                 0,                 0,      0.4131966244,      0.3480868489,      0.9841990601,                 0,      0.6549444958
         479,     0.05799671354,      -4.641889569,      -2.185185597,       0.729302444,                         6,      -4.234873631,               3,       -4.60954145,   1.376359439e-08,   6.521195628e-06,      0.7247982061,        6.46237361,        6.01481418,         0.5917749479,         -0.6668099854,                     0,      0.3510105073,      0.6215057674,                 0,       292.7589467,       296.2315438,                 0,       15749.00688,        12370.11603,                  0,        0.1874016187,         0.1456793048,                    0,          301383.8113,           320622.2032,                     0,            95.8360327,           -139.0912422,                      0,        95.83593613,         139.1672733,                   0,                72.87964285,                 163.2103667,                           0,            -2.015199734e-06,               0.001093553008,                          nan,                      0.7604625759,                         1.17276399,                                nan,           299.9730381,            319.1213754,                      0,            17149.65257,              16051.2877,                       0,      0.8718588272,      0.5733293151,                 0,                 0,                 0,      0.4127592713,      0.3461096616,       0.984404602,                 0,      0.6575942082
         480,     0.05794519854,       -4.65153127,      -2.191687921,      0.7158325046,                         7,      -4.385690519,               3,      -4.273668921,   1.650990591e-08,   7.825684858e-06,      0.8697578473,       7.754848332,       7.217777016,         0.5921637829,         -0.6687146119,                     0,      0.3513117955,      0.6223946786,                 0,       292.7439759,       295.8510962,                 0,       15746.21933,        12367.75319,                  0,        0.1873780317,         0.1458463823,                    0,           301380.841,           320273.9664,                     0,           95.91100718,           -139.3304999,                      0,        95.91093989,         139.4117195,                   0,                72.94671191,                 163.2195117,                           0,            -1.403270745e-06,               0.001166195162,                          nan,                      0.7605671678,                        1.170773249,                                nan,           299.9700817,            318.7747687,                      0,            17149.09488,              16059.5883,                       0,      0.8699502486,      0.5749152952,                 0,                 0,                 0,      0.4121506688,      0.3436303524,      0.9845096305,                 0,        0.66085997
         481,     0.05790192158,      -4.658969586,      -2.198520589,      0.7066562533,                         8,      -4.441451157,               4,      -5.016138423,   1.980321674e-08,   9.391184963e-06,       1.043709417,       9.305817999,       8.661332419,         0.5926821505,         -0.6707748485,                     0,      0.3516989648,      0.6234411852,                 0,       292.7252948,       295.3993086,                 0,       15742.79427,        12365.91379,                  0,        0.1873492298,          0.146056599,                    0,          301377.6133,           319859.7734,                     0,           96.00966177,           -139.5613985,                      0,        96.00962111,         139.6477073,                   0,                73.03002734,                 163.2708217,                           0,            -8.469895842e-07,                0.00123724076,                          nan,                      0.7606532189,                        1.169162207,                                nan,           299.9668691,            318.3625145,                      0,            17148.55185,             16070.65136,                       0,      0.8674463851,       0.576676954,                 0,                 0,                 0,      0.4113110569,      0.3405710506,      0.9843936711,                 0,      0.6647983828
         482,     0.05786120456,       -4.66421948,      -2.205190529,      0.7016620686,                         9,      -4.419914388,               4,      -4.617849795,    2.37522786e-08,   1.126993604e-05,         1.2524513,        11.1669816,        10.3935989,         0.5933472351,         -0.6730135609,                     0,      0.3521874091,      0.6246725927,                 0,       292.7027415,       294.8808768,                 0,       15738.66281,        12365.15474,                  0,        0.1873144948,         0.1463145192,                    0,          301374.6107,           319386.7896,                     0,           96.13518472,           -139.7848113,                      0,          96.135161,         139.8755846,                   0,                 73.1340513,                 163.3774565,                           0,            -4.935219571e-07,               0.001299178749,                          nan,                      0.7607419652,                         1.16801983,                                nan,           299.9638806,            317.8917447,                      0,            17148.07742,             16085.60309,                       0,      0.8641658311,      0.5785226878,                 0,                 0,                 0,      0.4101566431,      0.3368429636,      0.9838739257,                 0,      0.6694579524
         483,     0.05782680455,      -4.667011421,      -2.210352736,      0.7015884964,                        10,      -4.337699726,               4,      -4.241380511,   2.848751512e-08,   1.352457198e-05,        1.50294156,       13.40037792,       12.47231868,          0.594169001,         -0.6754629993,                     0,      0.3527888007,      0.6261174618,                 0,       292.6759657,       294.3035489,                 0,       15733.72569,        12365.71987,                  0,        0.1872728666,         0.1466195781,                    0,          301371.9737,           318865.6472,                     0,           96.28972364,           -140.0089453,                      0,         96.2897016,         140.1028212,                   0,                73.26243868,                 163.5481867,                           0,            -4.578679298e-07,               0.001341448417,                          nan,                      0.7608543537,                        1.167343993,                                nan,           299.9612559,            317.3730418,                      0,             17147.6628,              16105.2023,                       0,       0.859843572,      0.5802873629,                 0,                 0,                 0,      0.4085568594,      0.3323353485,      0.9826584391,                 0,      0.6748755027
         484,     0.05779010639,      -4.666593508,      -2.212332777,      0.7084101232,                        10,      -3.852152669,               5,      -4.675173656,   3.416541571e-08,    1.62300232e-05,       1.803529872,        16.0804535,       14.96678242,         0.5951597374,         -0.6781428675,                     0,      0.3535130669,      0.6277957534,                 0,       292.6439093,       293.6778418,                 0,       15727.81484,        12367.31755,                  0,        0.1872230178,         0.1469635135,                    0,          301369.0474,            318309.408,                     0,           96.47598863,           -140.2472249,                      0,        96.47595378,         140.3418407,                   0,                73.41687254,                 163.7845696,                           0,            -7.226111141e-07,               0.001349726326,                          nan,                       0.760986232,                        1.167040198,                                nan,           299.9583434,            316.8194063,                      0,            17147.21071,             16129.42148,                       0,      0.8540789074,      0.5816836318,                 0,                 0,                 0,      0.4062997757,      0.3269035879,      0.9802758142,                 0,      0.6810654457
         485,     0.05775393272,      -4.662925586,      -2.210352791,      0.7225750362,                        10,      -3.417113909,               5,      -4.285010091,   4.097376226e-08,   1.947572763e-05,       2.164235847,        19.2965442,        17.9601389,         0.5963530297,         -0.6810287816,                     0,      0.3543777091,      0.6297054778,                 0,       292.6041023,       293.0182511,                 0,       15720.59828,        12369.14201,                  0,        0.1871625707,         0.1473298404,                    0,          301364.0447,           317733.8706,                     0,           96.70068747,           -140.5120737,                      0,        96.70063243,         140.6038394,                   0,                73.59758266,                 164.0808741,                           0,            -1.138361817e-06,               0.001306586671,                          nan,                      0.7610868803,                        1.166972928,                                nan,            299.953364,             316.246563,                      0,            17146.50896,             16157.28594,                       0,      0.8462799025,      0.5822457237,                 0,                 0,                 0,      0.4030534847,      0.3203590652,      0.9759968369,                 0,      0.6880060864
         486,     0.05771422505,      -4.657581027,      -2.205140172,      0.7409986408,                        10,      -3.027977469,               6,      -4.620551924,   4.913770972e-08,   2.336850375e-05,       2.597083016,       23.15585304,       21.55216668,          0.597819895,         -0.6840185919,                     0,      0.3554216005,      0.6318108874,                 0,       292.5528441,       292.3462953,                 0,       15711.55943,        12370.18456,                  0,        0.1870877313,          0.147695836,                    0,          301354.8151,           317159.9743,                     0,           96.97737391,             -140.80573,                      0,        96.97729567,         140.8899125,                   0,                73.80746195,                 164.4283905,                           0,            -1.613414906e-06,               0.001196082934,                          nan,                      0.7610798119,                        1.167070002,                                nan,           299.9441776,            315.6753531,                      0,            17145.32332,             16187.09663,                       0,      0.8356513178,      0.5812734303,                 0,                 0,                 0,      0.3983572668,      0.3124935065,      0.9687826042,                 0,       0.695593267
         487,     0.05767481557,      -4.652516762,      -2.197950209,      0.7596636773,                        10,      -2.680578475,               6,      -4.249723393,    5.89269468e-08,   2.804571833e-05,      0.2597083016,       2.315585304,       2.155216668,         0.5996593329,         -0.6869168902,                     0,      0.3567090764,      0.6340431442,                 0,       292.4868756,         291.69414,                 0,        15700.1722,          12369.742,                  0,        0.1869943003,         0.1480366718,                    0,          301340.7561,           316617.7432,                     0,           97.32445442,           -141.1126137,                      0,        97.32433889,         141.1840526,                   0,                74.05754727,                  164.824638,                           0,            -2.374001041e-06,               0.001012765131,                          nan,                      0.7609355287,                        1.167445154,                                nan,           299.9301844,            315.1356602,                      0,            17143.62577,             16217.06824,                       0,      0.8213371833,      0.5777697479,                 0,                 0,                 0,      0.3917135313,      0.3032301829,      0.9573213183,                 0,      0.7034501295
         488,     0.05760498425,      -4.647494247,      -2.189118777,      0.7780191702,                         4,       -4.59237706,               2,      -4.333001551,   5.888767932e-09,   2.804839144e-06,      0.3116499619,       2.778702365,       2.586260002,         0.6001595201,         -0.6871506193,                     0,      0.3569639646,      0.6342480899,                 0,       292.4961822,       291.6384865,                 0,       15702.16115,        12368.36883,                  0,        0.1870120403,         0.1480497631,                    0,          301361.0356,           316572.1151,                     0,           97.39637968,           -141.1533536,                      0,        97.39626768,         141.2211816,                   0,                74.11055547,                 164.8483832,                           0,            -2.299862436e-06,              0.0009612848662,                          nan,                      0.7609178179,                        1.167306358,                                nan,            299.950369,            315.0902457,                      0,            17147.92691,              16218.1156,                       0,      0.8203089357,      0.5774343433,                 0,                 0,                 0,        0.39122482,      0.3026154905,      0.9564314067,                 0,      0.7039230199
         489,     0.05753573204,      -4.656171577,      -2.195963252,      0.7650833433,                         4,      -4.180973352,               2,      -4.067943618,   7.066226831e-09,   3.366052775e-06,      0.3739799543,       3.334442838,       3.103512003,         0.6006171452,         -0.6874134761,                     0,      0.3572314086,      0.6345044545,                 0,       292.4991127,       291.5657343,                 0,       15702.73747,        12366.91932,                  0,        0.1870170313,         0.1480711124,                    0,            301375.28,            316511.842,                     0,           97.46801467,           -141.1942028,                      0,         97.4679143,         141.2573753,                   0,                74.16886105,                 164.8858157,                           0,            -2.059622862e-06,              0.0008950324407,                          nan,                      0.7609566859,                         1.16727226,                                nan,           299.9645467,            315.0302548,                      0,            17150.79213,             16219.80282,                       0,      0.8189989058,      0.5770185975,                 0,                 0,                 0,      0.3906001535,      0.3018253336,       0.955306829,                 0,      0.7045413533
         490,     0.05747180367,      -4.666308424,      -2.203697761,      0.7496322489,                         5,      -4.698420067,               3,      -5.456219945,   8.478997556e-09,   4.039569603e-06,      0.4487759451,       4.001331406,       3.724214403,          0.601047434,         -0.6876855048,                     0,      0.3575205335,      0.6348143433,                 0,       292.4949941,       291.4735535,                 0,        15701.7798,        12365.34504,                  0,        0.1870082594,         0.1481014414,                    0,          301383.1802,           316434.6033,                     0,           97.54237985,           -141.2308591,                      0,        97.54229626,          141.288167,                   0,                74.23342039,                 164.9401956,                           0,            -1.713885481e-06,              0.0008117148184,                          nan,                      0.7610382699,                        1.167402756,                                nan,           299.9724099,            314.9533775,                      0,            17152.16497,             16222.10769,                       0,      0.8173140714,      0.5764936414,                 0,                 0,                 0,      0.3897947922,      0.3008032098,      0.9538682503,                 0,      0.7053514207
         491,     0.05740777927,       -4.67767132,      -2.212284652,      0.7316745014,                         5,      -4.244993176,               3,      -5.087249272,   1.017404443e-08,   4.847832795e-06,      0.5385311342,       4.801597687,       4.469057284,         0.6014845378,          -0.687935572,                     0,      0.3578464328,       0.635173959,                 0,       292.4837039,       291.3609884,                 0,        15699.3322,        12363.62715,                  0,        0.1869863262,         0.1481411192,                    0,          301385.2464,           316339.1444,                     0,           97.62473062,           -141.2570132,                      0,        97.62466393,         141.3071662,                   0,                74.30581855,                 165.0144692,                           0,            -1.366207338e-06,               0.000710221488,                          nan,                      0.7611377654,                        1.167771414,                                nan,           299.9744664,            314.8583655,                      0,            17152.21987,             16224.96807,                       0,      0.8151392361,      0.5758095605,                 0,                 0,                 0,      0.3887523658,      0.2994877311,      0.9520061571,                 0,      0.7063941166
         492,     0.05735284949,      -4.688907818,      -2.221262865,      0.7128417025,                         6,      -4.533724101,               3,      -4.732901307,   1.220768457e-08,   5.817741782e-06,       0.646237361,       5.761917224,        5.36286874,         0.6019781458,         -0.6881261704,                     0,      0.3582293783,      0.6355723503,                 0,       292.4657379,        291.229524,                 0,       15695.59819,        12361.84555,                  0,        0.1869533359,         0.1481904363,                    0,          301382.8468,           316226.3442,                     0,           97.72206452,           -141.2649743,                      0,        97.72200936,          141.306763,                   0,                74.38849498,                 165.1107645,                           0,             -1.12894433e-06,               0.000591722437,                          nan,                      0.7612255977,                        1.168456208,                                nan,           299.9720781,            314.7460933,                      0,            17151.34946,             16228.35402,                       0,      0.8123394836,      0.5748892265,                 0,                 0,                 0,      0.3874057286,       0.297818314,      0.9495774383,                 0,      0.7076957825
         493,     0.05729782126,      -4.698007818,      -2.229965478,      0.6960079645,                         6,      -4.063914621,               3,      -4.394140814,   1.464745268e-08,   6.981530378e-06,      0.7754848332,       6.914300669,       6.435442489,         0.6025833884,         -0.6882262384,                     0,      0.3586923121,      0.6359931542,                 0,       292.4420021,       291.0838319,                 0,        15690.8603,        12360.25515,                  0,         0.186912071,          0.148250141,                    0,          301377.8894,           316100.1495,                     0,           97.84191026,           -141.2476603,                      0,        97.84185718,          141.280207,                   0,                74.48484468,                 165.2300194,                           0,            -1.084964691e-06,              0.0004608995383,                          nan,                      0.7612779113,                        1.169519941,                                nan,           299.9671439,            314.6204894,                      0,            17150.05595,             16232.38801,                       0,      0.8087635334,      0.5736245279,                 0,                 0,                 0,      0.3856781609,       0.295740133,      0.9464044197,                 0,      0.7092611181
         494,        0.05724568,      -4.703796043,      -2.237876496,      0.6833362135,                         7,      -4.191680945,               3,      -4.071933969,   1.757434726e-08,   8.377832582e-06,      0.9305817999,       8.297160803,       7.722530986,         0.6033470908,         -0.6882303941,                     0,      0.3592571953,      0.6364207619,                 0,       292.4134261,       290.9316608,                 0,       15685.35338,        12359.30856,                  0,        0.1868647306,         0.1483217856,                    0,           301372.271,           315967.8947,                     0,           97.99075311,           -141.2020829,                      0,         97.9906913,         141.2251349,                   0,                74.59908736,                 165.3720129,                           0,            -1.261536037e-06,              0.0003265383798,                          nan,                      0.7612874894,                        1.170981448,                                nan,           299.9615518,            314.4888536,                      0,            17148.78246,             16237.45264,                       0,      0.8042471029,      0.5718738022,                 0,                 0,                 0,      0.3834845345,      0.2932083518,      0.9422748594,                 0,      0.7110672829
         495,     0.05720028649,       -4.70698929,      -2.244674682,       0.674654527,                         8,      -4.225026456,               4,      -4.799989017,   2.108555216e-08,   1.005298477e-05,        1.11669816,       9.956592963,       9.267037183,         0.6042972475,         -0.6881757821,                     0,      0.3599416736,      0.6368512984,                 0,       292.3805206,       290.7819779,                 0,       15679.15842,        12359.52491,                  0,        0.1868119495,         0.1484071225,                    0,          301367.2823,           315839.0521,                     0,            98.1728403,           -141.1333281,                      0,         98.1727606,          141.147436,                   0,                74.73579539,                  165.536211,                           0,            -1.623661068e-06,              0.0001999329786,                          nan,                      0.7612681454,                        1.172789359,                                nan,           299.9565865,            314.3606142,                      0,            17147.76918,             16244.16156,                       0,      0.7986144543,      0.5694550402,                 0,                 0,                 0,      0.3807315128,       0.290193471,      0.9369374787,                 0,       0.713053761
         496,     0.05715835493,      -4.709008707,      -2.249756981,       0.669134886,                         9,        -4.1948549,               4,      -4.423714937,   2.529775623e-08,   1.206260732e-05,       1.340037792,       11.94791156,       11.12044462,          0.605441893,         -0.6881384785,                     0,      0.3607573721,       0.637304686,                 0,       292.3431886,       290.6415105,                 0,       15672.19104,        12361.14954,                  0,        0.1867527801,         0.1485057695,                    0,          301363.3415,           315722.3054,                     0,           98.39001323,           -141.0562116,                      0,        98.38990994,         141.0625435,                   0,                74.89907934,                 165.7238464,                           0,            -2.099547381e-06,              8.977984073e-05,                          nan,                      0.7612475648,                         1.17482531,                                nan,           299.9526641,            314.2444139,                      0,            17147.02633,             16253.07525,                       0,      0.7916862844,      0.5661301707,                 0,                 0,                 0,      0.3773221805,      0.2866971279,      0.9300942425,                 0,      0.7150940743
         497,     0.05712398133,      -4.709633223,      -2.251797468,      0.6686588507,                        10,      -4.109542565,               4,      -4.071181194,   3.035123584e-08,   1.447348978e-05,        1.60804535,       14.33749387,       13.34453354,         0.6067790874,         -0.6881940362,                     0,      0.3617109022,      0.6378309115,                 0,       292.3006843,       290.5113833,                 0,       15664.26567,        12363.72888,                  0,        0.1866854817,         0.1486117615,                    0,           301359.994,           315622.3127,                     0,            98.6429281,           -140.9909505,                      0,         98.6427977,         140.9905876,                   0,                75.09153311,                  165.941788,                           0,            -2.643883566e-06,             -5.147305489e-06,                          nan,                      0.7612469928,                        1.176970681,                                nan,           299.9493323,            314.1448893,                      0,            17146.41254,              16264.2368,                       0,      0.7833077687,      0.5615767535,                 0,                 0,                 0,      0.3731735151,      0.2827915588,      0.9213948365,                 0,      0.7169298914
         498,     0.05708776693,      -4.706714144,      -2.249187927,      0.6772222334,                        10,      -3.640495982,               5,      -4.541495095,   3.641492158e-08,   1.736579653e-05,        1.92965442,       17.20499264,       16.01344025,         0.6083147074,         -0.6883498804,                     0,       0.362809066,      0.6385040407,                 0,       292.2514674,       290.3872554,                 0,       15655.14146,        12365.97497,                  0,        0.1866081596,          0.148711789,                    0,          301355.9831,           315539.4375,                     0,           98.93362128,           -140.9516325,                      0,        98.93345887,         140.9445667,                   0,                75.31375229,                  166.208321,                           0,            -3.283106363e-06,             -0.0001002546656,                          nan,                      0.7612566381,                        1.179246032,                                nan,           299.9453401,             314.062402,                      0,            17145.72885,             16276.92938,                       0,      0.7734054537,      0.5553469499,                 0,                 0,                 0,      0.3682512087,      0.2786897186,      0.9104385049,                 0,      0.7180540908
         499,       0.057050864,      -4.698879575,      -2.241341045,      0.6953512375,                        10,      -3.228512319,               5,      -4.176643452,    4.36928176e-08,   2.083561532e-05,       2.315585304,       20.64599117,        19.2161283,         0.6100792836,         -0.6884902937,                     0,      0.3640684518,      0.6394049726,                 0,       292.1931481,       290.2651358,                 0,        15644.5149,        12366.27892,                  0,        0.1865187101,         0.1487883928,                    0,          301349.6036,           315474.9175,                     0,           99.26828511,           -140.9323005,                      0,        99.26808131,         140.9167509,                   0,                75.56609416,                 166.5592994,                           0,            -4.106044373e-06,             -0.0002206549192,                          nan,                      0.7612325449,                        1.181969484,                                nan,           299.9389905,            313.9981841,                      0,            17144.79227,              16290.1308,                       0,      0.7620620998,       0.546820727,                 0,                 0,                 0,      0.3626130332,      0.2748331735,      0.8967821799,                 0,      0.7175540251
         500,     0.05701600319,      -4.687346708,      -2.229588865,      0.7180611151,                        10,      -2.864195221,               6,      -4.523947678,   5.243245189e-08,   2.499790693e-05,      0.2315585304,       2.064599117,        1.92161283,         0.6121284002,         -0.6883801149,                     0,      0.3655226448,      0.6406013531,                 0,       292.1233371,       290.1505701,                 0,       15632.07243,         12363.7221,                  0,        0.1864149025,          0.148827464,                    0,          301339.8963,             315439.55,                     0,            99.6573138,           -140.9002577,                      0,        99.65704931,         140.8728444,                   0,                75.85298569,                 167.0500423,                           0,            -5.307886327e-06,             -0.0003890777564,                          nan,                      0.7611401924,                        1.185821462,                                nan,           299.9293287,            313.9629821,                      0,            17143.55641,             16303.57556,                       0,       0.749578824,      0.5351805583,                 0,                 0,                 0,      0.3564421073,      0.2719568659,       0.879958014,                 0,      0.7139750233
         501,     0.05948366474,      -4.673521996,      -2.216548838,      0.7406065608,                         4,      -4.802658856,               2,      -4.499101705,   5.244702948e-09,   2.499168538e-06,      0.2778702365,        2.47751894,       2.305935396,         0.6126451429,         -0.6881837744,                     0,      0.3657876802,      0.6406183509,                 0,       292.1314125,       290.1369873,                 0,       15633.82621,        12362.78179,                  0,        0.1864306653,         0.1488234138,                    0,          301359.6025,           315425.8999,                     0,            99.7329821,           -140.8698894,                      0,         99.7327236,           140.83696,                   0,                75.90637656,                  167.073169,                           0,            -5.183923374e-06,             -0.0004674611804,                          nan,                       0.761098001,                        1.186287811,                                nan,           299.9489427,            313.9493959,                      0,            17147.74558,             16302.70794,                       0,      0.7487170469,      0.5343587281,                 0,                 0,                 0,      0.3560091135,      0.2717693646,       0.878782043,                 0,      0.7136991609
         502,      0.0594124334,      -4.677568171,      -2.223061318,      0.7325428199,                         4,      -4.384565143,               2,      -4.231388062,   6.294031309e-09,   2.998974946e-06,      0.3334442838,       2.973022728,       2.767122476,         0.6131304829,          -0.687914619,                     0,      0.3660694304,       0.640650063,                 0,       292.1335948,       290.1188173,                 0,       15634.29275,        12361.62961,                  0,        0.1864348378,         0.1488195022,                    0,          301373.9549,           315408.3724,                     0,           99.80971091,           -140.8269352,                      0,        99.80946987,         140.7869729,                   0,                75.96575434,                 167.1100635,                           0,            -4.829966647e-06,             -0.0005674571636,                          nan,                      0.7611076828,                        1.186971068,                                nan,           299.9632279,            313.9319505,                      0,            17150.66771,             16301.80749,                       0,      0.7476478728,      0.5333119703,                 0,                 0,                 0,      0.3554743416,      0.2715531881,      0.8773014678,                 0,      0.7133197186
         503,     0.05934458016,      -4.682372134,      -2.230072528,      0.7223590269,                         5,      -4.952651402,               3,      -5.685539721,    7.55340242e-09,   3.598708671e-06,      0.4001331406,       3.567627274,       3.320546971,         0.6135932072,         -0.6875509908,                     0,      0.3663750311,      0.6407006793,                 0,       292.1291576,       290.0963401,                 0,       15633.32186,        12360.30676,                  0,        0.1864260928,         0.1488161112,                    0,          301382.5124,           315387.5849,                     0,           99.88966256,           -140.7669736,                      0,        99.88944723,         140.7182622,                   0,                 76.0320499,                 167.1659352,                           0,            -4.311466043e-06,             -0.0006919661054,                          nan,                      0.7611619847,                        1.187947695,                                nan,           299.9717453,            313.9112602,                      0,            17152.21897,             16300.99028,                       0,      0.7463102648,      0.5319612411,                 0,                 0,                 0,      0.3548085952,      0.2713076827,      0.8754164236,                 0,      0.7127883216
         504,     0.05927672099,      -4.688212032,      -2.237255503,      0.7091543021,                         5,      -4.486383123,               3,      -5.312628936,   9.064908502e-09,   4.318321727e-06,      0.4801597687,       4.281152729,       3.984656365,         0.6140582567,         -0.6870733194,                     0,      0.3667164878,      0.6407761629,                 0,       292.1178623,       290.0709044,                 0,        15630.9081,        12358.93253,                  0,        0.1864045168,         0.1488139832,                    0,          301385.5479,           315365.4506,                     0,            99.9768795,           -140.6854061,                      0,        99.97669242,         140.6262352,                   0,                76.10664768,                 167.2473755,                           0,            -3.742405621e-06,             -0.0008410030421,                          nan,                      0.7612439044,                        1.189304224,                                nan,           299.9747665,            313.8892296,                      0,            17152.49633,             16300.49465,                       0,      0.7446352645,      0.5302059867,                 0,                 0,                 0,      0.3539787847,      0.2710389281,      0.8730051345,                 0,      0.7120344845
         505,     0.05920836838,      -4.694469585,      -2.243991085,      0.6933913242,                         5,       -4.04371301,               3,      -4.953495677,   1.087910783e-08,   5.181731406e-06,      0.5761917224,       5.137383275,       4.781587638,          0.614565539,         -0.6864702993,                     0,      0.3671102815,      0.6408859687,                 0,       292.1000722,       290.0449944,                 0,       15627.20622,        12357.71777,                  0,        0.1863717207,          0.148814363,                    0,          301384.1502,           315345.3843,                     0,            100.077029,           -140.5784395,                      0,         100.076866,         140.5074538,                   0,                76.19153987,                 167.3624598,                           0,            -3.258230326e-06,              -0.001009653217,                          nan,                      0.7613301948,                        1.191128693,                                nan,           299.9733754,            313.8692572,                      0,            17151.81134,             16300.72058,                       0,      0.7425523674,      0.5279244013,                 0,                 0,                 0,      0.3529512052,       0.270764653,      0.8699279823,                 0,      0.7109591517
         506,     0.05914567436,       -4.69961199,      -2.249783867,      0.6773977552,                         6,      -4.312635773,               3,      -4.609285339,   1.305675269e-08,   6.217601498e-06,      0.6914300669,       6.164859929,       5.737905166,         0.6151625018,         -0.6857446732,                     0,      0.3675753305,      0.6410453984,                 0,       292.0766757,       290.0219018,                 0,       15622.48507,        12356.93683,                  0,        0.1863303401,          0.148818862,                    0,           301380.059,            315332.121,                     0,           100.1964588,           -140.4443212,                      0,        100.1963096,          140.360961,                   0,                76.28938927,                 167.5208111,                           0,             -2.97752514e-06,              -0.001186739497,                          nan,                      0.7613991927,                        1.193500029,                                nan,           299.9693033,             313.856056,                      0,            17150.62241,             16302.22414,                       0,      0.7399980511,      0.5249748501,                 0,                 0,                 0,      0.3516960791,      0.2705201559,      0.8660338065,                 0,      0.7094273415
         507,      0.0590870315,      -4.702143943,      -2.254743782,      0.6644291087,                         7,      -4.456383502,               3,      -4.281234441,   1.567088861e-08,   7.460282306e-06,      0.8297160803,       7.397831915,       6.885486199,         0.6158919819,         -0.6849164887,                     0,      0.3681296576,      0.6412786229,                 0,       292.0487523,       290.0047676,                 0,       15617.02133,        12356.84356,                  0,        0.1862829825,         0.1488289904,                    0,          301375.1776,           315330.8892,                     0,            100.340779,           -140.2845497,                      0,        100.3406303,         140.1894124,                   0,                76.40339004,                 167.7336671,                           0,            -2.964527582e-06,              -0.001355886504,                          nan,                      0.7614402043,                        1.196478851,                                nan,           299.9644448,            313.8548299,                      0,            17149.38995,             16305.65026,                       0,      0.7369246683,      0.5211962002,                 0,                 0,                 0,      0.3501925406,      0.2703651794,      0.8611655564,                 0,      0.7072584521
         508,     0.05903616326,      -4.701962188,      -2.259455622,      0.6563257356,                         8,      -4.507222974,               4,      -5.068172386,   1.880942613e-08,   8.950949909e-06,      0.9956592963,       8.877398298,       8.262583439,         0.6167804931,         -0.6840211377,                     0,      0.3687868719,       0.641621345,                 0,        292.017163,       289.9953498,                 0,       15610.98651,        12357.55491,                  0,        0.1862311409,         0.1488454194,                    0,          301370.9991,           315346.2388,                     0,           100.5135352,           -140.1045346,                      0,        100.5133744,          139.999356,                   0,                 76.5368769,                  168.013902,                           0,            -3.200313184e-06,              -0.001500865786,                          nan,                      0.7614596304,                         1.20010482,                                nan,           299.9602859,            313.8701077,                      0,            17148.42217,             16311.62193,                       0,      0.7333077859,      0.5164045447,                 0,                 0,                 0,      0.3484326541,       0.270391733,      0.8551621328,                 0,      0.7042125485
         509,     0.05898372157,      -4.700353111,      -2.264042435,      0.6524964627,                         8,      -4.004110853,               4,      -4.682827973,   2.257827298e-08,   1.073898876e-05,       1.194791156,       10.65287796,       9.915100126,         0.6178332351,         -0.6830997352,                     0,      0.3695537689,      0.6421221546,                 0,       291.9822885,       289.9930495,                 0,       15604.40013,        12358.93628,                  0,        0.1861748023,          0.148867055,                    0,          301368.2323,           315381.0409,                     0,           100.7156065,           -139.9130751,                      0,        100.7154262,         139.8000392,                   0,                76.69266404,                 168.3761358,                           0,             -3.57996376e-06,              -0.001615149376,                          nan,                      0.7614788212,                        1.204406929,                                nan,            299.957532,            313.9047469,                      0,            17147.80287,             16320.61805,                       0,      0.7291536785,      0.5103850245,                 0,                 0,                 0,      0.3464257589,      0.2707350102,      0.8478564232,                 0,      0.6999690731
         510,     0.05894083953,      -4.698099768,      -2.267286116,      0.6523610306,                        10,      -4.394129654,               4,       -4.32105582,   2.710522802e-08,    1.28836589e-05,       1.433749387,       12.78345355,       11.89812015,         0.6190386458,          -0.682178603,                     0,      0.3704297496,       0.642839051,                 0,       291.9440612,       289.9948567,                 0,       15597.18206,        12360.52875,                  0,        0.1861130503,         0.1488900385,                    0,          301366.8068,           315436.1496,                     0,           100.9456315,           -139.7196133,                      0,        100.9454312,         139.6000033,                   0,                76.87216451,                 168.8364983,                           0,            -3.967854062e-06,              -0.001711409936,                          nan,                      0.7615219787,                        1.209430475,                                nan,           299.9561132,            313.9595976,                      0,            17147.44335,             16332.84246,                       0,      0.7245100553,      0.5028806442,                 0,                 0,                 0,      0.3442045013,      0.2715886985,      0.8390729059,                 0,       0.694097536
         511,     0.05890204746,      -4.694021683,      -2.267126511,      0.6578284015,                        10,      -3.898210968,               5,      -4.841787064,   3.253888545e-08,   1.545608554e-05,       1.720499264,       15.34014426,       14.27774418,         0.6203798825,         -0.6812403901,                     0,      0.3714083536,       0.643827181,                 0,       291.9021024,       289.9966297,                 0,       15589.24499,        12361.59158,                  0,        0.1860450797,         0.1489074083,                    0,            301366.08,            315510.942,                     0,           101.2013429,           -139.5287524,                      0,        101.2011253,         139.4014769,                   0,                  77.074547,                 169.4113457,                           0,            -4.299586919e-06,              -0.001823531425,                          nan,                      0.7615977269,                        1.215276549,                                nan,           299.9553898,            314.0340399,                      0,            17147.19666,             16348.12344,                       0,      0.7194851496,      0.4935846064,                 0,                 0,                 0,      0.3418344541,      0.2732248104,      0.8286331197,                 0,      0.6860247312
         512,     0.05886249337,      -4.686251607,      -2.262491491,      0.6710233909,                        10,      -3.462409671,               5,      -4.459509343,   3.905309098e-08,   1.854161026e-05,       2.064599117,       18.40817311,       17.13329302,         0.6218474808,         -0.6802039638,                     0,      0.3724816498,      0.6451181905,                 0,       291.8557281,       289.9961314,                 0,       15580.53088,        12361.36842,                  0,         0.185970628,         0.1489106344,                    0,          301365.0309,            315605.248,                     0,           101.4814016,           -139.3342553,                      0,        101.4811664,         139.1951259,                   0,                 77.2968101,                 170.1142859,                           0,            -4.634156237e-06,              -0.001996063325,                          nan,                      0.7616862598,                         1.22212818,                                nan,           299.9543456,            314.1279044,                      0,            17146.93529,             16365.98521,                       0,      0.7142765766,      0.4821387725,                 0,                 0,                 0,      0.3394259394,      0.2760175712,      0.8163719276,                 0,      0.6750029167
         513,     0.05882161479,      -4.674619756,      -2.254535506,      0.6902224129,                        10,      -3.079504256,               5,      -4.098596918,   4.687972239e-08,   2.224254423e-05,        2.47751894,       22.08980773,       20.55995162,         0.6234456626,         -0.6789374347,                     0,        0.37364652,      0.6466993924,                 0,       291.8041104,       289.9957977,                 0,       15571.00059,        12359.54489,                  0,        0.1858897485,          0.148893778,                    0,          301362.7002,           315720.9801,                     0,           101.7865434,           -139.1169023,                      0,         101.786283,         138.9592883,                   0,                 77.5358899,                 170.9512301,                           0,            -5.115708291e-06,              -0.002264638233,                          nan,                       0.761751855,                        1.230225285,                                nan,           299.9520258,            314.2430948,                      0,            17146.59439,             16385.95112,                       0,      0.7092009323,      0.4681526291,                 0,                 0,                 0,      0.3371425138,      0.2804554714,      0.8021705398,                 0,      0.6601128225
         514,     0.05878353262,       -4.66011108,       -2.24561743,      0.7114647929,                        10,       -2.74094542,               6,      -4.437657481,   5.629012672e-08,   2.668138577e-05,       0.247751894,       2.208980773,       2.055995162,         0.6251845478,         -0.6773078085,                     0,      0.3749068651,       0.648502359,                 0,       291.7470018,       290.0008051,                 0,       15560.66847,        12356.55224,                  0,        0.1858027623,          0.148858334,                    0,          301359.0379,           315859.1959,                     0,           102.1183289,           -138.8490401,                      0,        102.1180267,         138.6656501,                   0,                77.79181335,                 171.9129664,                           0,            -5.918768201e-06,              -0.002639828238,                          nan,                      0.7617833583,                        1.239766058,                                nan,           299.9483806,            314.3806637,                      0,            17146.22963,             16407.75339,                       0,      0.7047068652,      0.4512993944,                 0,                 0,                 0,      0.3352020353,       0.287093425,      0.7860408861,                 0,      0.6404072625
         515,     0.05871498004,      -4.642188656,      -2.236934409,      0.7336129245,                         4,      -4.629875357,               2,       -4.35709136,   5.634694902e-09,   2.667056746e-06,      0.2973022728,       2.650776928,       2.467194195,         0.6256213886,         -0.6769048415,                     0,      0.3751296279,      0.6484916615,                 0,       291.7530439,       289.9947778,                 0,       15562.03184,        12356.78202,                  0,        0.1858151958,         0.1488621542,                    0,          301375.0715,            315851.138,                     0,           102.1828137,           -138.7704024,                      0,        102.1825199,         138.5772542,                   0,                77.83524306,                  171.961893,                           0,            -5.751368818e-06,               -0.00278177106,                          nan,                       0.761727575,                        1.240909946,                                nan,           299.9643392,            314.3726435,                      0,            17149.68251,             16408.03618,                       0,      0.7044943734,      0.4502394867,                 0,                 0,                 0,      0.3351229582,      0.2875666852,      0.7850689901,                 0,        0.63909593
         516,     0.05864604565,       -4.64613127,      -2.241908396,      0.7249219942,                         4,      -4.223160308,               2,      -4.091859553,   6.762057644e-09,   3.200257755e-06,      0.3567627274,       3.180932314,       2.960633034,         0.6260243234,          -0.676435432,                     0,      0.3753636978,      0.6485348419,                 0,       291.7541096,         289.98693,                 0,       15562.28834,        12357.04089,                  0,        0.1858175814,         0.1488672898,                    0,           301386.467,           315845.1399,                     0,           102.2472644,           -138.6789541,                      0,        102.2469887,         138.4747241,                   0,                77.88330771,                 172.0415438,                           0,            -5.393852247e-06,              -0.002943194869,                          nan,                      0.7617173739,                        1.242403947,                                nan,           299.9756813,            314.3666734,                      0,            17152.01585,             16409.15528,                       0,      0.7042181181,      0.4488635322,                 0,                 0,                 0,       0.335017219,      0.2881807438,      0.7838070472,                 0,      0.6373927633
         517,     0.05858235676,      -4.651169014,      -2.246552562,      0.7136395966,                         5,      -4.743637925,               3,      -5.574617901,   8.115161917e-09,   3.840002686e-06,      0.4281152729,       3.817118776,        3.55275964,         0.6264004949,          -0.675900174,                     0,      0.3756140871,      0.6486491628,                 0,       291.7498023,       289.9781034,                 0,       15561.35601,        12357.40696,                  0,        0.1858091934,         0.1488742285,                    0,          301393.0362,           315843.4294,                     0,           102.3132636,           -138.5740375,                      0,        102.3130128,         138.3576904,                   0,                77.93661242,                 172.1599278,                           0,            -4.901306149e-06,              -0.003120038562,                          nan,                      0.7617468225,                        1.244310506,                                nan,           299.9822198,             314.364971,                      0,            17153.18314,             16411.45466,                       0,      0.7038531158,      0.4470552814,                 0,                 0,                 0,      0.3348724924,      0.2889861732,      0.7821474445,                 0,      0.6351542265
         518,     0.05851948015,      -4.657388902,      -2.251053052,      0.6993528825,                         5,      -4.294081607,               3,      -5.210096869,   9.739323711e-09,    4.60755644e-06,      0.5137383275,       4.580542532,       4.263311568,         0.6267699996,         -0.6753039877,                     0,      0.3758891588,      0.6488530098,                 0,       291.7402146,       289.9692837,                 0,       15559.29121,        12357.95233,                  0,         0.185790645,         0.1488832897,                    0,          301395.2445,           315848.4913,                     0,           102.3837762,           -138.4557167,                      0,        102.3835529,         138.2267428,                   0,                77.99601569,                 172.3251018,                           0,            -4.362301112e-06,               -0.00330480486,                          nan,                      0.7618021988,                         1.24668424,                                nan,           299.9844178,            314.3700092,                      0,            17153.31985,             16415.28425,                       0,      0.7033781652,      0.4446839945,                 0,                 0,                 0,      0.3346783806,      0.2900453349,      0.7799733341,                 0,      0.6322118265
         519,     0.05846466481,      -4.664124497,       -2.25571561,      0.6831003472,                         6,      -4.578818924,               3,       -4.86001324,   1.168901807e-08,   5.528416833e-06,      0.6164859929,       5.496651038,       5.115973882,         0.6271633635,          -0.674652447,                     0,      0.3761996931,      0.6491638315,                 0,       291.7260051,       289.9610525,                 0,       15556.29244,        12358.68986,                  0,        0.1857638854,         0.1488942808,                    0,          301394.2502,           315862.3224,                     0,           102.4627367,           -138.3244798,                      0,        102.4625383,         138.0830671,                   0,                78.06267447,                 172.5443122,                           0,            -3.874295864e-06,              -0.003487481953,                          nan,                       0.761865515,                        1.249568943,                                nan,           299.9834281,            314.3837755,                      0,            17152.73968,             16420.90385,                       0,      0.7027837424,      0.4416159642,                 0,                 0,                 0,      0.3344308561,      0.2914316782,       0.777172584,                 0,       0.628381019
         520,     0.05840941075,      -4.670135722,      -2.261065308,      0.6673243617,                         6,      -4.112648347,               3,      -4.525812924,   1.402976074e-08,   6.633153454e-06,      0.7397831915,       6.595981246,       6.139168658,         0.6276137156,         -0.6739464473,                     0,      0.3765565548,      0.6495952859,                 0,       291.7082716,       289.9528434,                 0,        15552.6474,         12359.5265,                  0,         0.185731649,         0.1489063416,                    0,          301391.6707,           315885.4064,                     0,           102.5540698,           -138.1805732,                      0,        102.5538898,         137.9275942,                   0,                 78.1379673,                 172.8229623,                           0,            -3.510820246e-06,              -0.003658219444,                          nan,                      0.7619210494,                        1.252997729,                                nan,           299.9808607,            314.4067515,                      0,             17151.8558,             16428.38582,                       0,      0.7020794084,      0.4377252394,                 0,                 0,                 0,      0.3341364223,      0.2932291332,      0.7736507975,                 0,      0.6234697018
         521,     0.05835560192,      -4.674330825,      -2.267779982,      0.6545601628,                         7,       -4.25224571,               3,      -4.208201773,   1.684039505e-08,   7.958416282e-06,      0.8877398298,       7.915177495,        7.36700239,         0.6281459983,         -0.6731792713,                     0,      0.3769675946,      0.6501539786,                 0,       291.6882289,       289.9426494,                 0,         15548.634,        12360.27953,                  0,        0.1856964794,         0.1489182925,                    0,          301389.1134,            315916.135,                     0,           102.6604616,           -138.0234319,                      0,        102.6602925,         137.7601283,                   0,                78.22324079,                 173.1634747,                           0,            -3.293687144e-06,              -0.003811707498,                          nan,                      0.7619619902,                        1.256992693,                                nan,           299.9783154,            314.4373362,                      0,            17151.04459,             16437.59428,                       0,      0.7012991691,      0.4329000108,                 0,                 0,                 0,      0.3338148779,      0.2955325062,      0.7693396401,                 0,       0.617282937
         522,     0.05830651071,      -4.676325776,      -2.276216923,      0.6457828771,                         8,      -4.307739025,               4,      -5.011232012,   2.021588996e-08,   9.548151718e-06,       1.065287796,       9.498212994,       8.840402868,         0.6287688517,         -0.6723425999,                     0,      0.3774352206,      0.6508376867,                 0,       291.6667776,       289.9271765,                 0,       15544.42134,        12360.77946,                  0,        0.1856598217,         0.1489297486,                    0,          301387.6223,            315950.809,                     0,           102.7825333,           -137.8521367,                      0,        102.7823697,         137.5794706,                   0,                78.31936596,                 173.5640877,                           0,            -3.184120378e-06,              -0.003952009265,                          nan,                       0.761992219,                        1.261555136,                                nan,           299.9768313,            314.4718479,                      0,              17150.515,             16448.29655,                       0,      0.7005040122,      0.4270435225,                 0,                 0,                 0,      0.3335003945,      0.2984489439,       0.764199103,                 0,      0.6096232356
         523,     0.05826606508,      -4.675950069,       -2.28560488,      0.6407801318,                         9,      -4.290021003,               4,      -4.633706293,   2.427078779e-08,   1.145506673e-05,       1.278345355,       11.39785559,       10.60848344,         0.6294748995,         -0.6714393173,                     0,      0.3779562556,      0.6516351222,                 0,       291.6442049,       289.9021858,                 0,          15540.03,        12360.98883,                  0,        0.1856217382,         0.1489422728,                    0,          301387.3615,           315983.9637,                     0,           102.9190485,           -137.6668995,                      0,        102.9188886,         137.3847405,                   0,                78.42627494,                 174.0175046,                           0,            -3.105857404e-06,              -0.004094954422,                          nan,                      0.7620202276,                        1.266643617,                                nan,           299.9765717,            314.5048474,                      0,            17150.26314,             16460.31366,                       0,      0.6997832273,      0.4200744957,                 0,                 0,                 0,      0.3332416242,       0.302098728,      0.7582186397,                 0,      0.6002923182
         524,     0.05822644267,      -4.672283127,      -2.293549524,      0.6404664433,                        10,      -4.214814459,               4,      -4.274504278,   2.914347666e-08,    1.37423807e-05,       1.534014426,       13.67742671,       12.73018013,         0.6302503667,         -0.6704920264,                     0,      0.3785246878,      0.6525254763,                 0,       291.6201347,       289.8621838,                 0,       15535.36839,        12360.99956,                  0,        0.1855813732,         0.1489593909,                    0,           301387.684,           316008.0052,                     0,            103.068236,           -137.4702168,                      0,        103.0680814,         137.1768223,                   0,                  78.542755,                 174.5095418,                           0,            -3.000320508e-06,              -0.004263925399,                          nan,                      0.7620473178,                        1.272150344,                                nan,           299.9768926,            314.5287764,                      0,            17150.13632,             16473.50273,                       0,      0.6992587447,      0.4119368075,                 0,                 0,                 0,      0.3331029464,      0.3066128606,      0.7514274942,                 0,      0.5891049782
         525,      0.0581875057,      -4.663984865,      -2.296994089,      0.6474534862,                        10,      -3.750308945,               5,      -4.799416225,   3.500148735e-08,   1.648591371e-05,       1.840817311,       16.41291205,       15.27621616,         0.6310886739,         -0.6695340338,                     0,      0.3791366699,       0.653473833,                 0,       291.5936638,       289.7995411,                 0,       15530.29785,        12360.88109,                  0,        0.1855376436,         0.1489851925,                    0,          301387.4935,           316011.9728,                     0,           103.2296386,           -137.2654133,                      0,        103.2294901,         136.9577498,                   0,                78.66689436,                 175.0182425,                           0,            -2.877271261e-06,              -0.004477729647,                          nan,                      0.7620583447,                        1.277899518,                                nan,            299.976703,            314.5327254,                      0,            17149.94879,             16487.48116,                       0,      0.6990971923,      0.4026260551,                 0,                 0,                 0,       0.333168339,       0.312126558,      0.7439231387,                 0,      0.5759228609
         526,     0.05814905617,      -4.651108091,      -2.294656767,      0.6631470875,                        10,      -3.333617315,               5,       -4.41411021,   4.204801576e-08,   1.977657526e-05,       2.208980773,       19.69549446,       18.33145939,         0.6320001413,         -0.6685844694,                     0,       0.379796274,      0.6544216855,                 0,       291.5635405,       289.7038345,                 0,       15524.66417,        12360.54344,                  0,        0.1854895009,         0.1490231688,                    0,          301385.6861,           315980.1833,                     0,           103.4055557,           -137.0520109,                      0,        103.4054104,          136.727055,                   0,                78.79750254,                 175.5139765,                           0,            -2.810891156e-06,              -0.004736458317,                          nan,                      0.7620249484,                        1.283681393,                                nan,           299.9749041,            314.5010847,                      0,            17149.56769,             16501.30147,                       0,      0.6995317966,      0.3922299199,                 0,                 0,                 0,      0.3335477231,      0.3187722115,      0.7359166541,                 0,      0.5607034903
         527,     0.05811233239,      -4.635725979,      -2.288224071,      0.6855421444,                        10,       -2.95968096,               5,      -4.041243613,   5.052981532e-08,   2.372332494e-05,       2.208980773,       19.69549446,       18.33145939,         0.6330135124,         -0.6676259192,                     0,       0.380520143,      0.6552790905,                 0,       291.5283082,       289.5617874,                 0,       15518.28067,        12359.78008,                  0,        0.1854356377,         0.1490769925,                    0,          301381.5081,           315891.5605,                     0,           103.6014564,           -136.8207136,                      0,        103.6013066,         136.4770262,                   0,                 78.9362486,                 175.9606574,                           0,            -2.890510433e-06,               -0.00501759891,                          nan,                       0.761923292,                        1.289306064,                                nan,           299.9707457,            314.4128767,                      0,            17148.93608,             16513.39179,                       0,      0.7008942449,      0.3809905017,                 0,                 0,                 0,      0.3343875013,      0.3266669601,      0.7278016228,                 0,      0.5435777287
         528,     0.05807972741,      -4.619733619,      -2.280278602,      0.7119616705,                        10,      -2.983468307,               5,      -4.049039662,   5.062202801e-08,   2.371390295e-05,       2.208980773,       19.69549446,       18.33145939,         0.6340578843,         -0.6667166815,                     0,      0.3812461865,      0.6558591483,                 0,       291.4944623,       289.3855648,                 0,       15512.36767,        12359.10221,                  0,        0.1853865029,         0.1491471778,                    0,           301378.915,           315745.0454,                     0,           103.7999081,           -136.5790763,                      0,        103.7997487,         136.2187743,                   0,                79.07333073,                 176.2841156,                           0,            -3.070342786e-06,              -0.005269133322,                          nan,                      0.7617873038,                        1.294124958,                                nan,           299.9681647,            314.2670474,                      0,            17148.85279,             16521.62278,                       0,      0.7030440173,       0.371249548,                 0,                 0,                 0,      0.3355683057,       0.334279952,      0.7213556896,                 0,      0.5280601767
         529,     0.05804185472,      -4.609181468,      -2.276298097,      0.7304799901,                        10,      -2.999257908,               5,      -4.038220837,   5.071823008e-08,   2.370449699e-05,       2.208980773,       19.69549446,       18.33145939,         0.6351167956,           -0.66582671,                     0,      0.3819847883,      0.6561853762,                 0,       291.4596924,       289.1760036,                 0,       15506.32187,        12358.56149,                  0,         0.185336357,         0.1492347419,                    0,           301375.983,            315543.386,                     0,            104.001416,           -136.3202247,                      0,        104.0012458,         135.9468386,                   0,                 79.2131015,                 176.5010361,                           0,            -3.272596106e-06,              -0.005470571531,                          nan,                      0.7616553138,                        1.298309236,                                nan,           299.9652464,            314.0663321,                      0,            17148.74373,             16526.38601,                       0,      0.7059414555,      0.3630035012,                 0,                 0,                 0,      0.3370642468,      0.3415817959,       0.716551992,                 0,      0.5142119058
         530,     0.05800371902,       -4.60436358,      -2.276404039,      0.7393516646,                        10,      -3.006162768,               5,      -4.005965859,    5.08158466e-08,   2.369497597e-05,       2.650776928,       23.63459336,       21.99775126,         0.6362076166,         -0.6649486857,                     0,      0.3827527168,      0.6562797022,                 0,       291.4227225,       288.9332152,                 0,       15499.88283,        12358.23866,                  0,        0.1852828972,         0.1493410545,                    0,           301372.147,           315288.3129,                     0,           104.2101244,             -136.04235,                      0,        104.2099431,          135.659377,                   0,                79.35911466,                 176.6224806,                           0,            -3.479902956e-06,              -0.005622278069,                          nan,                      0.7615311198,                        1.301955563,                                nan,           299.9614284,            313.8124529,                      0,            17148.47093,             16528.08656,                       0,      0.7095726683,      0.3562702108,                 0,                 0,                 0,      0.3388663929,      0.3485506252,      0.7133963108,                 0,      0.5020912258
         531,     0.05796868515,      -4.603992258,      -2.278782799,      0.7401370832,                        10,      -2.649756274,               6,      -4.323819677,    6.10949253e-08,   2.842232373e-05,      0.2650776928,       2.363459336,       2.199775126,         0.6374953615,         -0.6640002918,                     0,      0.3836782459,      0.6561327378,                 0,       291.3725588,       288.6092948,                 0,       15491.09826,        12357.45306,                  0,        0.1852097673,         0.1494811982,                    0,          301361.8073,           314927.1906,                     0,           104.4623375,           -135.7161176,                      0,        104.4621357,         135.3256825,                   0,                 79.5320435,                 176.6426459,                           0,            -3.863433077e-06,               -0.00574542647,                          nan,                      0.7613480517,                         1.30531502,                                nan,           299.9511371,             313.453021,                      0,            17147.02222,             16525.74976,                       0,      0.7150568983,      0.3502667877,                 0,                 0,                 0,      0.3415035688,      0.3565511895,      0.7119441267,                 0,      0.4898446383
         532,     0.05790556229,      -4.599734736,      -2.278110383,      0.7478912555,                         4,      -4.553642831,               2,       -4.18595154,   6.122571178e-09,   2.840907533e-06,      0.3180932314,       2.836151203,       2.639730152,         0.6378386736,          -0.663823896,                     0,      0.3838577731,      0.6560582267,                 0,       291.3782949,        288.584036,                 0,       15492.27811,        12359.15925,                  0,         0.185220229,          0.149511158,                    0,          301375.8061,           314894.0889,                     0,           104.5126632,           -135.6492861,                      0,        104.5124692,         135.2578718,                   0,                79.56950312,                 176.6499717,                           0,            -3.712540961e-06,              -0.005762649009,                          nan,                      0.7613398069,                        1.306023594,                                nan,           299.9650703,            313.4200743,                      0,            17149.93488,             16526.98955,                       0,      0.7154764965,      0.3500486327,                 0,                 0,                 0,      0.3416937906,      0.3570171682,      0.7120248618,                 0,      0.4892524554
         533,     0.05784144963,       -4.61052043,      -2.280911655,      0.7284575984,                         4,      -4.146328875,               3,      -5.800648097,   7.349118445e-09,   3.408780464e-06,      0.3817118776,       3.403381443,       3.167676182,          0.638153342,         -0.6636148699,                     0,       0.384047726,       0.655984794,                 0,       291.3793421,       288.5433313,                 0,       15492.43381,         12360.4864,                  0,        0.1852214261,         0.1495439945,                    0,          301385.4267,            314844.455,                     0,           104.5635058,           -135.5731293,                      0,        104.5633278,         135.1806153,                   0,                79.61043544,                 176.6572648,                           0,            -3.404281071e-06,              -0.005782057575,                          nan,                      0.7613609579,                        1.306823944,                                nan,           299.9746459,            313.3706727,                      0,            17151.80787,             16527.78698,                       0,      0.7160048734,      0.3497208602,                 0,                 0,                 0,       0.341933922,      0.3576361043,      0.7120843179,                 0,      0.4884336311
         534,     0.05778190579,      -4.623344045,      -2.283725926,      0.7048043648,                         5,      -4.647005235,               3,      -5.416527211,   8.821762618e-09,   4.090107062e-06,      0.4580542532,       4.084057732,       3.801211419,         0.6384521639,         -0.6633750607,                     0,      0.3842554057,      0.6559094278,                 0,       291.3752567,       288.4838356,                 0,       15491.49104,        12361.45328,                  0,        0.1852127524,         0.1495815749,                    0,          301390.5393,           314774.4648,                     0,           104.6173176,           -135.4863519,                      0,        104.6171612,         135.0926623,                   0,                79.65557382,                 176.6626004,                           0,            -2.989983842e-06,              -0.005803057602,                          nan,                      0.7614006434,                        1.307714256,                                nan,           299.9797346,            313.3010101,                      0,            17152.62422,             16528.12954,                       0,      0.7166827646,      0.3492511309,                 0,                 0,                 0,      0.3422437717,      0.3584599993,      0.7121214548,                 0,      0.4873162131
         535,     0.05772537463,      -4.636994212,      -2.287680011,      0.6787676441,                         5,      -4.193141238,               3,       -5.04350342,   1.058999555e-08,   4.907528874e-06,      0.5496651038,       4.900869278,       4.561453702,         0.6387610801,         -0.6631145227,                     0,      0.3844923822,      0.6558280806,                 0,       291.3659596,       288.4020117,                 0,       15489.48591,        12362.14463,                  0,        0.1851946893,         0.1496266359,                    0,          301391.5843,           314680.0049,                     0,           104.6780944,           -135.3884891,                      0,         104.677961,         134.9936209,                   0,                 79.7061695,                 176.6629704,                           0,            -2.549068911e-06,              -0.005824607696,                          nan,                      0.7614417471,                        1.308676435,                                nan,           299.9807748,            313.2069924,                      0,            17152.52769,              16528.0736,                       0,      0.7175666852,      0.3486191106,                 0,                 0,                 0,      0.3426511475,      0.3595461316,      0.7121543451,                 0,      0.4858351396
         536,     0.05767394637,       -4.64948012,      -2.293265459,      0.6542114603,                         6,      -4.470774233,               3,      -4.682716182,   1.271329232e-08,   5.888192193e-06,      0.6595981246,       5.881043134,       5.473744443,         0.6391164459,         -0.6628537506,                     0,      0.3847739907,      0.6557362202,                 0,        291.351737,       288.2939735,                 0,       15486.55083,        12362.68914,                  0,         0.185168636,         0.1496825991,                    0,          301389.5508,           314556.5389,                     0,           104.7510231,            -135.280552,                      0,        104.7509097,          134.884568,                   0,                79.76417083,                 176.6539894,                           0,             -2.16645448e-06,              -0.005845694704,                          nan,                      0.7614651853,                        1.309667903,                                nan,           299.9787507,            313.0841043,                      0,            17151.80266,             16527.72187,                       0,      0.7187310041,      0.3478279886,                 0,                 0,                 0,      0.3431926148,      0.3609517273,      0.7122305922,                 0,      0.4839473831
         537,     0.05762623717,      -4.659095231,      -2.300034555,      0.6350464659,                         7,      -4.611904638,               3,       -4.33536012,   1.526313686e-08,    7.06463843e-06,      0.7915177495,       7.057251761,       6.568493331,         0.6395583354,         -0.6626234421,                     0,      0.3851179575,      0.6556289777,                 0,        291.333022,       288.1552514,                 0,       15482.84715,        12363.20884,                  0,        0.1851362445,         0.1497530868,                    0,          301385.6903,           314398.8576,                     0,           104.8417589,             -135.16544,                      0,         104.841659,         134.7684237,                   0,                79.83231587,                   176.62956,                           0,            -1.906858429e-06,              -0.005865897233,                          nan,                      0.7614560534,                        1.310615315,                                nan,           299.9749083,            312.9271612,                      0,            17150.78755,             16527.15694,                       0,      0.7202684902,      0.3469147394,                 0,                 0,                 0,      0.3439129341,      0.3627281751,      0.7124358254,                 0,      0.4816464194
         538,     0.05757809944,      -4.665629586,      -2.306898003,      0.6220539641,                         7,      -4.112092761,               3,      -4.001524277,   1.832546281e-08,   8.475873392e-06,      0.9498212994,       8.468702113,       7.882191997,         0.6401228977,          -0.662459597,                     0,      0.3855429473,      0.6555001952,                 0,        291.310019,        287.980502,                 0,       15478.46547,        12363.74475,                  0,        0.1850984653,         0.1498411819,                    0,          301381.0634,           314200.6855,                     0,           104.9557117,           -135.0475461,                      0,        104.9556173,         134.6495732,                   0,                79.91410845,                 176.5816729,                           0,            -1.798830069e-06,              -0.005885135227,                          nan,                      0.7614085891,                        1.311416507,                                nan,           299.9703031,            312.7299167,                      0,            17149.75146,             16526.32692,                       0,      0.7222904143,      0.3459578336,                 0,                 0,                 0,      0.3448633703,      0.3649164359,      0.7128998948,                 0,      0.4789733143
         539,     0.05753428093,      -4.670126272,      -2.312862265,      0.6130246815,                         8,      -4.142640082,               4,      -4.706540381,   2.200359514e-08,   1.016865463e-05,       1.139785559,       10.16244254,       9.458630397,         0.6408387479,          -0.662391856,                     0,      0.3860682569,      0.6553393767,                 0,       291.2823233,        287.763362,                 0,        15473.3431,        12364.18668,                  0,        0.1850548032,         0.1499486662,                    0,          301376.1342,           313954.2896,                     0,           105.0978792,           -134.9308664,                      0,        105.0977828,         134.5321056,                   0,                80.01372136,                 176.5005682,                           0,             -1.83626196e-06,              -0.005901860689,                          nan,                      0.7613264453,                        1.311958714,                                nan,            299.965397,            312.4846742,                      0,            17148.80031,             16524.90688,                       0,      0.7249289022,      0.3450825922,                 0,                 0,                 0,      0.3461004619,      0.3675456692,      0.7138025565,                 0,      0.4760226708
         540,     0.05749479704,      -4.673034802,      -2.317393301,      0.6076209884,                         9,      -4.103548415,               4,      -4.306175812,   2.642179222e-08,    1.21990409e-05,       1.367742671,       12.19493104,       11.35035648,         0.6417305809,         -0.6624268341,                     0,      0.3867153239,      0.6551268062,                 0,       291.2487397,       287.4967908,                 0,       15467.24934,         12364.2693,                  0,        0.1850032539,         0.1500758283,                    0,          301370.6525,           313650.4958,                     0,           105.2734853,           -134.8155781,                      0,          105.27338,         134.4165747,                   0,                80.13593851,                 176.3755299,                           0,            -2.000202073e-06,              -0.005910488966,                          nan,                      0.7612174938,                        1.312156111,                                nan,           299.9599409,            312.1823024,                      0,             17147.8742,             16522.22591,                       0,      0.7283468831,      0.3444691871,                 0,                 0,                 0,      0.3476884109,      0.3706362987,      0.7153858658,                 0,      0.4729466071
         541,     0.05746164225,      -4.672920322,      -2.320023861,      0.6109033413,                        10,      -4.017079664,               5,      -4.759351133,   3.172950208e-08,    1.46342529e-05,       1.641291205,       14.63391725,       13.62042777,         0.6428283811,         -0.6625355999,                     0,      0.3875106644,      0.6548295157,                 0,       291.2073621,       287.1740942,                 0,       15459.83534,        12363.70265,                  0,         0.184940849,         0.1502225727,                    0,          301363.8722,           313279.5187,                     0,           105.4891958,           -134.6945974,                      0,        105.4890746,         134.2966006,                   0,                80.28623888,                 176.1962357,                           0,            -2.297508548e-06,              -0.005900887501,                          nan,                      0.7610858203,                        1.311993267,                                nan,           299.9531923,            311.8130618,                      0,            17146.82961,             16517.39248,                       0,      0.7327597882,      0.3443732888,                 0,                 0,                 0,      0.3497075875,       0.374204761,      0.7179837506,                 0,      0.4699675041
         542,      0.0574251814,      -4.667504967,      -2.319995498,      0.6292770262,                        10,      -3.566608149,               5,      -4.332201224,   3.810646843e-08,   1.755489937e-05,       1.969549446,        17.5607007,       16.34451333,         0.6441774084,         -0.6626575432,                     0,      0.3884896108,       0.654402308,                 0,       291.1556661,       286.7902498,                 0,       15450.68149,        12362.40628,                  0,        0.1848641606,         0.1503906451,                    0,          301354.8229,           312832.4928,                     0,           105.7544897,           -134.5529146,                      0,        105.7543419,         134.1579567,                   0,                80.47113154,                 175.9539771,                           0,             -2.79418154e-06,              -0.005862054749,                          nan,                      0.7609250841,                        1.311543359,                                nan,           299.9441854,            311.3681285,                      0,            17145.52647,             16509.63355,                       0,      0.7384655845,      0.3451716496,                 0,                 0,                 0,      0.3522679254,      0.3782597732,      0.7220764718,                 0,      0.4674173812
         543,     0.05739230515,      -4.656046505,      -2.316543299,      0.6622557632,                        10,      -3.168901468,               6,      -4.772241743,   4.576880128e-08,   2.105761648e-05,       2.363459336,       21.07284084,       19.61341599,         0.6458451526,         -0.6627240065,                     0,      0.3897009507,      0.6537958052,                 0,       291.0904511,       286.3425652,                 0,       15439.28804,        12360.66543,                  0,        0.1847692238,         0.1505852438,                    0,          301342.4707,           312302.7813,                     0,           106.0828693,           -134.3715585,                      0,        106.0826772,         133.9821601,                   0,                80.69915076,                 175.6418644,                           0,            -3.620543732e-06,              -0.005787448022,                          nan,                      0.7607194017,                        1.310934712,                                nan,            299.931891,            310.8408966,                      0,             17143.8614,             16498.62161,                       0,      0.7458724147,      0.3474373446,                 0,                 0,                 0,      0.3555234272,      0.3827787253,      0.7283672252,                 0,       0.465813372
         544,     0.05735965376,      -4.640189341,      -2.309180957,      0.7021936838,                        10,      -2.819511922,               6,      -4.323423993,    5.49761249e-08,   2.525815397e-05,      0.2363459336,       2.107284084,       1.961341599,         0.6479227406,         -0.6626900625,                     0,      0.3912114873,      0.6529682374,                 0,       291.0078774,       285.8305173,                 0,       15425.04522,        12359.04318,                  0,         0.184651149,         0.1508140812,                    0,          301325.9824,           311686.6595,                     0,           106.4923532,           -134.1349499,                      0,         106.492088,         133.7537318,                   0,                80.98277839,                 175.2539617,                           0,            -4.980337764e-06,              -0.005676020793,                          nan,                      0.7604581703,                        1.310273436,                                nan,           299.9154799,            310.2276588,                      0,            17141.77882,             16484.51439,                       0,       0.755530308,      0.3520133463,                 0,                 0,                 0,      0.3596946039,      0.3876883194,      0.7378598846,                 0,      0.4659155862
         545,     0.05729775678,      -4.622355936,      -2.297606889,      0.7417669746,                         4,      -4.755910708,               2,      -4.369872266,   5.503325584e-09,   2.524580859e-06,      0.2836151203,       2.528740901,       2.353609919,          0.648454541,         -0.6626524853,                     0,      0.3914992141,        0.65287709,                 0,       291.0164855,       285.7793419,                 0,       15426.83576,        12360.25583,                  0,        0.1846671241,         0.1508525366,                    0,          301348.0645,           311624.5134,                     0,           106.5705164,           -134.0878777,                      0,        106.5702536,         133.7081928,                   0,                81.04583042,                 175.2315356,                           0,            -4.930394776e-06,              -0.005655207287,                          nan,                      0.7604920478,                        1.310551972,                                nan,           299.9374587,            310.1658036,                      0,            17146.39147,             16484.78507,                       0,      0.7562095319,      0.3523814343,                 0,                 0,                 0,      0.3599727711,      0.3880055669,      0.7385642906,                 0,      0.4659838569
         546,     0.05723723967,      -4.631166824,      -2.297794234,      0.7273008051,                         4,      -4.341657474,               2,      -4.098005396,   6.604897165e-09,   3.029275964e-06,      0.3403381443,       3.034489081,       2.824331903,          0.648953473,         -0.6626098602,                     0,      0.3918072018,      0.6527628966,                 0,       291.0183924,       285.7103148,                 0,       15427.19739,        12361.24357,                  0,        0.1846702451,         0.1508970581,                    0,          301364.1443,           311541.3631,                     0,           106.6506622,            -134.033622,                      0,        106.6504166,         133.6557891,                   0,                81.11518867,                 175.1973839,                           0,            -4.606348485e-06,              -0.005629935686,                          nan,                      0.7605707628,                        1.310810292,                                nan,           299.9534632,            310.0830425,                      0,             17149.6029,             16484.42784,                       0,      0.7570733451,      0.3528584139,                 0,                 0,                 0,      0.3603297085,      0.3884036634,       0.739467176,                 0,      0.4660822048
         547,     0.05718609197,      -4.642956649,       -2.29700226,      0.7078926583,                         5,       -4.88991137,               3,      -5.433571625,    7.92711085e-09,   3.634820598e-06,      0.4084057732,       3.641386898,       3.389198283,         0.6494331388,         -0.6625685618,                     0,      0.3921454959,      0.6526199072,                 0,       291.0126084,       285.6199993,                 0,       15425.94036,        12362.03361,                  0,        0.1846588696,          0.150949698,                    0,          301373.6589,           311433.0712,                     0,           106.7359989,           -133.9715334,                      0,        106.7357816,         133.5959537,                   0,                 81.1919239,                 175.1481739,                           0,            -4.070716668e-06,              -0.005598999605,                          nan,                       0.760681401,                        1.311029033,                                nan,           299.9629332,            309.9752575,                      0,            17151.29368,             16483.39433,                       0,      0.7581854946,      0.3534837885,                 0,                 0,                 0,      0.3607943988,       0.388909379,      0.7406385947,                 0,      0.4662233596
         548,     0.05713273934,      -4.656719623,      -2.296727966,      0.6849315458,                         5,      -4.427374668,               3,      -5.052707873,   9.514201874e-09,   4.361339034e-06,      0.4900869278,       4.369664277,        4.06703794,         0.6499264695,         -0.6625416998,                     0,      0.3925306242,      0.6524429923,                 0,       290.9986043,        285.504824,                 0,       15423.01857,         12362.6985,                  0,        0.1846327796,         0.1510131343,                    0,          301376.8217,           311295.3994,                     0,           106.8320988,           -133.9017477,                      0,        106.8319149,           133.52892,                   0,                81.27783061,                 175.0802206,                           0,            -3.443449616e-06,              -0.005560922725,                          nan,                      0.7608010276,                        1.311178287,                                nan,           299.9660812,            309.8382302,                      0,             17151.5636,             16481.70244,                       0,      0.7596269855,      0.3543122058,                 0,                 0,                 0,       0.361403714,      0.3895540355,      0.7421711054,                 0,      0.4664291983
         549,     0.05708267127,      -4.670303037,      -2.298105413,      0.6621669152,                         6,      -4.751889703,               3,      -4.683830418,   1.141928467e-08,   5.232949912e-06,      0.5881043134,       5.243597132,       4.880445528,         0.6504843313,         -0.6625500649,                     0,      0.3929854212,      0.6522288399,                 0,       290.9764334,       285.3610252,                 0,       15418.54206,        12363.33368,                  0,        0.1845932546,         0.1510904409,                    0,          301374.7428,           311124.0312,                     0,           106.9466268,           -133.8255949,                      0,        106.9464731,         133.4561191,                   0,                81.37573207,                 174.9896403,                           0,             -2.87409703e-06,              -0.005514127213,                          nan,                      0.7609015025,                        1.311214813,                                nan,            299.964012,            309.6676642,                      0,            17150.74436,             16479.42291,                       0,      0.7614955591,      0.3554176805,                 0,                 0,                 0,      0.3622017486,      0.3903705314,      0.7441828152,                 0,      0.4667363798
         550,     0.05703226969,      -4.681352227,       -2.30137403,      0.6443291989,                         6,      -4.271938402,               3,      -4.327929966,   1.370614089e-08,   6.278547153e-06,      0.7057251761,       6.292316559,       5.856534633,         0.6511674067,         -0.6626202997,                     0,        0.39353716,       0.651976726,                 0,       290.9465999,       285.1845678,                 0,       15412.72057,        12364.00973,                  0,        0.1845424796,         0.1511845632,                    0,          301369.2091,           310914.5366,                     0,           107.0883467,           -133.7456871,                      0,        107.0882126,         133.3802676,                   0,                81.48968153,                 174.8725566,                           0,            -2.504230058e-06,              -0.005456928632,                          nan,                      0.7609584617,                        1.311082665,                                nan,           299.9585043,            309.4591502,                      0,            17149.32029,             16476.62586,                       0,      0.7639030054,      0.3568979018,                 0,                 0,                 0,      0.3632377271,      0.3913885941,      0.7468191764,                 0,      0.4672031649
         551,        0.05929555,      -4.688955765,      -2.305861179,      0.6336217743,                         7,      -4.413211735,               4,      -5.118693387,   1.645136626e-08,   7.532737113e-06,      0.8468702113,       7.550779871,        7.02784156,         0.6520333878,         -0.6627786431,                     0,      0.3942144799,      0.6516879994,                 0,       290.9096849,       284.9710422,                 0,       15405.74474,        12364.70649,                  0,        0.1844823616,         0.1512975892,                    0,          301362.1591,           310662.2145,                     0,            107.265701,           -133.6652259,                      0,        107.2655703,         133.3047206,                   0,                81.62495157,                  174.725374,                           0,            -2.435641331e-06,              -0.005386878173,                          nan,                      0.7609613348,                         1.31072158,                                nan,           299.9514873,            309.2080093,                      0,            17147.76866,             16473.28456,                       0,      0.7669727932,       0.358879209,                 0,                 0,                 0,      0.3645640014,      0.3926298798,      0.7502555096,                 0,      0.4679164792
         552,      0.0592473953,      -4.694153667,      -2.310574702,      0.6280874241,                         8,      -4.456669433,               4,      -4.695458028,   1.974694741e-08,   9.036973819e-06,       1.016244254,       9.060935845,       8.433409872,         0.6531257752,         -0.6630388852,                     0,      0.3950445195,      0.6513630901,                 0,       290.8658206,       284.7158338,                 0,       15397.65836,        12365.25855,                  0,        0.1844133334,         0.1514300203,                    0,          301355.0095,           310362.0469,                     0,           107.4856632,           -133.5860716,                      0,        107.4855177,         133.2316421,                   0,                81.78772259,                 174.5451273,                           0,            -2.707855406e-06,              -0.005299344894,                          nan,                      0.7609185343,                        1.310087638,                                nan,           299.9443711,            308.9092467,                      0,            17146.39189,             16469.15999,                       0,      0.7708413566,      0.3615226094,                 0,                 0,                 0,      0.3662360609,      0.3941053494,       0.754702569,                 0,      0.4689974224
         553,     0.05920602798,       -4.69823077,       -2.31483093,      0.6251479568,                         9,      -4.432603397,               4,      -4.293119701,   2.370335192e-08,   1.084094244e-05,       1.219493104,       10.87312301,       10.12009185,         0.6544710427,         -0.6633874787,                     0,      0.3960516884,      0.6509959274,                 0,       290.8143691,       284.4148884,                 0,       15388.30549,        12365.37371,                  0,        0.1843339222,         0.1515806242,                    0,          301348.2682,           310009.1152,                     0,           107.7535296,            -133.505791,                      0,        107.7533524,         133.1591314,                   0,                81.98453732,                 174.3298104,                           0,             -3.28814939e-06,              -0.005186434591,                          nan,                      0.7608537042,                        1.309184046,                                nan,           299.9376614,            308.5579671,                      0,            17145.24765,             16463.74916,                       0,      0.7756692349,      0.3650320544,                 0,                 0,                 0,      0.3683183162,      0.3958191156,      0.7604198777,                 0,      0.4706027234
         554,     0.05916950342,      -4.700682118,      -2.318178093,      0.6260960833,                        10,      -4.355727996,               5,      -4.783908074,   2.845323361e-08,   1.300423755e-05,       1.463391725,       13.04774762,       12.14411022,         0.6560861474,          -0.663775806,                     0,      0.3972584662,      0.6505682032,                 0,       290.7539272,       284.0664808,                 0,       15377.38204,        12364.79111,                  0,        0.1842413623,         0.1517474718,                    0,          301341.5788,           309600.1056,                     0,            108.073815,           -133.4153927,                      0,        108.0735934,         133.0788697,                   0,                 82.2215668,                 174.0784529,                           0,            -4.101647638e-06,              -0.005038378684,                          nan,                      0.7607923843,                        1.308084847,                                nan,           299.9310033,             308.150872,                      0,            17144.21374,             16456.42329,                       0,      0.7816682282,      0.3696657474,                 0,                 0,                 0,      0.3708995342,      0.3977831914,       0.767741178,                 0,       0.472918988
         555,     0.05912918741,      -4.699307495,      -2.319815027,      0.6356673365,                        10,      -3.866671017,               5,      -4.349957614,   3.415589201e-08,   1.559837389e-05,        1.75607007,       15.65729714,       14.57293226,         0.6579927593,         -0.6641330673,                     0,      0.3986883883,      0.6500487325,                 0,       290.6824024,       283.6736898,                 0,       15364.51746,        12363.55003,                  0,        0.1841325211,         0.1519299363,                    0,          301333.9417,           309135.9651,                     0,           108.4520824,            -133.300692,                      0,        108.4518051,         132.9771736,                   0,                 82.5039079,                 173.7906461,                           0,            -5.114711848e-06,              -0.004848074568,                          nan,                      0.7607425977,                         1.30692089,                                nan,           299.9234019,            307.6889042,                      0,            17143.10692,             16446.78881,                       0,      0.7891464538,      0.3757542241,                 0,                 0,                 0,      0.3741190669,      0.4000423753,      0.7771161177,                 0,       0.476152712
         556,       0.059092314,       -4.69246541,      -2.318436956,       0.656521832,                        10,       -3.43832004,               6,      -4.856924567,   4.100267033e-08,   1.870914892e-05,       2.107284084,       18.78875657,       17.48751871,         0.6602324632,         -0.6644026121,                     0,      0.4003723256,      0.6494028127,                 0,       290.5968503,       283.2459443,                 0,       15349.28123,        12362.15591,                  0,        0.1840040772,         0.1521298816,                    0,          301323.8444,            308624.287,                     0,           108.8973724,           -133.1490456,                      0,        108.8970236,         132.8414135,                   0,                82.83585384,                 173.4656108,                           0,             -6.40627824e-06,              -0.004615529536,                          nan,                      0.7606806053,                        1.305809733,                                nan,           299.9133519,            307.1796212,                      0,             17141.7493,             16435.04607,                       0,      0.7985560163,      0.3837357306,                 0,                 0,                 0,      0.3781944555,      0.4026907324,      0.7891672802,                 0,      0.4805370228
         557,     0.05905661165,      -4.681092922,      -2.312821323,      0.6851904985,                        10,      -3.063419776,               6,      -4.410770861,   4.922343154e-08,   2.243935119e-05,       2.528740901,       22.54650788,       20.98502245,         0.6628756352,         -0.6645809947,                     0,      0.4023574853,      0.6486089435,                 0,       290.4934757,        282.797705,                 0,       15331.13904,        12361.37856,                  0,        0.1838519882,         0.1523498125,                    0,          301309.6981,            308079.115,                     0,           109.4240212,           -132.9587312,                      0,        109.4235732,         132.6693992,                   0,                83.22356605,                 173.1012616,                           0,            -8.187110419e-06,              -0.004347472354,                          nan,                      0.7605634105,                        1.304756505,                                nan,           299.8992718,            306.6370012,                      0,            17140.00549,             16421.94807,                       0,      0.8104871681,      0.3941978519,                 0,                 0,                 0,      0.3834187708,      0.4058417231,      0.8047197598,                 0,      0.4863714904
         558,     0.05902071717,      -4.667704072,       -2.30263665,       0.715662399,                        10,      -2.732570651,               6,      -4.008755055,   5.909435893e-08,   2.691184339e-05,      0.2528740901,       2.254650788,       2.098502245,         0.6660134426,          -0.664727665,                     0,      0.4047113322,      0.6476708002,                 0,       290.3685518,       282.3446409,                 0,        15309.5056,         12361.7312,                  0,        0.1836715349,         0.1525884122,                    0,          301291.0031,           307517.6632,                     0,           110.0503798,           -132.7441631,                      0,        110.0497831,         132.4749255,                   0,                83.67929819,                 172.6937832,                           0,            -1.084533703e-05,              -0.004052375336,                          nan,                      0.7603767663,                        1.303596002,                                nan,           299.8806643,            306.0781775,                      0,             17137.8829,             16408.26038,                       0,      0.8255217029,      0.4078424343,                 0,                 0,                 0,      0.3900778396,      0.4095328382,       0.824684417,                 0,      0.4940420499
         559,     0.05895645732,      -4.653308523,      -2.288734574,      0.7455393396,                         4,      -4.673001164,               2,      -4.062430119,   5.912270035e-09,    2.68943407e-06,      0.3034489081,       2.705580946,       2.518202694,         0.6668158831,         -0.6647907432,                     0,      0.4051516011,      0.6475957255,                 0,       290.3806479,       282.2869055,                 0,       15312.05715,        12362.82547,                  0,         0.183694502,         0.1526309999,                    0,           301324.356,            307449.476,                     0,           110.1691282,           -132.7118214,                      0,        110.1685436,         132.4464744,                   0,                83.77639775,                 172.6672297,                           0,            -1.061254166e-05,              -0.003994847128,                          nan,                      0.7604384611,                        1.303675545,                                nan,           299.9138612,            306.0103095,                      0,             17144.8825,             16408.48868,                       0,      0.8265428947,      0.4087544375,                 0,                 0,                 0,      0.3905182878,      0.4097925058,      0.8260287218,                 0,       0.494535057
         560,     0.05889330214,      -4.665937789,      -2.290361404,      0.7279570347,                         4,      -4.265249755,               3,      -5.509217569,   7.095041964e-09,   3.227015985e-06,      0.3641386898,       3.246697135,       3.021843233,          0.667555529,          -0.664876474,                     0,      0.4056186927,      0.6475029322,                 0,       290.3823261,       282.2138287,                 0,       15312.36579,        12363.80835,                  0,        0.1836971483,         0.1526803492,                    0,          301348.1874,            307363.317,                     0,           110.2896189,           -132.6769233,                      0,        110.2890779,         132.4162776,                   0,                83.88227027,                 172.6294301,                           0,            -9.810731895e-06,              -0.003925168508,                          nan,                      0.7605673369,                         1.30368738,                                nan,           299.9375809,            305.9245538,                      0,            17149.62829,             16408.28248,                       0,      0.8278514427,      0.4099393586,                 0,                 0,                 0,      0.3910895439,      0.4101153726,      0.8277642599,                 0,      0.4951846883
         561,     0.05883586708,      -4.681735328,      -2.291373719,      0.7063034938,                         5,      -4.788632297,               3,      -5.129778967,   8.514489125e-09,   3.871980964e-06,      0.4369664277,       3.896036562,        3.62621188,         0.6682544623,          -0.664997859,                     0,      0.4061271647,      0.6473902522,                 0,        290.372389,       282.1234183,                 0,       15310.21085,        12364.71046,                  0,        0.1836775854,         0.1527379501,                    0,           301361.947,            307256.852,                     0,           110.4166946,            -132.640743,                      0,        110.4162191,         132.3856538,                   0,                83.99826721,                 172.5776894,                           0,            -8.612808995e-06,              -0.003842619025,                          nan,                      0.7607421073,                         1.30359812,                                nan,           299.9512761,            305.8185872,                      0,            17152.00978,             16407.64512,                       0,      0.8295466774,      0.4114953819,                 0,                 0,                 0,      0.3918389019,      0.4105209548,      0.8300293278,                 0,      0.4960484962
         562,     0.05877904991,      -4.699173754,      -2.293496434,      0.6825204902,                         5,      -4.331359037,               3,      -4.764171374,   1.021799845e-08,   4.645731624e-06,      0.5243597132,       4.675243874,       4.351454256,         0.6689636348,         -0.6651705958,                     0,       0.406700557,      0.6472565275,                 0,       290.3504641,       282.0138649,                 0,       15305.61637,        12365.55693,                  0,        0.1836363328,         0.1528051495,                    0,          301366.3711,           307128.0131,                     0,           110.5585414,           -132.6052786,                      0,        110.5581377,         132.3566082,                   0,                84.12672729,                 172.5091817,                           0,            -7.302955973e-06,              -0.003747017635,                          nan,                      0.7609274994,                        1.303366594,                                nan,           299.9556796,            305.6903514,                      0,            17152.27608,              16406.5867,                       0,      0.8317480914,      0.4135388384,                 0,                 0,                 0,      0.3928227996,      0.4110338103,      0.8329888746,                 0,      0.4971924105
         563,     0.05872825762,      -4.715495924,      -2.297718846,      0.6606130393,                         6,      -4.626475532,               3,      -4.414044538,   1.226246115e-08,   5.573903094e-06,      0.6292316559,       5.610292649,       5.221745107,         0.6697577665,         -0.6654091357,                     0,      0.4073700266,      0.6471014489,                 0,       290.3171578,       281.8836017,                 0,       15298.85327,        12366.32925,                  0,        0.1835762482,         0.1528826535,                    0,          301363.5816,           306975.0496,                     0,           110.7258834,           -132.5728654,                      0,        110.7255402,         132.3314674,                   0,                84.27133058,                 172.4211812,                           0,            -6.199619783e-06,              -0.003638426048,                          nan,                      0.7610830386,                        1.302949212,                                nan,           299.9529031,            305.5381039,                      0,            17151.02636,              16405.0714,                       0,      0.8345894991,       0.416199783,                 0,                 0,                 0,      0.3941034252,      0.4116815732,      0.8368274456,                 0,      0.4986880178
         564,     0.05867497221,      -4.728196499,      -2.303921607,      0.6445307174,                         6,      -4.154689494,               3,      -4.081002026,   1.471618636e-08,   6.687186508e-06,      0.7550779871,       6.732351179,       6.266094128,          0.670719679,         -0.6657204961,                     0,      0.4081702526,      0.6469243612,                 0,       290.2737841,        281.731575,                 0,       15290.33108,        12366.93666,                  0,        0.1835014024,         0.1529700343,                    0,          301356.6137,           306796.7301,                     0,           110.9300632,           -132.5452948,                      0,        110.9297547,          132.312047,                   0,                84.43720722,                 172.3113746,                           0,            -5.562307596e-06,              -0.003516421665,                          nan,                      0.7611772644,                         1.30231055,                                nan,           299.9459678,            305.3606192,                      0,            17149.05075,             16402.96278,                       0,      0.8382101172,      0.4196174059,                 0,                 0,                 0,      0.3957437199,      0.4124906391,      0.8417401265,                 0,      0.5006112397
         565,     0.05862789788,      -4.737002621,      -2.311195611,      0.6348090186,                         7,      -4.283869217,               4,      -4.879829264,     1.7661199e-08,   8.022323301e-06,      0.9060935845,       8.078821415,       7.519312954,         0.6719189207,         -0.6660979955,                     0,      0.4091336991,      0.6467221732,                 0,       290.2217617,       281.5577229,                 0,       15280.40999,        12367.22495,                  0,        0.1834152081,          0.153065581,                    0,          301348.5219,           306592.7099,                     0,           111.1806296,           -132.5225996,                      0,        111.1803229,         132.2984969,                   0,                84.63063721,                 172.1781978,                           0,            -5.518383546e-06,              -0.003379246645,                          nan,                      0.7612015781,                        1.301437294,                                nan,           299.9379138,            305.1575539,                      0,            17147.06624,             16400.00691,                       0,      0.8427452778,      0.4239376193,                 0,                 0,                 0,      0.3978023491,      0.4134802399,      0.8479249964,                 0,       0.503043601
         566,     0.05858366138,      -4.743871702,      -2.318601608,      0.6283651311,                         8,      -4.325584193,               4,      -4.492297044,   2.119599455e-08,   9.623319146e-06,       1.087312301,       9.694585698,       9.023175545,          0.673395822,         -0.6665179036,                     0,      0.4102858356,      0.6464868181,                 0,       290.1618445,       281.3637691,                 0,         15269.227,        12367.04461,                  0,        0.1833188202,          0.153166712,                    0,          301341.3555,           306364.2083,                     0,           111.4836638,           -132.5020049,                      0,        111.4833281,         132.2882605,                   0,                84.85824986,                  172.021019,                           0,            -6.023787159e-06,              -0.003223679818,                          nan,                      0.7611743507,                        1.300349844,                                nan,           299.9307811,            304.9301219,                      0,            17145.47678,             16395.88972,                       0,      0.8483191225,      0.4293124447,                 0,                 0,                 0,      0.4003301241,      0.4146570037,      0.8555782127,                 0,      0.5060742276
         567,     0.05854361285,      -4.750399684,      -2.325504755,       0.622767352,                         9,      -4.292542752,               4,      -4.135077582,   2.543883971e-08,   1.154292792e-05,       1.304774762,       11.63350284,       10.82781065,         0.6751606585,         -0.6669431596,                     0,      0.4116434703,      0.6462038642,                 0,       290.0937423,       281.1540388,                 0,        15256.6568,        12366.36783,                  0,        0.1832109034,         0.1532709708,                    0,          301335.6855,           306114.7999,                     0,           111.8417928,           -132.4779409,                      0,         111.841408,         132.2759853,                   0,                85.12590923,                 171.8399316,                           0,            -6.880806215e-06,              -0.003046570488,                          nan,                      0.7611305218,                        1.299101506,                                nan,           299.9251376,             304.681881,                      0,            17144.31299,             16390.37726,                       0,      0.8550403626,      0.4358996663,                 0,                 0,                 0,      0.4033684182,      0.4160117921,      0.8648911663,                 0,      0.5098001046
         568,     0.05850673374,      -4.755273828,      -2.331122542,      0.6203134415,                        10,      -4.204340248,               5,      -4.660320356,   3.053173223e-08,   1.384444325e-05,       1.565729714,        13.9602034,       12.99337278,         0.6772085612,         -0.6673366978,                     0,      0.4132167867,      0.6458547087,                 0,       290.0162027,        280.935834,                 0,        15242.4155,         12365.3973,                  0,        0.1830888212,          0.153377146,                    0,          301330.7839,           305850.9892,                     0,           112.2559648,            -132.444024,                      0,        112.2555236,         132.2552901,                   0,                 85.4375452,                 171.6351832,                           0,            -7.861508675e-06,              -0.002847986947,                          nan,                      0.7610988081,                        1.297756658,                                nan,           299.9202589,            304.4193052,                      0,              17143.367,             16383.49539,                       0,      0.8629975611,      0.4438580742,                 0,                 0,                 0,      0.4069478255,      0.4175188295,      0.8760438388,                 0,      0.5143213541
         569,     0.05847491263,      -4.754441201,      -2.334199561,      0.6273802005,                        10,      -3.725763058,               5,      -4.311623596,    3.66451673e-08,    1.66038232e-05,       1.878875657,       16.75224409,       15.59204734,         0.6795414795,         -0.6676821795,                     0,      0.4150149169,      0.6454246148,                 0,       289.9271954,       280.7185236,                 0,        15226.1819,        12364.56805,                  0,        0.1829499713,           0.15348575,                    0,          301325.0837,           305581.8185,                     0,           112.7283111,           -132.3970559,                      0,        112.7278097,         132.2225669,                   0,                85.79459009,                  171.406792,                           0,            -8.895225367e-06,              -0.002634107053,                          nan,                      0.7610774156,                         1.29635051,                                nan,           299.9145854,            304.1513945,                      0,            17142.38142,             16375.64528,                       0,      0.8722497281,      0.4533385772,                 0,                 0,                 0,       0.411085215,      0.4191336082,      0.8891920334,                 0,      0.5197348449
         570,     0.05844373292,      -4.744982697,      -2.333572773,      0.6475378051,                        10,      -3.309591948,               5,      -4.021528373,   4.398386344e-08,   1.991216032e-05,       2.254650788,        20.1026929,       18.71045681,         0.6821855309,         -0.6680029119,                     0,      0.4170549829,      0.6449158545,                 0,       289.8239707,       280.5106908,                 0,       15207.61771,        12364.37227,                  0,        0.1827919886,         0.1535983586,                    0,          301316.6797,           305316.7368,                     0,           113.2649226,           -132.3414173,                      0,        113.2643479,         132.1813525,                   0,                86.19743555,                 171.1551588,                           0,            -1.014776632e-05,              -0.002417504383,                          nan,                      0.7610288425,                        1.294851017,                                nan,           299.9062208,            303.8875536,                      0,            17141.15958,             16367.54924,                       0,      0.8827994233,      0.4644813537,                 0,                 0,                 0,       0.415773455,      0.4207732176,      0.9044488095,                 0,      0.5261459641
         571,     0.05840913864,      -4.728908896,      -2.329105007,      0.6760946206,                        10,      -2.948980297,               6,      -4.581291653,   5.278944467e-08,    2.38784928e-05,       2.254650788,        20.1026929,       18.71045681,          0.685192371,         -0.6683647966,                     0,       0.419370544,      0.6443590049,                 0,       289.7035943,       280.3157644,                 0,       15186.36013,        12365.05808,                  0,        0.1826123154,         0.1537162357,                    0,          301304.3072,           305061.6879,                     0,           113.8763637,           -132.2906541,                      0,        113.8756827,         132.1440832,                   0,                86.64972609,                 170.8825765,                           0,            -1.195964335e-05,              -0.002214665286,                          nan,                      0.7609150966,                        1.293153445,                                nan,           299.8939061,            303.6336986,                      0,            17139.64123,             16360.00087,                       0,      0.8945056443,      0.4774018416,                 0,                 0,                 0,      0.4209397613,      0.4222555403,      0.9218205491,                 0,      0.5337046721
         572,     0.05837229302,      -4.710511429,      -2.321831134,      0.7059379797,                        10,      -2.984173435,               6,      -4.697927675,   5.280019645e-08,   2.386086604e-05,       2.254650788,        20.1026929,       18.71045681,         0.6882900184,         -0.6688049053,                     0,      0.4217222496,      0.6438879675,                 0,       289.5889997,        280.149476,                 0,       15166.59382,        12366.32136,                  0,        0.1824467917,         0.1538264075,                    0,          301300.2564,            304843.896,                     0,           114.4952553,           -132.2654566,                      0,        114.4944537,         132.1299405,                   0,                87.11439141,                 170.6357814,                           0,            -1.400136602e-05,              -0.002048104402,                          nan,                      0.7608612346,                        1.291424039,                                nan,           299.8898744,            303.4169262,                      0,            17140.24447,             16354.52052,                       0,      0.9049218168,      0.4896035636,                 0,                 0,                 0,      0.4255021814,      0.4231472273,      0.9378387751,                 0,      0.5410451539
         573,        0.05833625,      -4.701384843,      -2.317274444,      0.7213695016,                        10,      -3.003589169,               5,      -4.076630047,   5.281144178e-08,   2.384329814e-05,       2.705580946,       24.12323148,       22.45254817,         0.6913641797,         -0.6693263554,                     0,      0.4240823139,      0.6435164896,                 0,       289.4761213,       279.9992241,                 0,       15146.99482,        12367.35351,                  0,        0.1822820701,          0.153925539,                    0,          301298.9568,           304650.7012,                     0,           115.1108468,            -132.269852,                      0,        115.1099287,         132.1427248,                   0,                87.58828101,                 170.4109942,                           0,            -1.595216543e-05,              -0.001921316741,                          nan,                      0.7609098714,                        1.289598005,                                nan,           299.8885808,            303.2246357,                      0,            17141.20945,             16350.22235,                       0,      0.9139372292,      0.5010614919,                 0,                 0,                 0,      0.4294020575,      0.4233753771,      0.9524164886,                 0,      0.5482449734
         574,     0.05830302904,      -4.701485328,      -2.316198258,      0.7240672819,                        10,      -2.660943861,               6,      -4.483786772,   6.338755275e-08,   2.859044167e-05,      0.2705580946,       2.412323148,       2.245254817,         0.6947043001,         -0.6699642379,                     0,      0.4267209065,      0.6431992202,                 0,       289.3405493,       279.8341716,                 0,       15122.95891,        12367.81682,                  0,        0.1820780781,         0.1540267496,                    0,          301288.4129,           304445.0129,                     0,           115.7969585,           -132.2999625,                      0,        115.7958875,          132.178365,                   0,                88.11635595,                 170.1755387,                           0,            -1.849848912e-05,              -0.001837365162,                          nan,                      0.7609627412,                        1.287468934,                                nan,           299.8780862,            303.0199102,                      0,            17139.99031,             16346.02957,                       0,      0.9227743561,      0.5138665841,                 0,                 0,                 0,      0.4331064298,      0.4226453398,      0.9679577963,                 0,      0.5568713312
         575,     0.05825258281,      -4.698831616,      -2.315077616,      0.7306855625,                         4,      -4.558934263,               2,      -4.483386943,   6.340267127e-09,   2.856567676e-06,      0.3246697135,       2.894787778,       2.694305781,         0.6955333974,         -0.6701128293,                     0,      0.4271952176,       0.643218482,                 0,       289.3525368,       279.8112406,                 0,       15125.32535,        12367.62017,                  0,        0.1820990381,         0.1540372716,                    0,          301324.4333,           304421.0206,                     0,           115.9216519,           -132.3159638,                      0,        115.9206224,         132.1966854,                   0,                88.22463109,                 170.1640837,                           0,            -1.776167468e-05,              -0.001802120204,                          nan,                      0.7610779621,                         1.28720386,                                nan,            299.913938,            302.9960303,                      0,            17147.36179,             16345.88964,                       0,        0.92329063,      0.5146034774,                 0,                 0,                 0,      0.4333174426,      0.4226094732,      0.9688568313,                 0,      0.5573580633
         576,     0.05819360399,      -4.713891425,      -2.318272565,      0.7097387469,                         4,      -4.148567749,               2,      -4.231713006,   7.608557255e-09,    3.42731551e-06,      0.3896036562,       3.473745334,       3.233166937,         0.6962854813,         -0.6702826223,                     0,      0.4276965079,      0.6432314638,                 0,       289.3527303,       279.7833237,                 0,       15125.13959,        12367.39152,                  0,        0.1820966891,         0.1540504324,                    0,          301349.5341,           304391.0313,                     0,            116.048269,           -132.3341029,                      0,        116.0473217,         132.2170936,                   0,                88.34069916,                 170.1455315,                           0,             -1.63262484e-05,              -0.001767610244,                          nan,                      0.7612472039,                        1.286864859,                                nan,           299.9389213,            302.9661814,                      0,            17152.11199,             16345.61674,                       0,      0.9239503832,      0.5155909758,                 0,                 0,                 0,      0.4335908165,      0.4225358768,      0.9700421628,                 0,      0.5580288565
         577,     0.05813792457,      -4.731829448,      -2.320625218,      0.6851756361,                         5,       -4.64815502,               3,      -5.593689179,     9.1306127e-09,   4.111980233e-06,      0.4675243874,         4.1684944,       3.879800324,         0.6969891901,         -0.6704684336,                     0,      0.4282403056,      0.6432350516,                 0,       289.3403756,       279.7496578,                 0,       15122.27693,        12367.08572,                  0,        0.1820700048,         0.1540661381,                    0,          301363.7062,           304353.9638,                     0,           116.1823175,           -132.3536052,                      0,        116.1814775,         132.2387149,                   0,                88.46571968,                 170.1184653,                           0,            -1.445985083e-05,              -0.001735358603,                          nan,                      0.7614442646,                        1.286449777,                                nan,           299.9530271,            302.9292874,                      0,            17154.25252,             16345.11118,                       0,      0.9247910378,      0.5169106169,                 0,                 0,                 0,       0.433942327,      0.4224049081,      0.9716013293,                 0,      0.5589485578
         578,     0.05808525527,       -4.75164442,      -2.323766115,      0.6579045133,                         5,      -4.194686508,               3,      -5.230614383,   1.095723216e-08,   4.933250045e-06,      0.5610292649,        5.00219328,       4.655760389,         0.6977011962,         -0.6706594286,                     0,      0.4288497591,      0.6432251238,                 0,       289.3157928,       279.7095512,                 0,        15116.9065,        12366.64638,                  0,        0.1820208143,         0.1540841058,                    0,          301368.4446,           304308.7423,                     0,           116.3321749,           -132.3727105,                      0,        116.3314461,         132.2597038,                   0,                88.60181149,                 170.0818126,                           0,            -1.252998202e-05,              -0.001706673068,                          nan,                      0.7616325118,                        1.285968497,                                nan,           299.9577434,            302.8842776,                      0,             17154.2048,             16344.24486,                       0,      0.9258464653,      0.5186457031,                 0,                 0,                 0,      0.4343844884,      0.4221930306,      0.9736211212,                 0,      0.5601854331
         579,     0.05803465759,      -4.770987577,       -2.32845588,      0.6308424818,                         6,      -4.467851146,               3,       -4.87668534,   1.314939008e-08,    5.91831019e-06,      0.6732351179,       6.002631936,       5.586912467,         0.6984960997,         -0.6708394304,                     0,      0.4295524509,      0.6431967791,                 0,       289.2804512,       279.6625083,                 0,       15109.46481,        12366.03158,                  0,        0.1819534387,         0.1541041139,                    0,          301366.6699,           304254.4509,                     0,           116.5076237,           -132.3885083,                      0,        116.5069896,         132.2770874,                   0,                 88.7522219,                 170.0351762,                           0,            -1.088563529e-05,              -0.001682532944,                          nan,                      0.7617759433,                        1.285446932,                                nan,           299.9559769,            302.8302403,                      0,            17152.73922,             16342.89868,                       0,      0.9271381726,      0.5208715608,                 0,                 0,                 0,      0.4349219419,      0.4218717056,      0.9761744916,                 0,      0.5618057547
         580,     0.05798299897,      -4.787023028,      -2.334381595,       0.608020099,                         6,      -4.002132922,               3,      -4.531386438,   1.578027256e-08,   7.099729385e-06,      0.8078821415,       7.203158324,        6.70429496,         0.6994460848,         -0.6709907095,                     0,       0.430374507,      0.6431454784,                 0,       289.2365326,       279.6084031,                 0,       15100.51033,        12365.26081,                  0,        0.1818732187,         0.1541264894,                    0,          301361.9825,           304190.6084,                     0,           116.7173849,           -132.3973027,                      0,        116.7168166,         132.2871061,                   0,                88.92107496,                 169.9791497,                           0,            -9.737464473e-06,               -0.00166394164,                          nan,                      0.7618531548,                        1.284926057,                                nan,           299.9513114,            302.7666966,                      0,            17150.75226,             16341.04105,                       0,       0.928665269,      0.5236457854,                 0,                 0,                 0,      0.4355466224,      0.4214053223,      0.9793067164,                 0,      0.5638692464
         581,     0.05793516838,      -4.798207597,      -2.340644558,      0.5919442111,                         7,       -4.10254308,               3,      -4.195758063,   1.893771488e-08,   8.516529113e-06,      0.9694585698,       8.643789989,       8.045153952,         0.7005987498,         -0.6711030552,                     0,      0.4313342841,      0.6430698503,                 0,       289.1861458,       279.5476436,                 0,       15090.51115,        12364.47024,                  0,        0.1817844556,         0.1541527053,                    0,          301357.5292,           304117.5545,                     0,           116.9667261,           -132.3959793,                      0,        116.9661942,         132.2865189,                   0,                89.11263573,                 169.9154957,                           0,            -9.095605093e-06,              -0.001652846504,                          nan,                      0.7618665918,                        1.284450578,                                nan,           299.9468791,            302.6939847,                      0,            17148.96303,              16338.8416,                       0,      0.9303939356,      0.5270010479,                 0,                 0,                 0,      0.4362330703,      0.4207471805,      0.9830232907,                 0,      0.5664278622
         582,     0.05789113208,       -4.80503192,      -2.346633539,      0.5820886639,                         8,      -4.125715031,               4,      -4.879231003,   2.272711252e-08,   1.021547308e-05,       1.163350284,       10.37254799,       9.654184743,         0.7019663796,          -0.671186631,                     0,      0.4324390902,      0.6429765668,                 0,       289.1304177,       279.4810686,                 0,       15079.67384,        12363.92885,                  0,        0.1816889198,         0.1541856298,                    0,          301354.8911,           304036.6972,                     0,           117.2566291,           -132.3844254,                      0,        117.2561133,         132.2749564,                   0,                89.33017616,                 169.8471863,                           0,            -8.797014271e-06,              -0.001653120988,                          nan,                      0.7618381135,                        1.284046436,                                nan,           299.9442533,            302.6135058,                      0,            17147.68553,             16336.76133,                       0,      0.9322481174,      0.5309415948,                 0,                 0,                 0,      0.4369349397,      0.4198342073,      0.9872815038,                 0,      0.5695282027
         583,     0.05785143168,      -4.808200086,      -2.352468304,      0.5775675976,                         9,      -4.089104657,               4,      -4.467064243,   2.727488966e-08,   1.225261244e-05,        1.39602034,       12.44705758,       11.58502169,          0.703534687,         -0.6712805423,                     0,      0.4336873223,      0.6428860213,                 0,       289.0690943,       279.4091795,                 0,       15067.92491,        12363.93931,                  0,        0.1815858762,         0.1542287011,                    0,           301353.769,           303950.0923,                     0,           117.5852526,           -132.3679304,                      0,        117.5847457,         132.2573222,                   0,                 89.5750767,                 169.7784841,                           0,            -8.622421585e-06,              -0.001670525539,                          nan,                      0.7617916439,                        1.283698182,                                nan,           299.9431365,            302.5273063,                      0,            17146.82774,             16335.49955,                       0,      0.9340998887,      0.5354450153,                 0,                 0,                 0,      0.4375819803,      0.4185782217,      0.9919860074,                 0,      0.5732202967
         584,     0.05781642821,      -4.806303348,      -2.358415513,      0.5809129257,                        10,      -4.001237233,               4,      -4.073140384,   3.273262054e-08,   1.469512625e-05,       1.675224409,        14.9364691,       13.90202603,         0.7052849858,          -0.671443521,                     0,      0.4350748975,       0.642834687,                 0,       289.0008277,       279.3307206,                 0,       15055.04087,        12364.59782,                  0,        0.1814734656,         0.1542837095,                    0,          301352.6036,           303859.0717,                     0,           117.9507768,           -132.3571144,                      0,         117.950278,          132.243822,                   0,                89.84681577,                 169.7153535,                           0,            -8.456851729e-06,              -0.001711186396,                          nan,                      0.7617346671,                        1.283351849,                                nan,           299.9419765,            302.4367118,                      0,            17146.10254,             16335.70586,                       0,      0.9357575708,      0.5404674121,                 0,                 0,                 0,      0.4380771866,      0.4168533496,       0.996985727,                 0,      0.5775720432
         585,     0.05778208959,      -4.796711373,      -2.363795531,      0.5963496943,                        10,      -3.548229546,               5,       -4.49206592,   3.928193022e-08,   1.762352282e-05,        2.01026929,       17.92376292,       16.68243124,         0.7072129016,         -0.6717198731,                     0,        0.43660199,      0.6428682061,                 0,       288.9239408,       279.2418755,                 0,         15040.814,        12365.56123,                  0,        0.1813502209,         0.1543483436,                    0,          301349.7116,           303762.8631,                     0,            118.353568,           -132.3631493,                      0,        118.3530723,         132.2453018,                   0,                90.14422976,                 169.6660529,                           0,            -8.375936308e-06,              -0.001779876339,                          nan,                      0.7616551731,                        1.282964692,                                nan,           299.9390981,            302.3409536,                      0,            17145.28383,             16337.57403,                       0,      0.9369447861,      0.5459463983,                 0,                 0,                 0,      0.4382910543,      0.4144775458,       1.002063554,                 0,       0.582687909
         586,     0.05775139267,      -4.779369527,       -2.36668563,      0.6232217978,                        10,      -3.153512503,               5,      -4.077837371,   4.714034711e-08,   2.113427942e-05,       2.412323148,        21.5085155,       20.01891748,         0.7093299231,         -0.6720954838,                     0,        0.43827594,      0.6430234963,                 0,       288.8372449,       279.1382486,                 0,       15025.14587,        12366.10837,                  0,        0.1812156801,         0.1544158809,                    0,          301344.2898,           303659.4424,                     0,           118.7960309,           -132.3893489,                      0,        118.7955215,         132.2648307,                   0,                90.46769415,                  169.641222,                           0,             -8.57674884e-06,              -0.001880207167,                          nan,                      0.7615412855,                        1.282587526,                                nan,           299.9337016,             302.238017,                      0,            17144.34326,             16340.67779,                       0,      0.9372397943,      0.5517883624,                 0,                 0,                 0,      0.4380377301,      0.4111720545,       1.006889453,                 0,       0.588737659
         587,     0.05772225697,      -4.757608151,      -2.365179493,      0.6554015849,                        10,      -2.810169107,               6,      -4.460842912,   5.656830633e-08,   2.534298069e-05,      0.2412323148,        2.15085155,       2.001891748,         0.7116481627,         -0.6724768417,                     0,      0.4401078312,      0.6433091923,                 0,       288.7406875,       279.0201688,                 0,       15008.06976,        12365.60159,                  0,        0.1810702538,         0.1544780315,                    0,          301336.9222,           303549.8862,                     0,           119.2801209,           -132.4247958,                      0,          119.27957,         132.2911884,                   0,                90.82075347,                 169.6530653,                           0,            -9.236808382e-06,              -0.002016842283,                          nan,                      0.7614108055,                        1.282421508,                                nan,           299.9263685,            302.1289737,                      0,            17143.44273,             16344.31756,                       0,      0.9359433821,      0.5578114345,                 0,                 0,                 0,      0.4370127955,      0.4064908812,       1.010895036,                 0,      0.5959884381
         588,     0.05766719779,      -4.734334288,      -2.358875591,      0.6880885706,                         4,      -4.774273141,               2,      -4.378970211,   5.656459238e-09,   2.532336549e-06,      0.2894787778,       2.581021861,       2.402270098,          0.712203555,          -0.672481202,                     0,      0.4404216674,      0.6433181253,                 0,       288.7458564,       279.0129754,                 0,       15009.28808,        12365.34428,                  0,        0.1810817172,         0.1544794795,                    0,          301358.3423,           303542.2822,                     0,           119.3655651,           -132.4253062,                      0,        119.3650387,         132.2910059,                   0,                90.88726056,                 169.6510665,                           0,            -8.819830832e-06,              -0.002027290315,                          nan,                      0.7614227881,                        1.282408169,                                nan,           299.9476883,            302.1214053,                      0,            17148.02668,             16344.08399,                       0,      0.9358452391,      0.5581860252,                 0,                 0,                 0,      0.4369410447,      0.4061858134,        1.01113354,                 0,        0.59645121
         589,     0.05761105322,      -4.742770165,      -2.360999521,       0.675414318,                         4,      -4.358943836,               2,      -4.109155343,   6.787699502e-09,   3.038351498e-06,      0.3473745334,       3.097226233,       2.882724117,          0.712721879,         -0.6724798584,                     0,      0.4407570756,       0.643335058,                 0,       288.7442334,       279.0023827,                 0,       15009.07123,        12365.03518,                  0,        0.1810801236,         0.1544822623,                    0,          301373.7861,           303531.5181,                     0,           119.4533726,           -132.4241906,                      0,        119.4528869,         132.2887819,                   0,                90.95989268,                 169.6510544,                           0,            -8.131417149e-06,              -0.002044030032,                          nan,                      0.7614708614,                        1.282429636,                                nan,           299.9630598,            302.1106915,                      0,            17151.19282,              16343.9161,                       0,      0.9357004383,      0.5586638677,                 0,                 0,                 0,      0.4368431895,      0.4057810612,       1.011425903,                 0,      0.5970541905
         590,     0.05755909205,      -4.754263613,      -2.361825027,      0.6589010732,                         5,      -4.899617186,               3,         -5.548844,   8.145163118e-09,    3.64539154e-06,        0.41684944,       3.716671479,       3.459268941,         0.7132130195,         -0.6724662119,                     0,      0.4411219913,      0.6433616499,                 0,       288.7350398,       278.9877336,                 0,       15007.26687,         12364.6614,                  0,        0.1810641231,         0.1544865715,                    0,          301382.8488,           303516.9966,                     0,           119.5461211,           -132.4200201,                      0,        119.5456871,         132.2830673,                   0,                91.03938032,                 169.6543263,                           0,            -7.261296041e-06,              -0.002067391148,                          nan,                      0.7615446658,                         1.28250977,                                nan,           299.9720801,             302.096238,                      0,            17152.84769,             16343.82311,                       0,      0.9354855328,      0.5592774844,                 0,                 0,                 0,      0.4367070773,       0.405238265,       1.011783789,                 0,      0.5978472833
         591,     0.05750915659,      -4.768518798,       -2.36245028,      0.6386871619,                         5,      -4.434495032,               3,      -5.170627987,   9.774087223e-09,   4.373594277e-06,       0.500219328,       4.460005775,       4.151122729,         0.7137041096,         -0.6724333629,                     0,       0.441529241,      0.6433996542,                 0,       288.7180391,       278.9686457,                 0,       15003.87691,         12364.2343,                  0,        0.1810338845,         0.1544927413,                    0,          301385.9441,           303498.4261,                     0,           119.6482864,           -132.4111102,                      0,        119.6479071,         132.2722018,                   0,                91.12694022,                 169.6626118,                           0,             -6.34147805e-06,              -0.002097038076,                          nan,                      0.7616258609,                        1.282677763,                                nan,           299.9751609,            302.0777544,                      0,            17153.12429,             16343.84609,                       0,      0.9351653221,      0.5600593762,                 0,                 0,                 0,      0.4365142786,      0.4045097285,       1.012211719,                 0,      0.5988880928
         592,     0.05746352968,      -4.783942622,      -2.363785356,      0.6167560101,                         6,      -4.750638062,               3,      -4.804356481,   1.172875485e-08,   5.247097919e-06,      0.6002631936,        5.35200693,       4.981347275,          0.714236891,         -0.6723771393,                     0,      0.4419955494,      0.6434515335,                 0,       288.6936853,       278.9451953,                 0,       14999.07214,        12363.80959,                  0,        0.1809911795,         0.1545014014,                    0,          301384.4087,           303476.0665,                     0,           119.7657401,            -132.396028,                      0,          119.76541,         132.2547915,                   0,                91.22444165,                 169.6780443,                           0,            -5.511520303e-06,              -0.002132407964,                          nan,                       0.761692726,                        1.282963305,                                nan,           299.9736327,            302.0554995,                      0,            17152.38893,              16344.0938,                       0,      0.9346885451,      0.5610371567,                 0,                 0,                 0,      0.4362380796,      0.4035379414,       1.012700596,                 0,      0.6002396838
         593,     0.05741674562,      -4.797965454,      -2.366269693,       0.596751235,                         6,      -4.264152621,               3,      -4.450775481,   1.407430082e-08,   6.294829745e-06,      0.7203158324,       6.422408316,        5.97761673,         0.7148580592,         -0.6722996631,                     0,      0.4425386373,      0.6435215796,                 0,       288.6630353,       278.9179646,                 0,       14993.14283,        12363.49164,                  0,        0.1809388423,          0.154513509,                    0,          301380.2643,            303450.864,                     0,           119.9044834,            -132.374369,                      0,        119.9041909,         132.2304155,                   0,                91.33440271,                 169.7030266,                           0,            -4.878226965e-06,              -0.002173762764,                          nan,                      0.7617281931,                        1.283388743,                                nan,           299.9695077,             302.030415,                      0,            17151.15554,             16344.76573,                       0,      0.9339832695,      0.5622286732,                 0,                 0,                 0,      0.4358415967,      0.4022548682,       1.013221027,                 0,      0.6019686771
         594,     0.05737532218,      -4.808459789,      -2.369932555,      0.5819859969,                         7,      -4.389602193,               3,      -4.110807897,   1.688887214e-08,   7.551451386e-06,      0.8643789989,       7.706889979,       7.173140076,         0.7156051466,          -0.672211238,                     0,       0.443173089,      0.6436170458,                 0,       288.6274144,       278.8879061,                 0,       14986.39173,        12363.40431,                  0,        0.1808796903,         0.1545300607,                    0,          301375.6566,           303424.3875,                     0,            120.068989,           -132.3475062,                      0,        120.0687197,         132.2002832,                   0,                91.45970239,                 169.7399831,                           0,            -4.486111542e-06,              -0.002223556827,                          nan,                      0.7617279721,                        1.283960813,                                nan,           299.9649216,            302.0040624,                      0,            17149.92136,             16346.13137,                       0,      0.9329515237,      0.5636376809,                 0,                 0,                 0,      0.4352759742,      0.4005802995,       1.013716629,                 0,      0.6041446598
         595,     0.05734172366,       -4.81509995,       -2.37469786,      0.5730523534,                         8,      -4.441652343,               4,      -4.864264596,   2.026620684e-08,   9.058496047e-06,       1.037254799,       9.248267975,       8.607768091,         0.7164950441,         -0.6721280626,                     0,      0.4439068152,      0.6437487104,                 0,       288.5878962,       278.8560322,                 0,       14979.01717,        12363.62384,                  0,        0.1808154395,         0.1545514157,                    0,           301372.131,           303398.5349,                     0,           120.2609905,           -132.3188046,                      0,        120.2607316,         132.1673861,                   0,                 91.6029591,                 169.7911763,                           0,            -4.306703237e-06,              -0.002287381821,                          nan,                      0.7617029923,                        1.284667733,                                nan,           299.9614125,            301.9783308,                      0,            17148.99706,             16348.45071,                       0,      0.9314600461,      0.5652495185,                 0,                 0,                 0,       0.434476705,      0.3984171137,       1.014094985,                 0,      0.6068424736
         596,     0.05730989464,      -4.818648858,      -2.380453531,      0.5685748223,                         9,      -4.426292253,               4,      -4.454195124,   2.431870442e-08,    1.08657388e-05,       1.244705758,       11.09792157,       10.32932171,         0.7175225954,         -0.6720641578,                     0,      0.4447401191,      0.6439299974,                 0,       288.5449111,       278.8232003,                 0,       14971.05896,        12364.10022,                  0,        0.1807462964,         0.1545764169,                    0,          301370.1741,           303375.2431,                     0,           120.4795186,           -132.2927511,                      0,        120.4792624,         132.1356537,                   0,                91.76578844,                 169.8588433,                           0,            -4.251888013e-06,              -0.002373586187,                          nan,                      0.7616728937,                        1.285488349,                                nan,           299.9594647,             301.955148,                      0,            17148.43481,             16351.85791,                       0,      0.9293226731,      0.5670257701,                 0,                 0,                 0,      0.4333555754,      0.3956405022,       1.014212723,                 0,      0.6101495062
         597,     0.05728006271,      -4.818706845,      -2.386520868,      0.5688319366,                        10,      -4.346509902,               4,      -4.063501146,   2.918107883e-08,   1.303284522e-05,        1.49364691,       13.31750588,       12.39518605,         0.7186705953,         -0.6720186642,                     0,      0.4456679296,      0.6441740434,                 0,       288.4981984,       278.7902567,                 0,       14962.43997,        12364.61637,                  0,        0.1806714883,         0.1546017928,                    0,          301369.2755,           303356.4427,                     0,           120.7222348,           -132.2728047,                      0,        120.7219801,         132.1079386,                   0,                91.94828175,                 169.9457403,                           0,             -4.22026393e-06,              -0.002491266068,                          nan,                      0.7616531942,                        1.286415805,                                nan,           299.9585703,            301.9364357,                      0,              17148.098,             16356.26531,                       0,      0.9262719719,      0.5688957763,                 0,                 0,                 0,      0.4317867365,      0.3920805483,       1.013851574,                 0,      0.6141779019
         598,      0.0572524813,      -4.813279588,       -2.39100029,      0.5767956616,                        10,      -3.859150095,               5,      -4.526204864,   3.501472735e-08,   1.563135613e-05,       1.792376292,       15.98100706,       14.87422326,         0.7199242011,         -0.6719629199,                     0,       0.446683967,      0.6444882451,                 0,       288.4470691,       278.7586869,                 0,       14953.05777,        12364.83256,                  0,        0.1805902034,         0.1546223683,                    0,          301368.4157,           303344.3778,                     0,           120.9872371,            -132.258471,                      0,        120.9869851,         132.0832786,                   0,                92.14908611,                 170.0555783,                           0,            -4.164601473e-06,              -0.002647487852,                          nan,                      0.7616446183,                        1.287487561,                                nan,           299.9577145,            301.9244273,                      0,            17147.80849,             16361.34466,                       0,      0.9219273508,      0.5707429892,                 0,                 0,                 0,       0.429590728,      0.3875051279,       1.012688193,                 0,      0.6190758835
         599,     0.05722353433,      -4.801352958,      -2.391231972,      0.5941707875,                        10,      -3.424764885,               5,      -4.116104102,   4.201303816e-08,   1.874707608e-05,        2.15085155,       19.17720847,       17.84906791,          0.721279844,         -0.6718350787,                     0,      0.4477847741,      0.6448669346,                 0,       288.3907588,       278.7319016,                 0,       14942.84666,         12364.4354,                  0,        0.1805021193,          0.154632257,                    0,          301366.6427,            303342.472,                     0,           121.2742084,            -132.243094,                      0,        121.2739581,         132.0548203,                   0,                92.36631007,                 170.1924457,                           0,            -4.127057235e-06,              -0.002845361836,                          nan,                      0.7616335072,                        1.288801464,                                nan,           299.9559498,            301.9225303,                      0,            17147.45919,             16366.62179,                       0,      0.9157843666,      0.5723902636,                 0,                 0,                 0,      0.4265312538,      0.3816203176,       1.010275979,                 0,      0.6250273367
         600,     0.05719295008,      -4.784854778,       -2.38567539,      0.6181043579,                        10,      -3.041919118,               6,      -4.541542174,   5.040796262e-08,   2.248292315e-05,       2.581021861,       23.01265017,        21.4188815,         0.7227434511,         -0.6715525945,                     0,      0.4489716222,      0.6452870132,                 0,       288.3287818,       278.7171102,                 0,       14931.78954,        12363.36284,                  0,        0.1804073241,         0.1546266693,                    0,          301363.5426,           303357.0317,                     0,           121.5841655,            -132.214707,                      0,        121.5839099,         132.0106965,                   0,                92.59908244,                  170.359342,                           0,            -4.203282851e-06,               -0.00308366834,                          nan,                      0.7616063876,                        1.290496502,                                nan,           299.9528643,            301.9370218,                      0,            17147.04776,             16371.71124,                       0,      0.9072524858,       0.573587878,                 0,                 0,                 0,      0.4223432039,      0.3741076923,       1.006058428,                 0,       0.632225193
         601,      0.0593214103,      -4.766817659,      -2.374963976,      0.6439513955,                        10,      -2.706554096,               6,      -4.126899359,   6.047813599e-08,   2.696230136e-05,      0.2581021861,       2.301265017,        2.14188815,         0.7243200936,         -0.6710465299,                     0,      0.4502483172,      0.6457149637,                 0,       288.2613158,       278.7266574,                 0,       14919.92602,        12361.97185,                  0,        0.1803061753,         0.1546032693,                    0,          301359.5299,           303399.1825,                     0,           121.9178017,           -132.1615456,                      0,         121.917529,         131.9395157,                   0,                92.84866835,                 170.5576278,                           0,            -4.472155402e-06,              -0.003357154933,                          nan,                       0.761569473,                        1.292695573,                                nan,           299.9488704,            301.9789754,                      0,            17146.66383,             16376.62798,                       0,      0.8957270741,      0.5740005635,                 0,                 0,                 0,      0.4167840599,      0.3646894503,       0.999402443,                 0,      0.6408208261
         602,      0.0592601733,      -4.748581165,      -2.360052706,      0.6694584424,                         4,       -4.61518631,               2,      -4.044754917,   6.046528892e-09,   2.694426732e-06,      0.3097226233,        2.76151802,        2.57026578,         0.7247033419,         -0.6709281245,                     0,      0.4504701946,      0.6457117116,                 0,       288.2646661,       278.7252388,                 0,       14920.70946,        12362.12983,                  0,        0.1803135509,         0.1546059284,                    0,          301374.6044,           303397.2295,                     0,           121.9772743,           -132.1393938,                      0,        121.9770142,         131.9146646,                   0,                92.89671007,                 170.5690979,                           0,            -4.263839357e-06,              -0.003398503171,                          nan,                      0.7615919332,                        1.293026052,                                nan,           299.9638743,            301.9770316,                      0,            17149.86932,             16376.83001,                       0,      0.8949340285,      0.5739946905,                 0,                 0,                 0,      0.4164104243,      0.3640621625,      0.9989171947,                 0,      0.6413821268
         603,     0.05919994536,      -4.757378043,      -2.362844309,      0.6561061675,                         4,      -4.209030236,               3,      -5.533991756,   7.255694276e-09,   3.232843565e-06,      0.3716671479,       3.313821624,       3.084318935,         0.7250559611,         -0.6707900167,                     0,      0.4507058721,      0.6457237173,                 0,       288.2631414,       278.7245308,                 0,       14920.45185,        12362.31473,                  0,        0.1803113941,         0.1546085271,                    0,          301385.3071,           303397.2226,                     0,           122.0380244,           -132.1143077,                      0,        122.0377853,         131.8863706,                   0,                 92.9486927,                  170.588815,                           0,            -3.918221398e-06,              -0.003447626628,                          nan,                      0.7616386389,                        1.293452949,                                nan,           299.9745269,            301.9770246,                      0,            17152.02275,             16377.31617,                       0,      0.8939199084,      0.5739918622,                 0,                 0,                 0,       0.415932573,      0.3632571708,      0.9983003999,                 0,      0.6421065878
         604,     0.05914339438,      -4.769420074,      -2.364687693,      0.6385370173,                         5,      -4.742941732,               3,      -5.153225721,   8.706643524e-09,   3.878768672e-06,      0.4460005775,       3.976585949,       3.701182723,         0.7253866349,         -0.6706347471,                     0,      0.4509610393,      0.6457563803,                 0,       288.2562948,       278.7253366,                 0,       14919.07067,        12362.56742,                  0,         0.180298987,          0.154611104,                    0,          301391.4686,           303400.4409,                     0,           122.1020154,           -132.0866824,                      0,        122.1018028,         131.8550813,                   0,                93.00503195,                 170.6191219,                           0,            -3.482511469e-06,              -0.003503729771,                          nan,                      0.7617007272,                        1.293989736,                                nan,           299.9806596,            301.9802279,                      0,            17153.08828,             16378.21632,                       0,      0.8926069358,      0.5739905549,                 0,                 0,                 0,      0.4153132655,      0.3622135282,      0.9975037138,                 0,      0.6430496244
         605,     0.05908759422,      -4.784068744,      -2.366168447,      0.6173213093,                         5,      -4.286360755,               3,      -4.785198344,   1.044772341e-08,   4.653644811e-06,       0.535200693,       4.771903139,       4.441419267,         0.7257163513,         -0.6704705296,                     0,      0.4512447201,      0.6458166437,                 0,       288.2440969,        278.728663,                 0,       14916.59977,          12362.944,                  0,        0.1802767558,         0.1546137658,                    0,          301393.5316,           303408.4962,                     0,           122.1725111,           -132.0578902,                      0,        122.1723264,         131.8222624,                   0,                93.06649028,                 170.6624302,                           0,            -3.024342506e-06,               -0.00356536887,                          nan,                      0.7617640839,                        1.294640428,                                nan,           299.9827129,            301.9882455,                      0,            17153.19871,             16379.69928,                       0,      0.8908950057,      0.5739817502,                 0,                 0,                 0,      0.4145045726,      0.3608570687,      0.9964593001,                 0,      0.6442754157
         606,     0.05903624926,      -4.799171264,      -2.367709102,      0.5952286776,                         6,      -4.577458373,               3,      -4.431035428,   1.253695221e-08,   5.583183759e-06,      0.6422408316,       5.726283766,       5.329703121,         0.7260753523,         -0.6703120346,                     0,      0.4515682428,      0.6459133588,                 0,       288.2270164,       278.7354811,                 0,       14913.19057,        12363.49334,                  0,        0.1802462354,          0.154616547,                    0,          301392.5812,           303423.0993,                     0,           122.2535845,            -132.030641,                      0,        122.2534248,         131.7907045,                   0,                93.13428065,                 170.7209577,                           0,            -2.612541596e-06,              -0.003631254839,                          nan,                      0.7618132648,                        1.295394529,                                nan,            299.981767,            302.0027802,                      0,            17152.64633,             16381.94972,                       0,      0.8886619544,       0.573945982,                 0,                 0,                 0,      0.4134485566,      0.3591024107,      0.9950776442,                 0,      0.6458541171
         607,     0.05898458569,      -4.811751844,      -2.369490605,      0.5765190938,                         6,      -4.103728477,               3,      -4.091721153,   1.504395536e-08,   6.698212293e-06,      0.7706889979,        6.87154052,       6.395643745,         0.7264952384,         -0.6701778039,                     0,       0.451942927,        0.64605695,                 0,       288.2059048,       278.7463818,                 0,       14909.06501,        12364.21397,                  0,        0.1802095728,         0.1546190698,                    0,          301390.1042,            303445.664,                     0,           122.3491217,           -132.0088887,                      0,        122.3489812,         131.7643543,                   0,                93.21002462,                 170.7964377,                           0,            -2.295962887e-06,              -0.003701385417,                          nan,                      0.7618373581,                        1.296226423,                                nan,           299.9793016,            302.0252393,                      0,            17151.80475,              16385.1086,                       0,      0.8857676058,      0.5738515297,                 0,                 0,                 0,      0.4120800286,      0.3568572702,      0.9932485683,                 0,      0.6478578872
         608,     0.05894029376,      -4.819921981,        -2.3715295,      0.5640975359,                         7,      -4.231474895,               4,      -4.907153925,   1.805228415e-08,   8.035686477e-06,      0.9248267975,       8.245848624,       7.674772494,         0.7269989558,         -0.6700832413,                     0,      0.4523771994,      0.6462578356,                 0,       288.1817143,       278.7612808,                 0,       14904.43297,        12365.00692,                  0,         0.180168707,         0.1546201211,                    0,          301387.5438,            303476.872,                     0,           122.4616904,           -131.9969072,                      0,        122.4615624,         131.7473357,                   0,                93.29549606,                 170.8899639,                           0,            -2.089969621e-06,              -0.003777900104,                          nan,                      0.7618349318,                        1.297103756,                                nan,           299.9767531,            302.0563012,                      0,            17151.00413,             16389.18982,                       0,      0.8820618981,      0.5736537309,                 0,                 0,                 0,      0.4103316122,      0.3540293417,      0.9908456087,                 0,       0.650355414
         609,     0.05889741803,      -4.824155435,      -2.373653227,      0.5572276811,                         8,      -4.287304705,               4,      -4.497728829,   2.166218587e-08,   9.639910062e-06,       1.109792157,       9.895018348,       9.209726992,         0.7275942945,         -0.6700298653,                     0,      0.4528746392,      0.6465233267,                 0,       288.1551104,       278.7794647,                 0,       14899.41371,        12365.65949,                  0,        0.1801246617,         0.1546174231,                    0,          301385.7912,           303516.4974,                     0,           122.5919233,           -131.9973812,                      0,        122.5918022,         131.7420416,                   0,                93.39216166,                 171.0021527,                           0,            -1.975559717e-06,               -0.00386511609,                          nan,                      0.7618140851,                        1.298007459,                                nan,           299.9750087,            302.0957411,                      0,            17150.42026,             16394.01477,                       0,      0.8773925418,      0.5732943339,                 0,                 0,                 0,       0.408138592,       0.350532783,      0.9877301422,                 0,      0.6534068921
         610,     0.05885860736,      -4.825883402,      -2.375236254,      0.5536481168,                         9,       -4.26952565,               4,      -4.110386013,   2.599389792e-08,   1.156400065e-05,       1.331750588,       11.87402202,       11.05167239,         0.7282754112,         -0.6699952825,                     0,      0.4534342126,      0.6468537293,                 0,       288.1262339,        278.800248,                 0,       14894.01172,        12365.90462,                  0,        0.1800774014,         0.1546080042,                    0,          301384.9486,           303563.8382,                     0,           122.7388747,           -132.0090284,                      0,        122.7387573,         131.7468223,                   0,                93.50073928,                 171.1336886,                           0,            -1.911984949e-06,              -0.003968603842,                          nan,                      0.7617865889,                        1.298958758,                                nan,           299.9741701,            302.1428603,                      0,            17150.04896,             16399.23406,                       0,      0.8716043504,      0.5726996925,                 0,                 0,                 0,      0.4054396015,      0.3462887761,      0.9837495438,                 0,      0.6570638297
         611,     0.05882649461,      -4.825153882,      -2.375013421,      0.5535694415,                        10,      -4.190133652,               5,      -4.606128385,   3.119153585e-08,   1.387165637e-05,       1.598100706,       14.24882642,       13.26200687,          0.729031393,         -0.6699311733,                     0,      0.4540525793,       0.647239639,                 0,       288.0947445,       278.8242005,                 0,        14888.1594,        12365.56386,                  0,        0.1800263187,         0.1545893034,                    0,          301384.4943,           303618.8533,                     0,           122.9011357,           -132.0251042,                      0,        122.9010214,         131.7545993,                   0,                93.62104487,                 171.2860188,                           0,            -1.861243662e-06,              -0.004093581899,                          nan,                      0.7617596977,                        1.300038251,                                nan,           299.9737179,            302.1976179,                      0,            17149.77899,             16404.47668,                       0,       0.864524588,      0.5717766601,                 0,                 0,                 0,       0.402170227,      0.3412163598,      0.9787250421,                 0,      0.6613769787
         612,     0.05880209282,      -4.820828487,      -2.371554137,      0.5594892712,                        10,      -3.721748673,               5,      -4.201620345,   3.742764587e-08,   1.663928964e-05,       1.917720847,       17.09859171,       15.91440824,         0.7298552733,         -0.6697751985,                     0,      0.4547269337,        0.64766344,                 0,       288.0601053,       278.8541878,                 0,       14881.78797,        12364.69992,                  0,         0.179970915,         0.1545604998,                    0,          301383.7294,           303683.4014,                     0,           123.0778956,           -132.0343731,                      0,         123.077784,         131.7539905,                   0,                 93.7523191,                 171.4618648,                           0,            -1.812811247e-06,              -0.004242605698,                          nan,                      0.7617322644,                        1.301378912,                                nan,           299.9729566,            302.2618639,                      0,            17149.50332,             16409.57072,                       0,      0.8559450724,      0.5704077908,                 0,                 0,                 0,      0.3982549702,      0.3352211015,       0.972437056,                 0,      0.6664070035
         613,      0.0587705228,      -4.812826551,       -2.36421557,      0.5721053873,                        10,      -3.304907316,               6,      -4.691918544,   4.490850023e-08,    1.99585978e-05,       2.301265017,       20.51831005,       19.09728989,         0.7307466962,         -0.6694747366,                     0,       0.455456455,      0.6481073225,                 0,       288.0219375,       278.8950687,                 0,       14874.87638,        12363.64577,                  0,        0.1799111684,         0.1545230457,                    0,          301382.2253,           303761.4833,                     0,           123.2691389,           -132.0249354,                      0,        123.2690287,         131.7333692,                   0,                 93.8939388,                 171.6657122,                           0,            -1.788095242e-06,              -0.004411958742,                          nan,                      0.7616993483,                        1.303130052,                                nan,           299.9714595,            302.3395802,                      0,            17149.19067,             16414.68843,                       0,      0.8456352039,      0.5684506886,                 0,                 0,                 0,      0.3936169819,      0.3282058557,      0.9646325723,                 0,      0.6722173888
         614,     0.05873880049,      -4.802577251,      -2.353245247,      0.5889800146,                        10,      -2.933586664,               6,      -4.292055738,   5.388029384e-08,   2.393962905e-05,       2.301265017,       20.51831005,       19.09728989,         0.7317068183,         -0.6690120478,                     0,       0.456241189,      0.6485673268,                 0,       287.9803287,       278.9513735,                 0,       14867.46778,        12362.84824,                  0,        0.1798475424,         0.1544799971,                    0,          301380.0876,           303857.7105,                     0,           123.4747756,           -131.9892485,                      0,        123.4746632,         131.6861698,                   0,                94.04607043,                 171.9050758,                           0,            -1.819574386e-06,              -0.004587203405,                          nan,                      0.7616629029,                        1.305414806,                                nan,           299.9693318,             302.435357,                      0,            17148.89305,             16420.32285,                       0,       0.833437158,      0.5657398043,                 0,                 0,                 0,      0.3882346921,      0.3201453982,      0.9550842614,                 0,      0.6788031934
         615,     0.05870693279,      -4.791079602,      -2.338621693,      0.6076746624,                        10,      -2.960360207,               6,       -4.29992487,   5.386392022e-08,   2.392867765e-05,       2.301265017,       20.51831005,       19.09728989,         0.7326374454,         -0.6685395917,                     0,      0.4569917491,      0.6490158221,                 0,       287.9431608,       279.0057407,                 0,        14860.9854,        12362.89164,                  0,        0.1797923315,         0.1544483395,                    0,            301380.85,           303950.8453,                     0,           123.6697898,           -131.9380205,                      0,        123.6696745,         131.6259019,                   0,                94.19487607,                 172.1543979,                           0,             -1.86408978e-06,              -0.004725695249,                          nan,                      0.7616651085,                        1.307906692,                                nan,           299.9700907,            302.5280559,                      0,            17149.31322,             16426.75602,                       0,      0.8218286172,      0.5627913609,                 0,                 0,                 0,      0.3832367252,      0.3126978344,      0.9457042119,                 0,       0.684803801
         616,     0.05867365656,      -4.784334992,      -2.325270201,      0.6186495271,                        10,      -2.978104614,               6,      -4.306384715,   5.384392429e-08,   2.391847385e-05,       2.301265017,       20.51831005,       19.09728989,         0.7335040158,         -0.6681207543,                     0,      0.4576986901,      0.6494966779,                 0,       287.9090226,       279.0534758,                 0,       14854.99312,        12363.45693,                  0,        0.1797411452,         0.1544268744,                    0,          301382.5283,           304038.8718,                     0,           123.8513295,           -131.8832378,                      0,        123.8512133,         131.5655384,                   0,                94.33818431,                 172.4216611,                           0,            -1.876210269e-06,              -0.004812085483,                          nan,                      0.7617057743,                        1.310538179,                                nan,           299.9717611,            302.6156703,                      0,            17149.84773,             16434.15514,                       0,      0.8109524021,      0.5596392268,                 0,                 0,                 0,      0.3786936907,      0.3059562503,      0.9366059126,                 0,      0.6901012012
         617,     0.05863926473,      -4.782864431,      -2.314084543,      0.6212791341,                        10,      -2.986517463,               6,      -4.308358033,   5.382157497e-08,   2.390890765e-05,       2.301265017,       20.51831005,       19.09728989,         0.7343014628,         -0.6677941999,                     0,      0.4583583961,      0.6500420706,                 0,       287.8776306,       279.0890278,                 0,       14849.39924,        12364.21539,                  0,        0.1796930538,         0.1544146778,                    0,          301384.6252,           304117.9848,                     0,           124.0191559,           -131.8327393,                      0,        124.0190411,         131.5132015,                   0,                94.47416314,                 172.7121892,                           0,            -1.851066509e-06,               -0.00484174969,                          nan,                      0.7617714369,                        1.313268838,                                nan,           299.9738482,            302.6944129,                      0,             17150.3512,             16442.51432,                       0,      0.8009294187,      0.5563115353,                 0,                 0,                 0,      0.3746587563,      0.2999997753,      0.9278850106,                 0,      0.6945824717
         618,     0.05860529338,      -4.785531097,      -2.305706535,      0.6175363771,                        10,      -2.987587035,               6,      -4.304896888,   5.379840492e-08,   2.389987553e-05,       2.301265017,       20.51831005,       19.09728989,          0.735031448,         -0.6675725019,                     0,      0.4589680298,       0.650672868,                 0,       287.8491037,       279.1075997,                 0,       14844.22411,        12364.92743,                  0,        0.1796482318,         0.1544114914,                    0,          301387.1053,           304184.4009,                     0,           124.1734092,           -131.7895251,                      0,         124.173298,         131.4716099,                   0,                94.60109842,                  173.029941,                           0,            -1.791099374e-06,              -0.004818770476,                          nan,                       0.761847353,                         1.31610118,                                nan,           299.9763167,            302.7605182,                      0,            17150.81566,             16451.80356,                       0,      0.7918511376,      0.5528442818,                 0,                 0,                 0,      0.3711614154,      0.2948793588,      0.9196255693,                 0,      0.6981669351
         619,      0.0585714271,        -4.7905006,       -2.30060734,      0.6104480755,                        10,      -2.984766453,               6,      -4.295421447,   5.377595138e-08,   2.389131287e-05,       2.301265017,       20.51831005,       19.09728989,         0.7356948493,         -0.6674454303,                     0,      0.4595244523,       0.651400488,                 0,       287.8235603,       279.1058086,                 0,        14839.4994,        12365.43113,                  0,        0.1796069909,         0.1544172354,                    0,          301389.9169,           304235.2286,                     0,           124.3140038,           -131.7524292,                      0,        124.3138982,          131.439039,                   0,                94.71740327,                 173.3781779,                           0,            -1.698011499e-06,              -0.004751601466,                          nan,                      0.7619212704,                        1.319076732,                                nan,           299.9791152,            302.8111079,                      0,            17151.24303,             16461.98224,                       0,      0.7837812894,      0.5492859156,                 0,                 0,                 0,      0.3682108194,      0.2906163372,       0.911904749,                 0,      0.7008152951
         620,     0.05853813253,      -4.796016251,      -2.298740556,       0.602907176,                        10,      -2.981148503,               6,      -4.279817765,   5.375557645e-08,   2.388320246e-05,       2.301265017,       20.51831005,       19.09728989,         0.7362912291,         -0.6673853708,                     0,      0.4600248122,      0.6522281456,                 0,       287.8010372,       279.0818851,                 0,       14835.24799,        12365.61928,                  0,        0.1795695874,         0.1544316246,                    0,          301392.9383,            304268.775,                     0,           124.4406709,           -131.7171164,                      0,        124.4405728,         131.4105764,                   0,                94.82185519,                 173.7595257,                           0,             -1.57574039e-06,              -0.004649104759,                          nan,                      0.7619850426,                        1.322264391,                                nan,           299.9821224,            302.8444973,                      0,            17151.62816,             16472.98385,                       0,      0.7767618977,      0.5456916383,                 0,                 0,                 0,      0.3658048865,      0.2872106876,      0.9047919267,                 0,      0.7025211199
         621,     0.05850420129,      -4.800870047,      -2.299490874,      0.5968750842,                        10,       -2.97858681,               6,      -4.259298479,    5.37383566e-08,   2.387556038e-05,       2.301265017,       20.51831005,       19.09728989,         0.7368194248,          -0.667353732,                     0,      0.4604669373,      0.6531512333,                 0,       287.7815476,       279.0357662,                 0,       14831.49064,        12365.44049,                  0,        0.1795362663,         0.1544541335,                    0,          301396.0595,           304284.6688,                     0,           124.5530287,           -131.6771789,                      0,        124.5529395,         131.3793362,                   0,                 94.9137503,                 174.1755324,                           0,            -1.431916766e-06,              -0.004518715809,                          nan,                      0.7620354096,                        1.325745262,                                nan,           299.9852289,            302.8603168,                      0,            17151.97071,             16484.71874,                       0,      0.7708302674,      0.5421165629,                 0,                 0,                 0,      0.3639439246,      0.2846586872,      0.8983535499,                 0,      0.7032891492
         622,      0.0584700886,      -4.804500058,      -2.302044897,      0.5931593983,                        10,      -2.977606021,               6,      -4.235821353,   5.372502274e-08,   2.386841229e-05,       2.301265017,       20.51831005,       19.09728989,         0.7372775789,         -0.6673075409,                     0,      0.4608490844,       0.654157632,                 0,       287.7651445,       278.9691347,                 0,       14828.25301,        12364.91176,                  0,         0.179507307,         0.1544841233,                    0,          301399.2357,            304283.917,                     0,           124.6505551,           -131.6253606,                      0,        124.6504756,         131.3376527,                   0,                94.99282646,                 174.6259948,                           0,            -1.275772627e-06,              -0.004366840246,                          nan,                      0.7620735179,                        1.329595826,                                nan,           299.9883903,            302.8595684,                      0,             17152.2807,              16497.0911,                       0,      0.7660282505,      0.5386088652,                 0,                 0,                 0,      0.3626382614,      0.2829644343,      0.8926533029,                 0,      0.7031188013
         623,     0.05843759455,      -4.806881231,      -2.305807031,      0.5916201802,                        10,      -2.978051759,               6,       -4.21100848,   5.371592988e-08,   2.386177483e-05,       2.301265017,       20.51831005,       19.09728989,         0.7376629211,         -0.6672053965,                     0,      0.4611694016,      0.6552288483,                 0,       287.7519428,       278.8852964,                 0,       14825.56719,         12364.1177,                  0,         0.179483028,         0.1545208848,                    0,          301402.4821,           304268.8472,                     0,           124.7325475,           -131.5548428,                      0,         124.732478,         131.2782682,                   0,                95.05902464,                 175.1084525,                           0,            -1.115386208e-06,              -0.004200283296,                          nan,                      0.7621032324,                        1.333872353,                                nan,           299.9916215,            302.8445692,                      0,            17152.57454,             16510.01014,                       0,       0.762404766,      0.5352082946,                 0,                 0,                 0,      0.3619090472,      0.2821427548,      0.8877524496,                 0,      0.7020001952
         624,      0.0584051208,      -4.808358378,      -2.310555136,      0.5915448774,                        10,       -2.97961768,               6,      -4.187482783,    5.37110502e-08,   2.385564952e-05,       2.301265017,       20.51831005,       19.09728989,         0.7379717924,         -0.6670119265,                     0,      0.4614255449,      0.6563421499,                 0,       287.7421047,       278.7888623,                 0,       14823.46915,        12363.18605,                  0,         0.179463765,         0.1545634878,                    0,          301405.8375,           304242.9161,                     0,           124.7981419,           -131.4603638,                      0,        124.7980822,         131.1953826,                   0,                95.11224153,                 175.6181323,                           0,            -9.564782456e-07,              -0.004027283793,                          nan,                      0.7621290315,                        1.338599947,                                nan,           299.9949612,            302.8187595,                      0,            17152.86806,             16523.38354,                       0,      0.7600081541,      0.5319472698,                 0,                 0,                 0,       0.361782168,      0.2822124568,      0.8837060718,                 0,      0.6999231086
         625,     0.05837690863,      -4.809451259,      -2.316332262,      0.5920474028,                        10,      -2.981787339,               6,      -4.166463797,   5.370999774e-08,   2.385002775e-05,       2.301265017,       20.51831005,       19.09728989,         0.7381999977,         -0.6667002665,                     0,       0.461614627,      0.6574729106,                 0,       287.7358097,       278.6851961,                 0,       14821.99501,        12362.24857,                  0,        0.1794498446,         0.1546105847,                    0,          301409.3315,           304210.2756,                     0,           124.8463914,           -131.3388566,                      0,        124.8463413,         131.0853068,                   0,                95.15218494,                 176.1482745,                           0,            -8.029305909e-07,              -0.003857276176,                          nan,                      0.7621543726,                        1.343768259,                                nan,           299.9984388,            302.7862717,                      0,            17153.17163,             16537.09377,                       0,      0.7588745591,      0.5288537751,                 0,                 0,                 0,      0.3622794794,      0.2831853339,      0.8805583334,                 0,      0.6968922186
         626,     0.05834916874,      -4.810657034,       -2.32323312,      0.5923773155,                        10,      -2.984137474,               6,      -4.149448712,   5.371208289e-08,   2.384490024e-05,       2.301265017,       20.51831005,       19.09728989,         0.7383433089,         -0.6662527571,                     0,      0.4617334558,      0.6585966635,                 0,       287.7332277,       278.5797978,                 0,       14821.17779,        12361.40604,                  0,        0.1794415613,         0.1546603094,                    0,          301412.9675,           304175.2458,                     0,           124.8763683,           -131.1895242,                      0,        124.8763272,         130.9466295,                   0,                95.17836101,                 176.6907685,                           0,            -6.579484149e-07,              -0.003699530705,                          nan,                      0.7621809764,                        1.349334222,                                nan,           300.0020578,             302.751406,                      0,            17153.48893,             16550.97547,                       0,      0.7590202148,      0.5259545316,                 0,                 0,                 0,      0.3634123965,      0.2850581071,      0.8783403277,                 0,      0.6929387667
         627,     0.05831857038,      -4.812304351,      -2.331268503,      0.5920860528,                        10,      -2.986294677,               6,      -4.138371218,   5.371640055e-08,   2.384026421e-05,       2.301265017,       20.51831005,       19.09728989,         0.7383978835,         -0.6656605906,                     0,      0.4617788772,      0.6596904203,                 0,       287.7345033,       278.4777466,                 0,       14821.04553,        12360.71207,                  0,        0.1794391651,         0.1547103893,                    0,          301416.7264,           304141.7962,                     0,           124.8872438,           -131.0134704,                      0,         124.887211,         130.7799684,                   0,                95.19015423,                 177.2368544,                           0,            -5.250056531e-07,              -0.003561373172,                          nan,                      0.7622089839,                        1.355229372,                                nan,           300.0057991,            302.7181129,                      0,            17153.81848,              16564.8081,                       0,      0.7604394534,      0.5232765048,                 0,                 0,                 0,      0.3651796191,      0.2878099269,      0.8770700706,                 0,      0.6881238243
         628,     0.05828713704,      -4.814489178,      -2.340337713,       0.591041107,                        10,      -2.988159824,               6,      -4.132022377,    5.37219398e-08,   2.383612513e-05,       2.301265017,       20.51831005,       19.09728989,         0.7383604675,          -0.664923282,                     0,      0.4617480548,      0.6607334146,                 0,       287.7397535,       278.3832454,                 0,       14821.62112,        12360.17787,                  0,          0.17944286,          0.154758475,                    0,           301420.578,           304113.0919,                     0,           124.8783245,           -130.8131516,                      0,         124.878299,         130.5875116,                   0,                95.18693604,                 177.7777322,                           0,            -4.081852283e-07,              -0.003446830713,                          nan,                      0.7622376087,                        1.361368557,                                nan,           300.0096327,             302.689543,                      0,            17154.15642,              16578.3298,                       0,      0.7631008905,      0.5208432168,                 0,                 0,                 0,      0.3675661141,      0.2914015739,      0.8767472546,                 0,      0.6825351973
         629,     0.05825641714,      -4.817149031,      -2.350221082,      0.5893164448,                        10,      -2.989631044,               6,      -4.132766963,   5.372770386e-08,   2.383249388e-05,       2.301265017,       20.51831005,       19.09728989,          0.738228383,         -0.6640482547,                     0,       0.461638606,       0.661707596,                 0,        287.749073,        278.299334,                 0,       14822.92312,        12359.79031,                  0,        0.1794528112,         0.1548025464,                    0,          301424.4951,            304091.206,                     0,           124.8490455,           -130.5918852,                      0,         124.849026,          130.372555,                   0,                95.16815172,                 178.3050337,                           0,            -3.120318092e-07,              -0.003356196687,                          nan,                      0.7622658724,                        1.367657738,                                nan,           300.0135315,            302.6677595,                      0,            17154.49897,             16591.26758,                       0,      0.7669552366,      0.5186745255,                 0,                 0,                 0,      0.3705477424,      0.2957818058,      0.8773578072,                 0,      0.6762774419
         630,     0.05822408003,      -4.820153176,      -2.360653684,       0.587065892,                        10,      -2.990688835,               6,      -4.140036651,   5.373285445e-08,   2.382938228e-05,       2.301265017,       20.51831005,       19.09728989,         0.7379993828,          -0.663050568,                     0,      0.4614485916,      0.6625982685,                 0,       287.7625423,       278.2277522,                 0,       14824.96704,        12359.53168,                  0,        0.1794691553,          0.154841259,                    0,          301428.4608,           304077.0093,                     0,           124.7989389,           -130.3535446,                      0,        124.7989238,         130.1391635,                   0,                95.13335957,                 178.8112069,                           0,            -2.411965314e-07,              -0.003286520673,                          nan,                      0.7622931084,                        1.373999971,                                nan,           300.0174786,            302.6536293,                      0,            17154.84381,             16603.37435,                       0,      0.7719417573,      0.5167861606,                 0,                 0,                 0,      0.3740954956,       0.300892778,      0.8788774367,                 0,       0.669462632
         631,     0.05819267405,      -4.823364703,      -2.371379089,      0.5844468394,                        10,      -2.991249301,               6,      -4.153862872,   5.373673225e-08,   2.382679983e-05,       2.301265017,       20.51831005,       19.09728989,          0.737671479,         -0.6619523164,                     0,      0.4611764233,      0.6633943695,                 0,       287.7802319,       278.1689718,                 0,        14827.7663,        12359.39266,                  0,        0.1794920089,         0.1548741036,                    0,          301432.4687,           304070.2216,                     0,           124.7275994,            -130.102417,                      0,        124.7275869,         129.8919568,                   0,                95.08222611,                  179.289654,                           0,            -2.001311201e-07,              -0.003232683627,                          nan,                      0.7623191346,                        1.380298353,                                nan,           300.0214678,            302.6468734,                      0,            17155.19019,             16614.45333,                       0,      0.7779942177,      0.5151905258,                 0,                 0,                 0,      0.3781789173,      0.3066742858,      0.8812758723,                 0,       0.662203541
         632,      0.0581632722,      -4.826681544,      -2.382212689,      0.5815818029,                        10,      -2.991165022,               6,      -4.172427712,   5.373893081e-08,   2.382475298e-05,       2.301265017,       20.51831005,       19.09728989,         0.7372428508,          -0.660781847,                     0,      0.4608207735,      0.6640891604,                 0,       287.8022012,       278.1223046,                 0,       14831.33227,        12359.37696,                  0,        0.1795214705,         0.1549014147,                    0,          301436.5167,           304069.5824,                     0,           124.6346673,           -129.8431802,                      0,        124.6346552,         129.6360018,                   0,                95.01449725,                  179.734946,                           0,            -1.929475525e-07,              -0.003188663103,                          nan,                      0.7623441255,                        1.386458572,                                nan,           300.0254968,            302.6462372,                      0,            17155.53816,              16624.3785,                       0,      0.7850421404,      0.5138974128,                 0,                 0,                 0,      0.3827668511,       0.313064333,      0.8845181946,                 0,      0.6546112448
         633,     0.05813362918,      -4.830048481,      -2.393019679,      0.5785546872,                        10,      -2.990279137,               6,      -4.195040796,   5.373931668e-08,   2.382324645e-05,       2.301265017,       20.51831005,       19.09728989,         0.7367118806,         -0.6595726032,                     0,      0.4603805573,      0.6646808121,                 0,       287.8284906,       278.0860953,                 0,       14835.67344,        12359.49738,                  0,         0.179557615,         0.1549242156,                    0,          301440.5977,           304073.1103,                     0,           124.5198388,           -129.5809287,                      0,        124.5198249,         129.3767669,                   0,                94.92997057,                 180.1429961,                           0,            -2.234042334e-07,              -0.003148626419,                          nan,                      0.7623683267,                        1.392390616,                                nan,           300.0295587,            302.6497486,                      0,            17155.88726,             16633.10239,                       0,      0.7930127897,      0.5129165174,                 0,                 0,                 0,      0.3878273976,      0.3199991843,      0.8885680393,                 0,      0.6467947606
         634,     0.05810477874,      -4.833432625,      -2.403716091,      0.5754334742,                        10,      -2.988491447,               6,      -4.232077634,   5.373800621e-08,   2.382228525e-05,       2.301265017,       20.51831005,       19.09728989,          0.736077325,         -0.6583615963,                     0,      0.4598550138,      0.6651727039,                 0,       287.8591093,       278.0579818,                 0,        14840.7937,        12359.76774,                  0,        0.1796004799,          0.154943969,                    0,          301444.6917,           304078.4184,                     0,           124.3829045,           -129.3211657,                      0,        124.3828861,         129.1200661,                   0,                94.82848581,                  180.511193,                           0,            -2.948988611e-07,              -0.003107662329,                          nan,                      0.7623917467,                        1.398010383,                                nan,           300.0336336,            302.6550318,                      0,            17156.23551,             16640.65358,                       0,      0.8018295429,      0.5122577656,                 0,                 0,                 0,      0.3933259179,      0.3274118736,      0.8933868699,                 0,      0.6388611771
         635,     0.05807232264,      -4.836799442,      -2.414242273,      0.5722952539,                        10,      -2.985890355,               6,      -4.267483631,    5.37353196e-08,   2.382187602e-05,       2.301265017,       20.51831005,       19.09728989,         0.7353385801,         -0.6571877254,                     0,      0.4592438791,      0.6655732335,                 0,       287.8940224,       278.0352162,                 0,        14846.6902,        12360.19653,                  0,        0.1796500487,         0.1549623123,                    0,           301448.761,           304083.0593,                     0,           124.2238052,           -129.0697408,                      0,        124.2237797,         128.8719729,                   0,                94.70994186,                 180.8384332,                           0,            -4.103749101e-07,               -0.00306216441,                          nan,                      0.7624139442,                        1.403240978,                                nan,           300.0376837,             302.659651,                      0,            17156.57878,             16647.12886,                       0,      0.8114084157,      0.5119303483,                 0,                 0,                 0,      0.3992222881,       0.335230024,       0.898931104,                 0,       0.630915749
         636,     0.05804032166,      -4.840106375,      -2.424479368,      0.5692338226,                        10,      -2.982858879,               6,      -4.296926144,   5.373171746e-08,   2.382202683e-05,       2.301265017,       20.51831005,       19.09728989,         0.7344959792,         -0.6560903672,                     0,      0.4585476116,      0.6658953245,                 0,        287.933139,        278.014961,                 0,       14853.35135,        12360.78357,                  0,         0.179706233,         0.1549808426,                    0,          301452.7499,           304084.8221,                     0,           124.0426949,           -128.8327632,                      0,        124.0426594,          128.638731,                   0,                94.57433669,                 181.1250744,                           0,            -5.720848842e-07,              -0.003009887633,                          nan,                      0.7624339652,                        1.408013535,                                nan,            300.041654,            302.6614055,                      0,            17156.91075,              16652.6836,                       0,      0.8216594466,      0.5119428719,                 0,                 0,                 0,      0.4054702404,      0.3433768581,       0.905153072,                 0,        0.62305968
         637,     0.05800853574,      -4.843302702,      -2.434295286,      0.5663533199,                        10,      -2.979930151,               6,      -4.325815084,   5.372774214e-08,   2.382274581e-05,       2.301265017,       20.51831005,       19.09728989,         0.7335510797,         -0.6551082006,                     0,      0.4577676354,      0.6661555944,                 0,       287.9763037,       277.9945592,                 0,        14860.7549,        12361.51976,                  0,        0.1797688558,         0.1550009566,                    0,          301456.5882,           304081.9712,                     0,           123.8399991,           -128.6164933,                      0,        123.8399507,         128.4266565,                   0,                94.42182322,                 181.3727848,                           0,            -7.812890469e-07,              -0.002949802739,                          nan,                      0.7624504262,                        1.412267435,                                nan,           300.0454743,             302.658568,                      0,             17157.2234,             16657.52055,                       0,      0.8324833155,      0.5123009203,                 0,                 0,                 0,      0.4120152073,      0.3517699856,      0.9119970289,                 0,      0.6153888141
         638,     0.05797674257,      -4.846352132,      -2.443516002,      0.5637392007,                        10,      -2.977661572,               6,      -4.346827888,   5.372395735e-08,   2.382403912e-05,       2.301265017,       20.51831005,       19.09728989,         0.7325068689,         -0.6542782964,                     0,      0.4569065315,      0.6663733149,                 0,       288.0232933,       277.9717337,                 0,       14868.86715,        12362.38915,                  0,         0.179837643,         0.1550237589,                    0,          301460.1979,            304073.393,                     0,           123.6164546,           -128.4272167,                      0,        123.6163904,         128.2420302,                   0,                94.25276404,                 181.5843094,                           0,            -1.037915238e-06,              -0.002881834808,                          nan,                       0.762461707,                        1.415950053,                                nan,           300.0490671,              302.65003,                      0,            17157.50787,             16661.87782,                       0,      0.8437698087,      0.5130052124,                 0,                 0,                 0,      0.4187932601,      0.3603212988,      0.9193967585,                 0,      0.6079919038
         639,     0.05794888594,      -4.849259083,      -2.451937386,      0.5614253163,                        10,      -2.976517573,               6,       -4.36016157,   5.372089432e-08,   2.382590892e-05,       2.301265017,       20.51831005,       19.09728989,         0.7313678723,          -0.653635407,                     0,      0.4559681576,      0.6665693977,                 0,       288.0738191,       277.9446796,                 0,        14877.6427,        12363.37041,                  0,        0.1799122205,         0.1550500275,                    0,          301463.5006,           304058.6229,                     0,           123.3731278,           -128.2711091,                      0,        123.3730451,         128.0909799,                   0,                94.06777599,                 181.7632087,                           0,            -1.340256379e-06,              -0.002806596825,                          nan,                      0.7624661929,                        1.419016459,                                nan,           300.0523544,             302.635329,                      0,            17157.75549,             16666.01611,                       0,        0.85539873,      0.5140511836,                 0,                 0,                 0,      0.4257317184,      0.3689379509,      0.9272757924,                 0,      0.6009492013
         640,     0.05792009984,      -4.852078137,      -2.459366339,      0.5593721464,                        10,      -2.976659842,               6,      -4.363232028,   5.371900335e-08,   2.382835201e-05,       2.301265017,       20.51831005,       19.09728989,         0.7301401657,         -0.6532110378,                     0,       0.454957685,      0.6667651727,                 0,       288.1275312,       277.9121271,                 0,       14887.02496,        12364.43828,                  0,        0.1799921167,         0.1550801918,                    0,          301466.4241,           304037.8248,                     0,           123.1114129,            -128.154038,                      0,        123.1113092,         127.9793051,                   0,                93.86775642,                 181.9135592,                           0,            -1.684756231e-06,              -0.002725060641,                          nan,                      0.7624624984,                        1.421429497,                                nan,           300.0552642,            302.6146282,                      0,            17157.95858,             16670.20218,                       0,      0.8672405702,      0.5154286695,                 0,                 0,                 0,      0.4327501589,      0.3775230802,      0.9355475637,                 0,      0.5943318235
         641,     0.05788938209,      -4.854911416,      -2.465644358,      0.5574654908,                        10,      -2.978008855,               6,      -4.365789098,   5.371862348e-08,   2.383135924e-05,       2.301265017,       20.51831005,       19.09728989,         0.7288313074,         -0.6530325531,                     0,      0.4538815557,      0.6669813815,                 0,       288.1840261,        277.873316,                 0,       14896.94713,        12365.56437,                  0,        0.1800767707,          0.155114357,                    0,          301468.9062,           304011.6873,                     0,           122.8330132,           -128.0813424,                      0,        122.8328863,         127.9122709,                   0,                 93.6538885,                 182.0397062,                           0,             -2.06590821e-06,               -0.00263832231,                          nan,                      0.7624496284,                        1.423160617,                                nan,           300.0577347,            302.5886131,                      0,            17158.11097,             16674.69489,                       0,      0.8791593492,       0.517122857,                 0,                 0,                 0,      0.4397625775,      0.3859774949,      0.9441178867,                 0,      0.5882015103
         642,     0.05785947418,      -4.857869489,      -2.470659832,      0.5555580403,                        10,      -2.980323763,               6,      -4.365487177,   5.371996357e-08,   2.383491554e-05,       2.301265017,       20.51831005,       19.09728989,         0.7274502147,         -0.6531221716,                     0,       0.452747378,      0.6672371322,                 0,        288.242855,       277.8279532,                 0,       14907.33355,        12366.71781,                  0,        0.1801655434,         0.1551523336,                    0,          301470.8972,           303981.2997,                     0,           122.5399096,           -128.0575873,                      0,        122.5397579,         127.8943767,                   0,                93.42762732,                 182.1460144,                           0,            -2.476268623e-06,              -0.002547393554,                          nan,                      0.7624270599,                        1.424190954,                                nan,           300.0597164,            302.5583677,                      0,             17158.2083,             16679.73011,                       0,      0.8910149422,       0.519114992,                 0,                 0,                 0,      0.4466796164,       0.394201094,      0.9528869291,                 0,      0.5826108716
         643,     0.05783028649,      -4.861038027,      -2.474351407,      0.5535188674,                        10,      -2.983350319,               6,      -4.368986457,   5.372310119e-08,   2.383900046e-05,       2.301265017,       20.51831005,       19.09728989,         0.7260070028,         -0.6534961862,                     0,      0.4515637776,      0.6675490847,                 0,       288.3035331,       277.7761128,                 0,       14918.10118,        12367.86599,                  0,        0.1802577299,         0.1551937025,                    0,           301472.361,           303947.9793,                     0,           122.2343233,           -128.0863453,                      0,        122.2341457,         127.9291443,                   0,                 93.1906716,                 182.2366566,                           0,            -2.906575235e-06,              -0.002453103444,                          nan,                      0.7623947553,                        1.424512433,                                nan,           300.0611733,            302.5252033,                      0,            17158.24805,              16685.5093,                       0,       0.902667247,      0.5213836591,                 0,                 0,                 0,      0.4534117962,      0.4020954075,      0.9617527551,                 0,      0.5776033868
         644,     0.05779979984,      -4.864449345,      -2.476705904,      0.5512698825,                        10,      -2.986899705,               6,      -4.370327638,   5.372798386e-08,    2.38435889e-05,       2.301265017,       20.51831005,       19.09728989,         0.7245128081,         -0.6541641481,                     0,      0.4503402212,      0.6679307758,                 0,       288.3655483,       277.7181851,                 0,       14929.16121,        12368.97635,                  0,        0.1803525739,         0.1552378655,                    0,          301473.2736,           303913.1648,                     0,           121.9186744,           -128.1699884,                      0,        121.9184704,         128.0189124,                   0,                92.94492318,                 182.3154742,                           0,            -3.345983972e-06,              -0.002356043061,                          nan,                      0.7623530942,                        1.424129223,                                nan,           300.0620817,            302.4905517,                      0,            17158.22935,             16692.19157,                       0,      0.9139806837,      0.5239059766,                 0,                 0,                 0,       0.459872769,      0.4095664513,      0.9706150032,                 0,      0.5732134015
         645,     0.05777099567,        -4.8680759,       -2.47776583,      0.5487983113,                        10,       -2.99085578,               6,      -4.372685177,    5.37344555e-08,    2.38486521e-05,       2.301265017,       20.51831005,       19.09728989,         0.7229795985,         -0.6551285731,                     0,      0.4490868304,      0.6683921735,                 0,       288.4283705,       277.6547978,                 0,       14940.42066,        12370.01866,                  0,        0.1804492809,         0.1552841176,                    0,          301473.6226,            303878.295,                     0,           121.5955389,            -128.309575,                      0,        121.5953089,         128.1647217,                   0,                92.69244364,                 182.3858484,                           0,            -3.782389577e-06,              -0.002256596366,                          nan,                      0.7623027933,                        1.423058124,                                nan,            300.062429,            302.4558452,                      0,            17158.15272,             16699.88976,                       0,      0.9248275492,      0.5266578209,                 0,                 0,                 0,      0.4659820157,      0.4165272594,       0.979377097,                 0,      0.5694659738
         646,     0.05773981345,      -4.871850058,      -2.477628603,      0.5461353307,                        10,      -2.995101206,               6,      -4.378880412,   5.374229112e-08,   2.385415844e-05,       2.301265017,       20.51831005,       19.09728989,         0.7214199769,         -0.6563849744,                     0,       0.447814191,       0.668939359,                 0,       288.4914612,       277.5867785,                 0,         14951.784,        12370.96759,                  0,        0.1805470322,         0.1553317008,                    0,           301473.406,           303844.7433,                     0,           121.2676049,           -128.5048225,                      0,        121.2673501,         128.3662825,                   0,                92.43540943,                 182.4505801,                           0,             -4.20284486e-06,              -0.002155020921,                          nan,                      0.7622448199,                         1.42132791,                                nan,           300.0622134,            302.4224505,                      0,            17158.01987,              16708.6688,                       0,      0.9350913283,      0.5296142437,                 0,                 0,                 0,      0.4716674245,      0.4229002656,      0.9879485841,                 0,       0.566377024
         647,     0.05770895432,      -4.875685614,       -2.47646745,        0.54333226,                        10,      -2.999358478,               6,      -4.391484803,   5.375123456e-08,   2.386007436e-05,       2.301265017,       20.51831005,       19.09728989,         0.7198469776,         -0.6579222296,                     0,      0.4465331631,      0.6695744195,                 0,       288.5542822,       277.5151159,                 0,       14963.15475,        12371.80389,                  0,        0.1806449995,         0.1553798405,                    0,          301472.6314,           303813.7656,                     0,           120.9376285,           -128.7541637,                      0,        120.9373507,         128.6220229,                   0,                92.17606775,                 182.5117979,                           0,            -4.594071328e-06,              -0.002051553131,                          nan,                      0.7621803126,                        1.418977822,                                nan,           300.0614425,            302.3916179,                      0,            17157.83351,             16718.54527,                       0,      0.9446683756,      0.5327490568,                 0,                 0,                 0,      0.4768668729,      0.4286188923,      0.9962458243,                 0,      0.5639535212
         648,     0.05767855362,      -4.879515767,      -2.474511754,      0.5404190812,                        10,      -3.003129139,               6,      -4.404952617,   5.376103832e-08,   2.386636503e-05,        2.76151802,       24.62197206,       22.91674787,         0.7182738582,         -0.6597233171,                     0,      0.4452546956,      0.6702956272,                 0,       288.6163044,       277.4408739,                 0,       14974.43708,        12372.51461,                  0,        0.1807423573,         0.1554277978,                    0,          301471.3153,           303786.4181,                     0,           120.6083889,            -129.054864,                      0,        120.6080908,         128.9291985,                   0,                 91.9166942,                 182.5709132,                           0,            -4.943041951e-06,              -0.001946525417,                          nan,                       0.762110515,                        1.416055598,                                nan,           300.0601325,            302.3643984,                      0,            17157.59713,             16729.48979,                       0,      0.9534700901,      0.5360352081,                 0,                 0,                 0,      0.4815294374,      0.4336290532,       1.004193607,                 0,      0.5621940464
         649,     0.05765080062,      -4.883305126,      -2.472052273,      0.5373926524,                        10,      -2.657698624,               6,      -4.052546968,   6.452579984e-08,   2.864759356e-05,       0.276151802,       2.462197206,       2.291674787,         0.7165481529,         -0.6620504795,                     0,      0.4438388117,      0.6712254481,                 0,       288.6896834,       277.3508455,                 0,        14987.8847,        12374.00465,                  0,        0.1808586861,         0.1554940692,                    0,          301474.9459,           303757.4172,                     0,           120.2413112,            -129.441745,                      0,        120.2409843,         129.3231293,                   0,                91.63448974,                 182.6477872,                           0,            -5.436867508e-06,              -0.001831887136,                          nan,                      0.7620903159,                        1.412336588,                                nan,           300.0637461,            302.3355332,                      0,            17158.45544,             16744.46192,                       0,      0.9629841393,      0.5402210437,                 0,                 0,                 0,      0.4863879466,      0.4386606592,       1.013288732,                 0,      0.5609864396
         650,     0.05760184685,      -4.879887402,      -2.461512158,      0.5448194953,                         4,      -4.490550748,               2,      -4.107132004,   6.454188431e-09,   2.865706081e-06,      0.3313821624,       2.954636647,       2.750009744,         0.7161194627,         -0.6623886242,                     0,      0.4435859811,      0.6713668798,                 0,       288.6839918,        277.338645,                 0,       14986.80968,        12371.72992,                  0,        0.1808492838,         0.1554717839,                    0,          301455.9814,           303754.6912,                     0,           120.1755598,           -129.5235206,                      0,        120.1752503,         129.4066057,                   0,                91.57625943,                 182.6450592,                           0,            -5.150598772e-06,              -0.001804493872,                          nan,                      0.7620226229,                        1.411404451,                                nan,           300.0448704,            302.3328199,                      0,            17154.63184,             16743.34504,                       0,      0.9634749098,      0.5404597569,                 0,                 0,                 0,      0.4866207242,      0.4389063967,       1.013776023,                 0,      0.5609484496
         651,     0.05964024724,      -4.890918998,      -2.467807856,      0.5272169255,                         4,      -4.099856287,               3,       -5.51644765,   7.745241478e-09,   3.439019284e-06,      0.3976585949,       3.545563976,       3.300011693,         0.7157284786,         -0.6628323066,                     0,      0.4433169771,      0.6715321442,                 0,       288.6846521,       277.3268414,                 0,       14987.10391,        12370.11849,                  0,         0.180852424,         0.1554575106,                    0,          301442.8235,           303754.1877,                     0,           120.1077813,           -129.6190647,                      0,        120.1075006,         129.5039235,                   0,                 91.5143505,                 182.6427986,                           0,            -4.673031196e-06,               -0.00177582014,                          nan,                      0.7619370148,                        1.410326372,                                nan,           300.0317741,            302.3323188,                      0,            17152.21114,             16743.45699,                       0,      0.9641436635,      0.5407846621,                 0,                 0,                 0,      0.4869431053,      0.4392414838,       1.014439734,                 0,      0.5608963504
         652,      0.0595952193,      -4.903274248,       -2.47532224,      0.5079432121,                         5,      -4.605762184,               3,      -5.143888527,   9.294595982e-09,   4.127072917e-06,      0.4771903139,       4.254676771,       3.960014032,         0.7153592729,          -0.663395386,                     0,      0.4430236312,      0.6717275838,                 0,       288.6919991,       277.3142223,                 0,       14988.81941,        12369.10647,                  0,        0.1808685244,          0.155451106,                    0,          301435.4033,           303755.0514,                     0,           120.0350503,             -129.73112,                      0,        120.0348048,         129.6178558,                   0,                91.44814581,                 182.6410865,                           0,            -4.091096571e-06,              -0.001745374946,                          nan,                      0.7618469156,                        1.409073506,                                nan,           300.0243886,            302.3331785,                      0,            17151.16901,             16744.79956,                       0,      0.9650490448,      0.5412287476,                 0,                 0,                 0,       0.487384866,      0.4396925799,       1.015341643,                 0,      0.5608303024
         653,      0.0595521607,      -4.916533546,      -2.484760876,      0.4874899106,                         5,      -4.171494724,               3,      -4.785399148,   1.115394718e-08,   4.952854273e-06,      0.5726283766,       5.105612126,       4.752016838,         0.7149818324,         -0.6640897701,                     0,      0.4426940294,      0.6719596851,                 0,       288.7058076,       277.2995174,                 0,       14991.85593,         12368.5758,                  0,        0.1808965147,          0.155451776,                    0,          301432.8761,           303756.3732,                     0,           119.9530706,           -129.8624912,                      0,        119.9528598,         129.7512983,                   0,                91.37647907,                 182.6400261,                           0,            -3.513789805e-06,              -0.001711739539,                          nan,                      0.7617699086,                        1.407616174,                                nan,           300.0218732,            302.3344941,                      0,            17151.26883,             16747.30232,                       0,      0.9662543704,      0.5418291332,                 0,                 0,                 0,      0.4879770215,      0.4402875578,       1.016549647,                 0,      0.5607520647
         654,     0.05950973023,      -4.929561779,      -2.495812899,      0.4674914017,                         6,      -4.449019126,               3,      -4.442179792,    1.33853413e-08,   5.943969696e-06,       0.687154052,       6.126734551,       5.702420206,         0.7145576797,          -0.664928248,                     0,      0.4423142214,      0.6722351535,                 0,       288.7252708,       277.2817593,                 0,        14995.9789,         12368.4051,                  0,         0.180934067,         0.1554585161,                    0,          301433.6874,           303757.5929,                     0,           119.8569611,           -130.0162234,                      0,        119.8567791,         129.9074589,                   0,                91.29755604,                 182.6398427,                           0,             -3.03632416e-06,              -0.001672391426,                          nan,                       0.761722088,                         1.40592268,                                nan,           300.0226808,            302.3357081,                      0,            17152.09989,             16750.89316,                       0,      0.9678185654,      0.5426242928,                 0,                 0,                 0,      0.4887463074,      0.4410499759,       1.018130059,                 0,      0.5606673732
         655,     0.05947038491,      -4.941042469,      -2.507296263,      0.4499980069,                         7,      -4.596346779,               3,      -4.115566126,   1.606312897e-08,   7.133576682e-06,      0.8245848624,       7.352081461,       6.842904247,         0.7140504865,         -0.6659267331,                     0,       0.441871258,      0.6725616245,                 0,       288.7492349,       277.2603617,                 0,       15000.89553,        12368.50486,                  0,         0.180978368,         0.1554705181,                    0,          301435.9747,           303758.6411,                     0,           119.7425204,           -130.1957735,                      0,        119.7423582,         130.0899936,                   0,                91.20910567,                 182.6410792,                           0,            -2.709260686e-06,               -0.00162427617,                          nan,                      0.7617112861,                        1.403959476,                                nan,           300.0249574,            302.3367514,                      0,            17153.19567,             16755.55823,                       0,      0.9697832582,      0.5436517393,                 0,                 0,                 0,      0.4897076068,      0.4419902163,       1.020137947,                 0,      0.5605909719
         656,     0.05943411689,      -4.950289575,       -2.51776233,      0.4361325141,                         7,      -4.107893499,               4,      -4.905460923,   1.927677579e-08,   8.561499346e-06,      0.9895018348,       8.822497753,       8.211485096,         0.7134372558,         -0.6671025689,                     0,      0.4413564133,      0.6729484559,                 0,       288.7765983,       277.2348067,                 0,       15006.36032,        12368.80772,                  0,        0.1810271433,         0.1554872322,                    0,          301438.1493,           303759.6611,                     0,           119.6074209,           -130.4048005,                      0,        119.6072698,         130.3026936,                   0,                 91.1087963,                 182.6448507,                           0,            -2.527249435e-06,              -0.001565385945,                          nan,                       0.761732932,                        1.401696661,                                nan,           300.0271218,            302.3377665,                      0,            17154.18755,             16761.34305,                       0,      0.9721598178,      0.5449475271,                 0,                 0,                 0,      0.4908563951,      0.4430954741,       1.022608879,                 0,      0.5605534368
         657,     0.05939940061,      -4.957363623,      -2.525816219,      0.4257706459,                         8,       -4.13213486,               4,      -4.521519047,   2.313365418e-08,   1.027556234e-05,       1.187402202,        10.5869973,       9.853782116,         0.7127135864,         -0.6684688403,                     0,      0.4407669721,      0.6734067439,                 0,       288.8067012,       277.2042405,                 0,       15012.25179,        12369.23501,                  0,        0.1810793384,         0.1555081737,                    0,          301439.3944,           303760.5689,                     0,           119.4516406,           -130.6464143,                      0,        119.4514948,         130.5486019,                   0,                90.99484062,                 182.6530732,                           0,            -2.440996727e-06,              -0.001496800049,                          nan,                      0.7617723057,                        1.399119335,                                nan,            300.028361,            302.3386701,                      0,            17154.91067,             16768.30966,                       0,      0.9749193451,      0.5465482633,                 0,                 0,                 0,      0.4921625712,      0.4443205772,       1.025554464,                 0,      0.5606086966
         658,     0.05936995721,      -4.962105736,      -2.529620087,      0.4192059798,                         9,      -4.089172707,               4,      -4.162841009,   2.776264101e-08,   1.233318966e-05,       1.424882642,       12.70439676,       11.82453854,         0.7118895254,         -0.6700312191,                     0,      0.4401056723,      0.6739483093,                 0,       288.8394657,       277.1676033,                 0,       15018.56989,        12369.71107,                  0,        0.1811349989,         0.1555330152,                    0,           301439.781,           303761.1167,                     0,           119.2768518,           -130.9225248,                      0,        119.2767093,         130.8293066,                   0,                90.86654159,                 182.6684735,                           0,            -2.388967079e-06,              -0.001423514078,                          nan,                      0.7618129482,                        1.396235127,                                nan,           300.0287458,            302.3392154,                      0,            17155.39489,             16776.54085,                       0,      0.9779891587,      0.5484950279,                 0,                 0,                 0,      0.4935675415,      0.4455828158,       1.028963335,                 0,      0.5608395789
         659,     0.05934505485,      -4.963285985,      -2.526840615,      0.4187897113,                        10,       -4.00042002,               5,      -4.673975244,   3.331851131e-08,   1.480332668e-05,       1.709859171,       15.24527612,       14.18944625,         0.7109792224,         -0.6717952693,                     0,      0.4393783222,      0.6745844602,                 0,       288.8752054,       277.1244384,                 0,       15025.36379,        12370.25117,                  0,        0.1811945184,         0.1555622105,                    0,          301439.9465,           303761.6802,                     0,           119.0851902,           -131.2344934,                      0,         119.085051,         131.1457148,                   0,                90.72448379,                 182.6940079,                           0,            -2.338056065e-06,              -0.001352518774,                          nan,                      0.7618461179,                        1.393061208,                                nan,           300.0289105,            302.3397762,                      0,            17155.75761,              16786.2383,                       0,      0.9812521148,      0.5508387817,                 0,                 0,                 0,      0.4949826058,      0.4467581233,       1.032805042,                 0,      0.5613631536
         660,     0.05932329682,      -4.959218518,      -2.516428329,      0.4276879261,                        10,      -3.550687851,               5,      -4.304387998,   3.998722115e-08,   1.776875109e-05,       2.051831005,       18.29433134,        17.0273355,         0.7099921284,         -0.6737822074,                     0,      0.4385910357,      0.6753248716,                 0,       288.9142904,          277.0755,                 0,       15032.65615,        12371.02042,                  0,        0.1812579343,         0.1555973759,                    0,          301440.6025,           303763.8381,                     0,           118.8782462,           -131.5854312,                      0,        118.8781091,         131.5006287,                   0,                90.57015885,                  182.731182,                           0,            -2.305675049e-06,              -0.001288518481,                          nan,                      0.7618741543,                        1.389584093,                                nan,           300.0295635,             302.341924,                      0,            17156.08902,             16797.78298,                       0,      0.9845349978,      0.5536446898,                 0,                 0,                 0,      0.4962811814,      0.4476692218,       1.037026457,                 0,      0.5623412992
         661,     0.05930326526,      -4.949166199,      -2.500206705,      0.4466385911,                        10,       -3.15261125,               6,      -4.817318699,   4.799232353e-08,   2.132885548e-05,       2.462197206,       21.95319761,        20.4328026,         0.7089317671,         -0.6760392567,                     0,      0.4377485436,      0.6761754596,                 0,       288.9568206,       277.0221229,                 0,       15040.41054,        12372.23047,                  0,        0.1813247407,         0.1556403608,                    0,          301442.1083,           303769.5242,                     0,           118.6569773,           -131.9826637,                      0,        118.6568384,         131.9014562,                   0,                90.40499382,                 182.7773097,                           0,            -2.341778191e-06,               -0.00123020118,                          nan,                      0.7619029382,                        1.385711083,                                nan,           300.0310622,            302.3475835,                      0,            17156.39774,             16811.56226,                       0,      0.9875666204,      0.5569918923,                 0,                 0,                 0,      0.4972739921,      0.4480524313,       1.041526196,                 0,      0.5640043728
         662,     0.05928423665,      -4.933451607,      -2.481685992,      0.4733302565,                        10,      -2.801706075,               6,      -4.452930653,   5.760278635e-08,   2.560300926e-05,      0.2462197206,       2.195319761,        2.04328026,           0.70780282,         -0.6786316723,                     0,      0.4368553338,      0.6771346995,                 0,       289.0022639,       276.9646545,                 0,       15048.51804,         12373.9061,                  0,        0.1813939552,         0.1556912312,                    0,          301444.1506,           303779.0325,                     0,           118.4228422,           -132.4379852,                      0,        118.4226947,         132.3604448,                   0,                 90.2293547,                 182.8232165,                           0,            -2.491083685e-06,              -0.001170625917,                          nan,                      0.7619262082,                        1.381252661,                                nan,           300.0330949,            302.3570473,                      0,            17156.60733,             16827.59747,                       0,      0.9898991481,      0.5609552727,                 0,                 0,                 0,      0.4976654742,      0.4475061327,       1.046092445,                 0,      0.5666792155
         663,     0.05924114428,      -4.912752099,      -2.463954819,      0.5046485315,                         4,      -4.732274805,               2,      -4.425113718,   5.761882023e-09,   2.561216995e-06,      0.2954636647,       2.634383713,       2.451936311,         0.7075306686,           -0.67901258,                     0,      0.4367021017,       0.677293042,                 0,       289.0001302,       276.9553065,                 0,       15047.95456,        12372.08631,                  0,        0.1813885038,         0.1556732582,                    0,          301434.1494,           303780.7597,                     0,           118.3808434,           -132.5265143,                      0,        118.3807022,         132.4495667,                   0,                90.19741231,                  182.821299,                           0,            -2.384535777e-06,              -0.001160904374,                          nan,                      0.7619266536,                        1.380308774,                                nan,           300.0231406,            302.3587664,                      0,            17154.41631,             16827.39674,                       0,      0.9900096878,      0.5611859447,                 0,                 0,                 0,      0.4976583943,      0.4474542795,       1.046342924,                 0,      0.5668489426
         664,     0.05919376361,      -4.917845803,      -2.471732594,      0.4957141202,                         4,      -4.329078291,               2,      -4.162459793,   6.914393078e-09,   3.073675164e-06,      0.3545563976,       3.161260456,       2.942323574,         0.7072774991,         -0.6795003615,                     0,      0.4365389479,      0.6774777476,                 0,       289.0012154,       276.9468911,                 0,       15048.08003,        12370.78486,                  0,        0.1813893363,         0.1556612082,                    0,          301427.0048,           303785.5099,                     0,            118.337912,           -132.6308343,                      0,        118.3377811,         132.5544565,                   0,                  90.162485,                 182.8193414,                           0,            -2.210925221e-06,              -0.001151404086,                          nan,                      0.7619078551,                        1.379201773,                                nan,           300.0160294,            302.3634943,                      0,              17152.911,             16828.28323,                       0,      0.9901416645,      0.5614915598,                 0,                 0,                 0,      0.4976468087,      0.4473740643,       1.046666009,                 0,      0.5670820448
         665,      0.0591654018,      -4.924392579,      -2.481587749,      0.4848161982,                         5,      -4.848043723,               3,      -5.572376165,   8.297473911e-09,   3.688713174e-06,      0.4254676771,       3.793512547,       3.530788288,          0.707038968,         -0.6801094067,                     0,      0.4363625962,      0.6776941948,                 0,       289.0058192,       276.9385756,                 0,       15048.95505,        12369.96442,                  0,        0.1813969951,         0.1556550624,                    0,          301422.8635,           303792.7763,                     0,           118.2929746,           -132.7537044,                      0,        118.2928568,         132.6778935,                   0,                90.12426362,                 182.8171213,                           0,             -1.99169925e-06,              -0.001141802175,                          nan,                      0.7618740982,                        1.377901899,                                nan,           300.0119075,            302.3707267,                      0,            17152.12731,              16830.2842,                       0,      0.9903015085,      0.5619018445,                 0,                 0,                 0,      0.4976293298,      0.4472525882,       1.047089243,                 0,      0.5674048153
         666,     0.05912659775,      -4.933052357,      -2.493613921,      0.4710120586,                         5,      -4.402133733,               3,      -5.208211176,   9.957277145e-09,   4.426881363e-06,      0.5105612126,       4.552215056,       4.236945946,         0.7068027553,         -0.6808517793,                     0,      0.4361677468,      0.6779475264,                 0,       289.0139503,       276.9293546,                 0,       15050.56046,        12369.53206,                  0,         0.181411243,         0.1556541956,                    0,           301421.467,           303801.8441,                     0,           118.2441337,           -132.8978538,                      0,        118.2440297,         132.8226828,                   0,                90.08225871,                 182.8142776,                           0,            -1.758334621e-06,              -0.001130940454,                          nan,                      0.7618334636,                        1.376378445,                                nan,           300.0105175,            302.3797522,                      0,            17151.98991,             16833.34671,                       0,      0.9904945257,      0.5624498942,                 0,                 0,                 0,       0.497602163,      0.4470740165,       1.047642168,                 0,      0.5678475545
         667,     0.05909364566,       -4.94383352,      -2.507160197,       0.454274049,                         6,      -4.700860112,               3,      -4.859088315,   1.194920847e-08,   5.312852878e-06,      0.6126734551,       5.462658068,       5.084335135,         0.7065501568,         -0.6817385533,                     0,      0.4359477088,      0.6782423057,                 0,       289.0252582,       276.9182994,                 0,        15052.7914,        12369.37328,                  0,        0.1814310354,         0.1556576672,                    0,          301422.1121,           303812.0382,                     0,           118.1889507,           -133.0659779,                      0,        118.1888594,          132.991668,                   0,                90.03575526,                 182.8103195,                           0,            -1.543894599e-06,              -0.001116575209,                          nan,                      0.7617956185,                        1.374599794,                                nan,           300.0111596,            302.3898985,                      0,            17152.31191,             16837.37898,                       0,      0.9907206543,       0.563168849,                 0,                 0,                 0,       0.497556575,      0.4468182176,       1.048351109,                 0,       0.568443634
         668,     0.05906360463,      -4.955754073,      -2.521011015,      0.4360374305,                         6,       -4.22705636,               3,       -4.52580088,   1.433978836e-08,   6.376252428e-06,      0.7352081461,       6.555189681,       6.101202162,         0.7062610743,         -0.6827802094,                     0,      0.4356959733,      0.6785824255,                 0,         289.03908,       276.9045921,                 0,        15055.4827,        12369.37805,                  0,        0.1814547964,         0.1556645372,                    0,          301423.7796,           303822.7561,                     0,           118.1250997,           -133.2605969,                      0,        118.1250186,         133.1875697,                   0,                89.98386063,                 182.8047118,                           0,             -1.37317691e-06,              -0.001095705989,                          nan,                      0.7617680122,                        1.372535832,                                nan,           300.0128193,            302.4005663,                      0,            17152.83962,             16842.28552,                       0,      0.9909673279,      0.5640889166,                 0,                 0,                 0,       0.497475122,      0.4464568895,        1.04923248,                 0,      0.5692305899
         669,      0.0590435006,      -4.967022283,      -2.533980166,      0.4190086214,                         7,      -4.350649489,               3,      -4.209770906,   1.720888993e-08,   7.652650651e-06,      0.8822497753,       7.866227617,       7.321442595,         0.7059210008,         -0.6839822288,                     0,      0.4354083453,      0.6789705707,                 0,       289.0546081,       276.8872324,                 0,       15058.46143,        12369.42986,                  0,        0.1814809477,         0.1556739033,                    0,          301425.4178,           303833.1103,                     0,             118.05119,           -133.4833151,                      0,        118.0511159,         133.4121597,                   0,                 89.9256959,                 182.7970019,                           0,             -1.25531242e-06,              -0.001065848814,                          nan,                      0.7617521888,                        1.370167475,                                nan,           300.0144499,             302.410872,                      0,            17153.33411,              16847.9471,                       0,      0.9911989401,       0.565235666,                 0,                 0,                 0,      0.4973263025,      0.4459462141,       1.050285043,                 0,      0.5702545101
         670,     0.05901154784,      -4.975922801,      -2.545192588,      0.4057948656,                         8,      -4.381651005,               4,      -4.993003112,   2.065243072e-08,   9.184756758e-06,        1.05869973,       9.439473141,       8.785731114,         0.7055265019,          -0.685335073,                     0,      0.4350847412,      0.6794064439,                 0,       289.0711338,        276.864656,                 0,       15061.60153,        12369.37337,                  0,        0.1815084145,         0.1556847143,                    0,          301426.2863,           303841.3785,                     0,           117.9673516,           -133.7332314,                      0,        117.9672819,         133.6645414,                   0,                89.86074068,                 182.7869616,                           0,             -1.18142355e-06,              -0.001027005844,                          nan,                      0.7617429107,                        1.367505247,                                nan,           300.0153142,            302.4191015,                      0,            17153.65142,             16854.15334,                       0,      0.9913443876,       0.566629704,                 0,                 0,                 0,      0.4970581329,      0.4452171429,       1.051482103,                 0,      0.5715770534
         671,     0.05899167842,      -4.981631529,      -2.553316462,       0.397534387,                         9,      -4.341822577,               4,      -4.620575443,   2.478561697e-08,   1.102384976e-05,       1.270439676,       11.32736777,       10.54287734,         0.7050857452,         -0.6868062789,                     0,       0.434729725,      0.6798836064,                 0,       289.0882139,       276.8350472,                 0,       15064.84513,         12369.0427,                  0,        0.1815367774,         0.1556959409,                    0,          301426.1571,           303845.1058,                     0,            117.875226,           -134.0053595,                      0,        117.8751595,         133.9394769,                   0,                 89.7892188,                 182.7745019,                           0,            -1.129345615e-06,              -0.000983040762,                          nan,                      0.7617314726,                        1.364605164,                                nan,           300.0151857,            302.4228113,                      0,            17153.77219,             16860.59506,                       0,      0.9912861212,      0.5682871422,                 0,                 0,                 0,      0.4965923632,      0.4441664052,       1.052765242,                 0,      0.5732826578
         672,     0.05899669866,      -4.983859564,      -2.555872495,      0.3945627892,                        10,      -4.254433911,               4,      -4.270886374,    2.97468691e-08,   1.323149681e-05,       1.524527612,       13.59284132,        12.6514528,         0.7046138151,         -0.6883483293,                     0,      0.4343516213,      0.6803871593,                 0,       289.1056545,       276.7976907,                 0,       15068.17537,        12368.41106,                  0,        0.1815659544,         0.1557076698,                    0,          301425.2514,           303842.4032,                     0,           117.7773903,           -134.2910739,                      0,        117.7773269,         134.2278862,                   0,                89.71234679,                  182.759067,                           0,            -1.076411392e-06,              -0.000940833949,                          nan,                      0.7617115207,                        1.361558109,                                nan,           300.0142842,            302.4201213,                      0,            17153.76146,             16867.02981,                       0,      0.9908533831,      0.5702195803,                 0,                 0,                 0,      0.4958213603,      0.4426511384,       1.054040211,                 0,      0.5754833056
         673,     0.05900299688,      -4.981822968,      -2.550941994,      0.3982983716,                        10,      -3.777561627,               5,      -4.767977554,   3.570259474e-08,   1.588161025e-05,       1.829433134,       16.31140959,       15.18174336,         0.7041266985,         -0.6899257908,                     0,      0.4339610311,      0.6808948165,                 0,        289.123313,       276.7542518,                 0,       15071.56191,        12367.75063,                  0,        0.1815956694,         0.1557223718,                    0,          301423.9575,           303833.4266,                     0,           117.6766986,           -134.5819287,                      0,        117.6766389,         134.5208853,                   0,                89.63227949,                 182.7380415,                           0,            -1.014179872e-06,             -0.0009069507328,                          nan,                      0.7616828651,                        1.358436209,                                nan,           300.0129964,            302.4111868,                      0,            17153.69165,              16873.5101,                       0,      0.9898204331,      0.5724322345,                 0,                 0,                 0,      0.4946093125,      0.4404886113,       1.055174363,                 0,      0.5783192742
         674,     0.05899514874,      -4.974179373,      -2.539931109,      0.4111029288,                        10,      -3.354105609,               5,      -4.403214755,    4.28530171e-08,   1.906290102e-05,       2.195319761,        19.5736915,       18.21809204,         0.7036390235,         -0.6915412607,                     0,      0.4335700379,      0.6813797618,                 0,       289.1408257,       276.7080724,                 0,       15074.91645,        12367.54891,                  0,        0.1816250868,         0.1557442523,                    0,          301422.5068,           303819.8171,                     0,             117.57614,            -134.874911,                      0,         117.576084,         134.8153011,                   0,                89.55173523,                 182.7038787,                           0,             -9.51646377e-07,             -0.0008837342699,                          nan,                      0.7616492415,                         1.35521619,                                nan,           300.0115525,             302.397641,                      0,            17153.58378,             16880.30884,                       0,      0.9879074707,      0.5749194198,                 0,                 0,                 0,      0.4927966874,       0.437459695,        1.05599362,                 0,      0.5819567488
         675,     0.05896991405,      -4.959732172,      -2.526846469,      0.4342971347,                        10,      -2.981445206,               5,      -4.075348091,   5.143928786e-08,   2.288180942e-05,       2.195319761,        19.5736915,       18.21809204,         0.7031675447,         -0.6932305431,                     0,      0.4331931129,       0.681809532,                 0,       289.1573603,       276.6612625,                 0,       15078.07316,        12368.12044,                  0,        0.1816527314,         0.1557760355,                    0,          301420.7603,           303801.4249,                     0,           117.4794686,            -135.174189,                      0,        117.4794157,         135.1155291,                   0,                89.47357516,                 182.6409759,                           0,            -9.021205424e-07,             -0.0008677275285,                          nan,                      0.7616106588,                        1.351739338,                                nan,           300.0098141,            302.3793349,                      0,            17153.39434,             16887.37425,                       0,      0.9847777337,      0.5776503565,                 0,                 0,                 0,      0.4902003555,      0.4333151562,       1.056269423,                 0,      0.5865794248
         676,     0.05894547459,      -4.937830578,      -2.514950563,      0.4672642141,                        10,       -3.01029886,               5,      -4.099204975,   5.146015008e-08,   2.288835453e-05,       2.634383713,       23.48842981,       21.86171045,         0.7027693185,         -0.6948413061,                     0,      0.4328815772,      0.6821363643,                 0,       289.1695081,       276.6207247,                 0,       15080.37635,        12368.90898,                  0,        0.1816728471,         0.1558070991,                    0,          301417.7445,           303782.1286,                     0,           117.3999277,           -135.4590853,                      0,        117.3998776,         135.4011055,                   0,                89.40785382,                 182.5479088,                           0,            -8.521866006e-07,              -0.000855866581,                          nan,                      0.7615668399,                        1.348201022,                                nan,           300.0068125,            302.3601289,                      0,            17152.89154,             16893.24427,                       0,       0.980982038,      0.5800728204,                 0,                 0,                 0,       0.487297329,       0.428827796,       1.055896281,                 0,       0.591318493
         677,     0.05892424749,      -4.918342446,       -2.51213985,      0.4949503408,                        10,      -2.683633118,               6,      -4.523036777,   6.177910558e-08,   2.747334246e-05,      0.2634383713,       2.348842981,       2.186171045,         0.7024419129,         -0.6965672139,                     0,      0.4326171757,      0.6823441151,                 0,       289.1790598,       276.5736456,                 0,       15082.29573,         12369.8806,                  0,        0.1816899686,         0.1558439448,                    0,          301414.4022,           303746.6767,                     0,           117.3341661,           -135.7606372,                      0,        117.3341197,         135.7036192,                   0,                89.34946009,                  182.389255,                           0,            -7.913088286e-07,              -0.000839801974,                          nan,                      0.7614959771,                         1.34402646,                                nan,           300.0034858,             302.324843,                      0,             17152.4259,             16897.61456,                       0,       0.975538609,      0.5825702126,                 0,                 0,                 0,      0.4833819888,      0.4229843018,       1.054584236,                 0,      0.5971780176
         678,     0.05887639617,      -4.898485405,      -2.510678663,      0.5220382852,                         4,      -4.589786478,               2,      -4.358181848,   6.181490742e-09,   2.748061037e-06,      0.3161260456,       2.818611577,       2.623405253,         0.7023691958,         -0.6968371967,                     0,      0.4325789281,      0.6824409176,                 0,       289.1791284,       276.5695491,                 0,       15082.24803,        12369.03226,                  0,        0.1816893512,         0.1558354649,                    0,            301412.55,           303749.5685,                     0,           117.3224102,            -135.821075,                      0,        117.3223668,          135.763689,                   0,                89.34340797,                 182.3822418,                           0,            -7.400052325e-07,              -0.000844843944,                          nan,                      0.7615206748,                        1.343380127,                                nan,           300.0016423,            302.3277212,                      0,            17151.98854,             16897.89993,                       0,      0.9751882689,       0.582685072,                 0,                 0,                 0,      0.4831268131,      0.4226360121,       1.054463301,                 0,      0.5975103378
         679,     0.05882621765,      -4.905066975,      -2.520192921,      0.5120722562,                         4,       -4.19800549,               2,      -4.093045632,   7.418079604e-09,   3.297909358e-06,      0.3793512547,       3.382333892,       3.148086304,         0.7023027976,         -0.6971808185,                     0,      0.4325391989,      0.6825441077,                 0,       289.1798899,       276.5650101,                 0,       15082.36295,        12368.48082,                  0,        0.1816902573,         0.1558309172,                    0,          301411.3457,           303752.4737,                     0,           117.3107253,           -135.8924889,                      0,        117.3106854,         135.8346635,                   0,                89.33672092,                 182.3694685,                           0,             -6.81574297e-07,             -0.0008508645148,                          nan,                      0.7615395021,                        1.342584167,                                nan,           300.0004436,            302.3306129,                      0,            17151.72129,             16898.68695,                       0,      0.9747248588,      0.5828496742,                 0,                 0,                 0,      0.4827954467,      0.4221676346,       1.054313417,                 0,      0.5979632805
         680,     0.05878069119,      -4.914823257,      -2.530078679,      0.4980031377,                         5,       -4.71620463,               3,      -5.567622845,   8.902144837e-09,   3.957810335e-06,      0.4552215056,        4.05880067,       3.777703565,         0.7022428117,         -0.6976015191,                     0,      0.4324982523,      0.6826515642,                 0,       289.1812588,       276.5589945,                 0,       15082.62856,        12368.14422,                  0,        0.1816925971,          0.155829834,                    0,          301410.7132,           303754.0978,                     0,           117.2991854,           -135.9758986,                      0,        117.2991492,         135.9175866,                   0,                89.32941419,                 182.3487706,                           0,            -6.172056131e-07,             -0.0008574971669,                          nan,                      0.7615521067,                        1.341612775,                                nan,           299.9998141,            302.3322293,                      0,            17151.61324,             16899.83159,                       0,       0.974104937,      0.5830828972,                 0,                 0,                 0,      0.4823595685,      0.4215331728,       1.054123274,                 0,      0.5985832482
         681,     0.05874143739,      -4.927951255,      -2.539859542,      0.4793340312,                         5,      -4.273629416,               3,      -5.196937316,   1.068326992e-08,   4.749794486e-06,      0.5462658068,       4.870560804,       4.533244278,         0.7021884761,         -0.6980975289,                     0,      0.4324566378,      0.6827589205,                 0,       289.1830334,        276.550407,                 0,       15083.00567,        12367.90465,                  0,        0.1816960252,         0.1558313307,                    0,          301410.4702,           303752.9073,                     0,           117.2878865,           -136.0716197,                      0,        117.2878543,         136.0128326,                   0,                89.32158595,                 182.3175581,                           0,            -5.485107878e-07,             -0.0008638754809,                          nan,                      0.7615587007,                          1.3404438,                                nan,           299.9995722,            302.3310444,                      0,            17151.62531,             16901.10697,                       0,      0.9732751638,      0.5834013118,                 0,                 0,                 0,      0.4817837818,      0.4206801548,       1.053873732,                 0,      0.5994207326
         682,     0.05870142694,      -4.943172489,      -2.549060244,      0.4575701103,                         6,      -4.566836367,               3,      -4.838740955,   1.282100224e-08,   5.700298883e-06,      0.6555189681,       5.844672965,       5.439893134,         0.7021390707,         -0.6986623945,                     0,      0.4324156389,       0.682859086,                 0,       289.1848901,        276.538313,                 0,       15083.42881,        12367.64374,                  0,        0.1816999561,         0.1558344259,                    0,          301410.3438,           303747.3379,                     0,           117.2770865,           -136.1790864,                      0,        117.2770585,         136.1199334,                   0,                89.31348352,                 182.2728711,                           0,             -4.76903819e-07,             -0.0008685632972,                          nan,                      0.7615597174,                        1.339060831,                                nan,           299.9994464,            302.3255011,                      0,             17151.6959,             16902.24421,                       0,      0.9721734163,      0.5838153393,                 0,                 0,                 0,      0.4810264595,       0.419552848,       1.053535433,                 0,      0.6005259241
         683,      0.0586615367,       -4.95777684,      -2.557485684,      0.4364501119,                         6,      -4.102644125,               3,      -4.493420315,    1.53868693e-08,   6.841047541e-06,      0.7866227617,       7.013607558,        6.52787176,          0.702095455,         -0.6992842847,                     0,      0.4323778981,      0.6829418006,                 0,       289.1864089,       276.5219686,                 0,       15083.81492,        12367.26563,                  0,        0.1817036533,         0.1558383214,                    0,          301410.0291,           303735.7949,                     0,           117.2674043,           -136.2965144,                      0,        117.2673806,         136.2372219,                   0,                89.30560439,                 182.2114529,                           0,            -4.032188106e-07,             -0.0008698627002,                          nan,                       0.761555378,                        1.337457197,                                nan,           299.9991332,            302.3140121,                      0,            17151.75702,             16902.95837,                       0,      0.9707297688,      0.5843263178,                 0,                 0,                 0,      0.4800410479,      0.4180948176,        1.05306707,                 0,      0.6019453988
         684,     0.05862772964,      -4.969147288,      -2.565149719,      0.4199772719,                         7,      -4.216656244,               3,       -4.16174387,   1.846680954e-08,   8.210109627e-06,      0.9439473141,        8.41632907,       7.833446112,          0.702061583,         -0.6999414046,                     0,      0.4323479707,      0.6829926018,                 0,       289.1871385,       276.5005608,                 0,       15084.07843,        12366.68743,                  0,        0.1817063694,         0.1558424345,                    0,          301409.2845,           303716.2924,                     0,           117.2599826,           -136.4200803,                      0,        117.2599634,         136.3609508,                   0,                89.29882143,                 182.1297628,                           0,            -3.284831619e-07,             -0.0008666860215,                          nan,                      0.7615457048,                        1.335644565,                                nan,           299.9983921,            302.2946009,                      0,            17151.75693,             16902.92216,                       0,      0.9688657703,      0.5849247502,                 0,                 0,                 0,      0.4787766983,      0.4162494131,       1.052413545,                 0,       0.603721143
         685,     0.05861492318,      -4.976794966,      -2.571607322,      0.4091409428,                         8,      -4.234583056,               4,       -4.92718827,   2.216410759e-08,   9.853173277e-06,       1.132736777,       10.09959488,       9.400135335,         0.7020449683,         -0.7005944578,                     0,      0.4323324399,      0.6829907258,                 0,       289.1866805,       276.4729881,                 0,       15084.14605,        12365.82304,                  0,        0.1817074719,         0.1558463205,                    0,          301408.0255,           303686.0565,                     0,           117.2564849,           -136.5426406,                      0,        117.2564699,         136.4839329,                   0,                89.29448669,                 182.0238855,                           0,            -2.559680206e-07,             -0.0008597325273,                          nan,                      0.7615314255,                        1.333665301,                                nan,            299.997139,            302.2645065,                      0,            17151.67818,             16901.71549,                       0,      0.9664912551,      0.5855885463,                 0,                 0,                 0,      0.4771773706,      0.4139582965,       1.051502649,                 0,         0.6058912
         686,     0.05860868282,       -4.98198259,      -2.575321637,      0.4020286025,                         9,      -4.192691021,               4,      -4.529131811,   2.660294535e-08,    1.18250792e-05,       1.359284132,       12.11951386,        11.2801624,         0.7020554432,         -0.7011852744,                     0,      0.4323392761,      0.6829069758,                 0,       289.1847524,       276.4383317,                 0,       15083.96385,        12364.63745,                  0,        0.1817064888,         0.1558500819,                    0,          301406.3583,           303641.8828,                     0,            117.258859,            -136.653138,                      0,        117.2588478,         136.5949101,                   0,                89.29440812,                 181.8892938,                           0,            -1.923975271e-07,             -0.0008520182724,                          nan,                      0.7615153128,                        1.331596424,                                nan,           299.9954795,            302.2205396,                      0,            17151.53922,             16898.86855,                       0,      0.9634986349,      0.5862801512,                 0,                 0,                 0,      0.4751793101,       0.411158642,       1.050239309,                 0,      0.6084908997
         687,     0.05860301904,      -4.984557758,      -2.574353287,      0.3986372902,                        10,      -4.102140773,               4,      -4.144743794,   3.193270487e-08,   1.419166144e-05,       1.631140959,       14.54341663,       13.53619488,         0.7021031763,         -0.7016537719,                     0,      0.4323767655,      0.6827049858,                 0,       289.1811392,       276.3970923,                 0,       15083.48717,         12363.2976,                  0,         0.181703017,         0.1558555536,                    0,          301404.4751,           303581.5869,                     0,           117.2690649,           -136.7387108,                      0,        117.2690564,         136.6807393,                   0,                89.30058346,                 181.7204782,                           0,            -1.451938354e-07,              -0.000847737374,                          nan,                      0.7615016803,                        1.329525134,                                nan,           299.9936052,             302.160526,                      0,             17151.3722,             16894.08332,                       0,      0.9597568352,      0.5869419218,                 0,                 0,                 0,      0.4727085797,      0.4077811142,       1.048498243,                 0,      0.6115527395
         688,     0.05859247489,      -4.981190573,      -2.568546966,      0.4038608414,                        10,      -3.638517274,               5,      -4.644334391,   3.833318268e-08,   1.703194221e-05,        1.95736915,       17.45209996,       16.24343386,         0.7021986494,         -0.7019717849,                     0,      0.4324533302,      0.6823491246,                 0,       289.1754649,       276.3517484,                 0,        15082.6476,        12362.26154,                  0,        0.1816964685,         0.1558671005,                    0,          301402.4078,           303505.2133,                     0,           117.2892338,           -136.7903026,                      0,         117.289227,         136.7321739,                   0,                89.31479434,                 181.5104552,                           0,            -1.163454707e-07,             -0.0008497153737,                          nan,                      0.7614918834,                        1.327488988,                                nan,           299.9915476,            302.0845098,                      0,            17151.18371,             16887.46728,                       0,      0.9551086007,      0.5874902555,                 0,                 0,                 0,      0.4696808892,      0.4037512831,       1.046117651,                 0,      0.6151030941
         689,     0.05856835145,      -4.968319488,      -2.560534136,       0.422956762,                        10,      -3.229662264,               5,      -4.226146261,   4.602089037e-08,   2.044073247e-05,       2.348842981,       20.94251995,       19.49212063,         0.7023564761,         -0.7021663827,                     0,      0.4325797251,       0.681815679,                 0,       289.1668927,       276.3047648,                 0,       15081.31019,        12362.05355,                  0,        0.1816857429,         0.1558899201,                    0,          301399.8257,           303413.6978,                     0,           117.3225185,           -136.8085284,                      0,        117.3225127,         136.7498601,                   0,                89.33859943,                 181.2501034,                           0,             -9.94330821e-08,             -0.0008574864558,                          nan,                      0.7614787424,                        1.325413447,                                nan,           299.9889776,            301.9934228,                      0,            17150.92806,             16879.39022,                       0,      0.9493668308,      0.5878096679,                 0,                 0,                 0,      0.4659998951,      0.3989902972,        1.04289229,                 0,       0.619159685
         690,     0.05854459436,      -4.946613173,       -2.55328082,      0.4544440999,                        10,      -2.876956263,               6,      -4.639937447,   5.525660194e-08,   2.453171468e-05,      0.2348842981,       2.094251995,       1.949212063,          0.702600367,         -0.7023003181,                     0,      0.4327728868,      0.6810966144,                 0,        289.154076,       276.2547393,                 0,       15079.25995,        12362.76806,                  0,        0.1816690957,          0.155925992,                    0,          301396.1787,           303304.9301,                     0,           117.3740107,           -136.8035646,                      0,        117.3740056,         136.7441652,                   0,                89.37427332,                 180.9277732,                           0,            -8.681500341e-08,             -0.0008681998271,                          nan,                      0.7614486092,                        1.323111468,                                nan,           299.9853476,            301.8851642,                      0,            17150.53064,             16869.86818,                       0,      0.9422914227,      0.5877419753,                 0,                 0,                 0,      0.4615414733,      0.3934030186,       1.038550827,                 0,      0.6237369472
         691,     0.05849722327,      -4.920363103,      -2.547046511,       0.491551551,                         4,       -4.87122174,               2,      -4.270645144,   5.529521437e-09,   2.453427865e-06,      0.2818611577,       2.513102394,       2.339054476,         0.7026633779,         -0.7023143712,                     0,      0.4328118821,      0.6810451038,                 0,        289.155429,       276.2580432,                 0,       15079.51039,        12363.46979,                  0,        0.1816712628,         0.1559330105,                    0,          301399.5501,           303304.7377,                     0,           117.3831358,           -136.8013358,                      0,        117.3831312,           136.74118,                   0,                 89.3848022,                 180.9085418,                           0,            -7.840910698e-08,             -0.0008792684766,                          nan,                      0.7614791096,                        1.322999712,                                nan,           299.9887032,            301.8849726,                      0,            17151.20607,             16870.11318,                       0,      0.9418477241,      0.5877206339,                 0,                 0,                 0,      0.4612556069,      0.3930630008,       1.038264974,                 0,      0.6240081266
         692,     0.05844908225,       -4.92420464,      -2.553063117,      0.4855549183,                         4,      -4.461420656,               2,      -4.002593787,   6.635867598e-09,    2.94422959e-06,      0.3382333892,       3.015722873,       2.806865371,           0.70272286,         -0.7023383982,                     0,      0.4328543828,      0.6809758168,                 0,       289.1558093,       276.2598732,                 0,       15079.56275,        12364.16297,                  0,        0.1816716547,         0.1559407172,                    0,          301402.0841,              303301.6,                     0,            117.392818,            -136.800545,                      0,        117.3928139,         136.7395575,                   0,                89.39616235,                 180.8799903,                           0,            -6.886813575e-08,             -0.0008914280074,                          nan,                      0.7615130718,                        1.322806608,                                nan,           299.9912254,            301.8818497,                      0,            17151.69138,             16870.08791,                       0,      0.9412758853,      0.5876946734,                 0,                 0,                 0,      0.4608916417,      0.3926238499,       1.037897795,                 0,      0.6243596405
         693,     0.05841054553,      -4.930351849,      -2.559085672,      0.4765410978,                         4,      -4.069881662,               3,       -5.63519205,   7.963683775e-09,   3.533228003e-06,       0.405880067,       3.618867448,       3.368238445,         0.7027813284,         -0.7023753472,                     0,      0.4329022288,      0.6808837398,                 0,       289.1550243,       276.2596521,                 0,       15079.38231,        12364.81945,                  0,         0.181669974,         0.1559490709,                    0,          301403.6727,           303294.5079,                     0,             117.40367,           -136.8017706,                      0,        117.4036666,         136.7398918,                   0,                89.40850326,                 180.8393139,                           0,            -5.796291247e-08,             -0.0009044443797,                          nan,                      0.7615477935,                        1.322505901,                                nan,           299.9928065,            301.8747908,                      0,             17151.9655,             16869.67988,                       0,      0.9405283162,      0.5876622911,                 0,                 0,                 0,      0.4604214697,      0.3920488019,       1.037419018,                 0,      0.6248214763
         694,     0.05837577353,      -4.939181298,       -2.56489371,      0.4637229534,                         5,      -4.553839106,               3,      -5.257921011,   9.557353817e-09,   4.240066737e-06,      0.4870560804,       4.342640937,       4.041886134,          0.702844179,          -0.702428206,                     0,      0.4329583867,      0.6807629877,                 0,       289.1529237,       276.2566757,                 0,       15078.94925,        12365.40144,                  0,        0.1816660765,         0.1559579807,                    0,          301404.3082,           303282.2469,                     0,           117.4166869,           -136.8056158,                      0,        117.4166842,         136.7428182,                   0,                 89.4221238,                 180.7832668,                           0,            -4.604789561e-08,             -0.0009178460743,                          nan,                       0.761579365,                        1.322067727,                                nan,            299.993439,            301.8625872,                      0,            17152.03561,             16868.75066,                       0,      0.9395460685,      0.5876184282,                 0,                 0,                 0,      0.4598098372,      0.3912940302,       1.036788896,                 0,      0.6254280103
         695,     0.05834543951,      -4.950046282,      -2.570280603,      0.4476770198,                         5,      -4.119256731,               3,      -4.892955154,   1.147017787e-08,   5.088313619e-06,      0.5844672965,       5.211169125,       4.850263361,         0.7029196638,         -0.7024988207,                     0,      0.4330270536,      0.6806065887,                 0,       289.1494059,       276.2501032,                 0,        15078.2595,        12365.85901,                  0,        0.1816599767,           0.15596728,                    0,          301404.0962,           303263.3714,                     0,           117.4332387,           -136.8124956,                      0,        117.4332367,         136.7488035,                   0,                89.43754348,                  180.708229,                           0,            -3.389395842e-08,             -0.0009308681993,                          nan,                      0.7616033247,                        1.321461135,                                nan,            299.993228,               301.8438,                      0,            17151.93914,             16867.12938,                       0,      0.9382611641,      0.5875533106,                 0,                 0,                 0,      0.4590156264,      0.3903113834,       1.035958459,                 0,      0.6262151021
         696,     0.05834224878,      -4.961112621,       -2.57512905,      0.4308042099,                         6,       -4.39124628,               3,       -4.54116974,    1.37661731e-08,    6.10624237e-06,      0.7013607558,        6.25340295,       5.820316033,         0.7030179653,          -0.702585849,                     0,      0.4331135336,      0.6804061407,                 0,       289.1444084,       276.2389398,                 0,       15077.31797,        12366.12912,                  0,         0.181651773,         0.1559767268,                    0,          301403.2387,           303236.1603,                     0,            117.454964,           -136.8222501,                      0,        117.4549626,         136.7577551,                   0,                89.45556796,                 180.6103423,                           0,            -2.258658471e-08,              -0.000942534647,                          nan,                      0.7616159075,                         1.32065887,                                nan,           299.9923745,            301.8167163,                      0,            17151.73487,             16864.60684,                       0,      0.9366004793,      0.5874515755,                 0,                 0,                 0,      0.4579943412,      0.3890520029,       1.034871176,                 0,      0.6272168214
         697,     0.05834867493,      -4.970250524,      -2.579360478,      0.4163585754,                         7,      -4.525888594,               3,       -4.20321182,   1.652224293e-08,    7.32777181e-06,       0.841632907,       7.504083539,       6.984379239,         0.7031496315,          -0.702681865,                     0,      0.4332239556,      0.6801511174,                 0,       289.1378565,       276.2221131,                 0,        15076.1236,        12366.14375,                  0,        0.1816414992,         0.1559860662,                    0,          301401.9667,           303198.6511,                     0,            117.483605,           -136.8335691,                      0,        117.4836042,         136.7684202,                   0,                89.47732562,                 180.4856785,                           0,             -1.37911399e-08,             -0.0009520089571,                          nan,                      0.7616154289,                        1.319644391,                                nan,           299.9911086,            301.7793826,                      0,             17151.4831,             16860.93757,                       0,      0.9344894699,      0.5872918524,                 0,                 0,                 0,      0.4567006879,      0.3874695413,       1.033464873,                 0,      0.6284627825
         698,     0.05831526738,      -4.976697864,      -2.582751634,       0.405998607,                         7,      -4.047228741,               4,      -5.058374533,   1.983079143e-08,    8.79359687e-06,       1.009959488,       9.004900247,       8.381255087,         0.7033240136,         -0.7027709001,                     0,       0.433364897,      0.6798281015,                 0,       289.1296155,       276.1986346,                 0,       15074.65525,        12365.85221,                  0,        0.1816289848,         0.1559952221,                    0,          301400.4722,           303148.7625,                     0,           117.5208373,           -136.8434164,                      0,        117.5208367,         136.7777689,                   0,                89.50425926,                 180.3304046,                           0,            -1.010952866e-08,             -0.0009592244326,                          nan,                      0.7616033191,                        1.318418965,                                nan,            299.989621,            301.7297276,                      0,            17151.22585,              16855.8604,                       0,      0.9318528239,      0.5870458709,                 0,                 0,                 0,       0.455089377,      0.3855212213,       1.031671424,                 0,      0.6299770262
         699,     0.05829422086,      -4.981426325,      -2.584859436,      0.3987805275,                         8,      -4.074926605,               4,      -4.653944483,   2.380287426e-08,   1.055255201e-05,       1.211951386,        10.8058803,        10.0575061,         0.7035484334,         -0.7028282353,                     0,      0.4335429677,      0.6794203194,                 0,         289.11948,       276.1678455,                 0,       15072.86858,        12365.25665,                  0,        0.1816138243,         0.1560046064,                    0,          301398.8748,           303084.5318,                     0,           117.5681503,           -136.8467842,                      0,        117.5681494,         136.7807059,                   0,                89.53804336,                 180.1408676,                           0,             -1.47075081e-08,             -0.0009654932918,                          nan,                      0.7615841859,                        1.317004957,                                nan,           299.9880311,            301.6657976,                      0,            17150.97918,             16849.14086,                       0,      0.9286079307,      0.5866758371,                 0,                 0,                 0,      0.4531117622,       0.383164231,       1.029410705,                 0,      0.6317799124
         700,     0.05827930014,      -4.984853043,      -2.585250757,      0.3941843527,                         9,      -4.037641796,               4,      -4.265387847,   2.857198991e-08,   1.266325136e-05,       1.454341663,       12.96705636,       12.06900733,         0.7038284797,         -0.7028243953,                     0,      0.4337643841,      0.6789081043,                 0,        289.107185,       276.1296809,                 0,       15070.70552,        12364.44706,                  0,        0.1815954839,         0.1560154058,                    0,          301397.2138,           303004.4382,                     0,            117.626829,           -136.8372017,                      0,        117.6268272,         136.7705839,                   0,                89.58037414,                 179.9135416,                           0,            -3.025020034e-08,             -0.0009734436163,                          nan,                      0.7615641452,                        1.315440327,                                nan,           299.9863779,            301.5860789,                      0,            17150.73971,             16840.62441,                       0,       0.924650794,      0.5861289013,                 0,                 0,                 0,      0.4507082889,      0.3803478704,       1.026577653,                 0,      0.6338921733
         701,      0.0601764188,        -4.9844817,       -2.58383121,       0.395680928,                        10,      -3.946760287,               5,      -4.854935865,   3.429862442e-08,   1.519605072e-05,       1.745209996,       15.56046763,       14.48280879,           0.70416973,         -0.7027337552,                     0,      0.4340349748,      0.6782710412,                 0,       289.0923612,       276.0847336,                 0,        15068.0992,        12363.60774,                  0,        0.1815733889,         0.1560296215,                    0,           301395.401,           302907.6307,                     0,           117.6981849,           -136.8082399,                      0,        117.6981815,         136.7407875,                   0,                89.63264949,                 179.6448853,                           0,            -5.836207839e-08,             -0.0009858450784,                          nan,                      0.7615465963,                        1.313762255,                                nan,           299.9845735,            301.4897245,                      0,            17150.49031,             16830.27332,                       0,      0.9198419866,      0.5853293452,                 0,                 0,                 0,      0.4478015816,      0.3770071134,       1.023027546,                 0,      0.6363368423
         702,     0.06016292176,      -4.976425041,      -2.581096151,      0.4086113807,                        10,      -3.506950306,               5,      -4.437448649,   4.117567496e-08,   1.823537733e-05,       2.094251995,       18.67256115,       17.37937055,         0.7045813465,         -0.7025436611,                     0,       0.434361725,      0.6774923642,                 0,        289.074351,       276.0337382,                 0,       15064.95385,        12362.95577,                  0,        0.1815467969,         0.1560495863,                    0,           301393.107,           302793.6898,                     0,           117.7842405,           -136.7555308,                      0,        117.7842346,         136.6868676,                   0,                89.69586091,                 179.3314801,                           0,            -9.975354109e-08,               -0.00100392354,                          nan,                      0.7615268819,                        1.311987635,                                nan,           299.9822903,             301.376317,                      0,            17150.19274,              16818.1454,                       0,      0.9140124509,      0.5841696539,                 0,                 0,                 0,      0.4443011779,      0.3730726318,       1.018572411,                 0,      0.6391265823
         703,     0.06015820327,      -4.960349079,       -2.57776566,      0.4329421216,                        10,      -3.123465189,               5,      -4.032683532,   4.943490056e-08,   2.188248275e-05,       2.513102394,       22.40707338,       20.85524466,         0.7050803987,         -0.7022557192,                     0,      0.4347562434,      0.6765643435,                 0,       289.0520775,       275.9763063,                 0,       15061.11658,        12362.60518,                  0,        0.1815145398,         0.1560769759,                    0,          301389.8007,           302661.6489,                     0,           117.8886216,           -136.6778465,                      0,        117.8886124,         136.6076543,                   0,                89.77131577,                 178.9708338,                           0,            -1.563550205e-07,              -0.001026854763,                          nan,                      0.7614926833,                        1.310108388,                                nan,           299.9789995,            301.2448942,                      0,            17149.79048,             16804.29076,                       0,      0.9070028794,      0.5825046343,                 0,                 0,                 0,      0.4401253287,      0.3685056861,       1.013000213,                 0,       0.642230193
         704,     0.06015928979,      -4.941003832,      -2.573538789,      0.4616065502,                        10,      -2.788105166,               6,      -4.460736564,   5.935458462e-08,   2.625870873e-05,      0.2513102394,       2.240707338,       2.085524466,          0.705692429,         -0.7018757615,                     0,      0.4352374138,      0.6754908828,                 0,       289.0242955,       275.9098527,                 0,        15056.3928,        12362.46576,                  0,        0.1814750513,         0.1561121463,                    0,          301385.1461,            302509.021,                     0,           118.0166399,            -136.575922,                      0,        118.0166257,         136.5039626,                   0,                89.86212369,                  178.562702,                           0,            -2.403155017e-07,              -0.001053486469,                          nan,                      0.7614361376,                        1.308113689,                                nan,           299.9743666,            301.0929807,                      0,            17149.25317,             16788.65779,                       0,       0.898721554,      0.5801602098,                 0,                 0,                 0,      0.4352264215,      0.3633388054,       1.006116898,                 0,      0.6455394413
         705,     0.06011764844,      -4.922973569,      -2.566823488,      0.4883867029,                         4,      -4.715719418,               2,      -4.018657032,   5.939049437e-09,    2.62578513e-06,      0.3015722873,       2.688848806,       2.502629359,         0.7058466035,         -0.7018047069,                     0,      0.4353271919,      0.6753809777,                 0,       289.0265259,       275.9123589,                 0,       15056.84867,        12363.25077,                  0,        0.1814791457,         0.1561207453,                    0,           301392.011,           302503.6381,                     0,           118.0397582,           -136.5563256,                      0,        118.0397443,         136.4833194,                   0,                89.88321508,                  178.531205,                           0,             -2.36255968e-07,              -0.001068960833,                          nan,                      0.7614656879,                        1.308080766,                                nan,           299.9811994,             301.087623,                      0,            17150.67648,              16788.1882,                       0,      0.8982205342,      0.5800155142,                 0,                 0,                 0,      0.4349259698,      0.3630279413,       1.005698185,                 0,      0.6457384263
         706,     0.06006714993,      -4.929972998,      -2.571210179,      0.4780346384,                         4,      -4.311714694,               3,       -5.75012447,   7.127392241e-09,   3.150978536e-06,      0.3618867448,       3.226618567,       3.003155231,         0.7059893639,         -0.7017211582,                     0,      0.4354232976,      0.6752401849,                 0,       289.0266318,        275.912887,                 0,       15056.85773,        12363.92843,                  0,        0.1814791886,         0.1561290781,                    0,          301396.9814,           302493.7896,                     0,           118.0636008,           -136.5346024,                      0,        118.0635881,         136.4605054,                   0,                 89.9060157,                 178.4873619,                           0,            -2.157028284e-07,              -0.001085099645,                          nan,                      0.7615050259,                        1.307978168,                                nan,           299.9861466,            301.0778206,                      0,            17151.65478,             16787.12458,                       0,      0.8975720043,      0.5798234859,                 0,                 0,                 0,      0.4345401069,      0.3626284199,        1.00515243,                 0,      0.6459910549
         707,     0.06002036554,      -4.939820458,      -2.575454486,      0.4637048497,                         5,      -4.830682177,               3,      -5.367043846,   8.553609166e-09,   3.781213844e-06,      0.4342640937,       3.871942281,       3.603786277,         0.7061253752,         -0.7016231049,                     0,      0.4355289141,      0.6750611276,                 0,       289.0243251,       275.9108696,                 0,       15056.36801,        12364.46226,                  0,        0.1814747345,         0.1561369969,                    0,           301399.918,           302478.3047,                     0,           118.0892399,           -136.5104418,                      0,         118.089229,         136.4352385,                   0,                89.93078518,                 178.4280752,                           0,            -1.840248517e-07,              -0.001101491848,                          nan,                      0.7615494311,                        1.307785856,                                nan,           299.9890694,            301.0624082,                      0,            17152.16093,             16785.30975,                       0,      0.8967208926,      0.5795646202,                 0,                 0,                 0,      0.4340373843,      0.3621082528,       1.004430745,                 0,       0.646315509
         708,     0.05997669351,      -4.952287329,      -2.580078579,      0.4453528938,                         5,      -4.376611229,               3,      -4.995646412,   1.026534774e-08,   4.537490579e-06,      0.5211169125,       4.646330737,       4.324543532,         0.7062651651,         -0.7015076749,                     0,      0.4356491533,       0.674835704,                 0,        289.019465,       275.9056419,                 0,        15055.3719,        12364.81538,                  0,          0.18146578,         0.1561444058,                    0,          301400.9328,           302455.8541,                     0,           118.1184416,           -136.4833139,                      0,        118.1184327,         136.4070214,                   0,                 89.9580189,                  178.350056,                           0,            -1.501674444e-07,              -0.001117663881,                          nan,                      0.7615917079,                        1.307484426,                                nan,           299.9900794,            301.0400627,                      0,            17152.23775,             16782.57653,                       0,      0.8956014454,      0.5792147486,                 0,                 0,                 0,      0.4333798845,      0.3614297803,       1.003474059,                 0,      0.6467327086
         709,     0.05994936662,      -4.965921305,      -2.585564292,       0.424704776,                         6,      -4.674947539,               3,      -4.637133922,   1.231980924e-08,   5.444998603e-06,       0.625340295,       5.575596884,       5.189452239,         0.7064242276,          -0.701369932,                     0,      0.4357908525,      0.6745552709,                 0,       289.0120915,         275.89643,                 0,       15053.90747,        12364.95138,                  0,        0.1814527581,         0.1561512802,                    0,          301400.4142,           302424.9515,                     0,           118.1535191,           -136.4522299,                      0,        118.1535118,         136.3748958,                   0,                89.98854079,                 178.2500666,                           0,            -1.240682727e-07,              -0.001133174915,                          nan,                        0.76162392,                        1.307059232,                                nan,           299.9895633,            301.0093048,                      0,            17151.99756,             16778.75227,                       0,      0.8941421667,      0.5787460863,                 0,                 0,                 0,      0.4325259926,      0.3605529667,       1.002216945,                 0,       0.647264057
         710,     0.05992275077,       -4.97837614,      -2.592072032,      0.4051295852,                         6,      -4.199842623,               3,      -4.292311123,   1.478566877e-08,   6.533951584e-06,      0.7504083539,       6.690716261,       6.227342687,         0.7066200143,         -0.7012021052,                     0,      0.4359618178,      0.6742108901,                 0,       289.0023823,       275.8824699,                 0,       15052.03953,        12364.84768,                  0,         0.181436338,         0.1561577683,                    0,          301398.9437,           302384.1051,                     0,           118.1969604,           -136.4155236,                      0,        118.1969536,         136.3372131,                   0,                90.02354825,                 178.1252393,                           0,            -1.138052855e-07,              -0.001147788765,                          nan,                      0.7616401732,                        1.306504917,                                nan,           299.9880997,            300.9686495,                      0,            17151.59303,             16773.68111,                       0,      0.8922736928,      0.5781287568,                 0,                 0,                 0,      0.4314348835,      0.3594407398,       1.000593602,                 0,       0.647927605
         711,     0.05990049522,      -4.987862997,      -2.599173244,      0.3896992801,                         7,      -4.332719496,               4,      -5.186971129,   1.774538358e-08,   7.840588998e-06,      0.9004900247,       8.028859513,       7.472811224,         0.7068676982,         -0.7009955866,                     0,      0.4361696909,      0.6737941137,                 0,       288.9905476,       275.8632841,                 0,       15049.82565,        12364.53035,                  0,         0.181417081,         0.1561644752,                    0,           301397.129,           302332.1795,                     0,           118.2509431,           -136.3710156,                      0,        118.2509358,         136.2917838,                   0,                90.06456723,                 177.9734122,                           0,            -1.235496332e-07,                -0.0011616669,                          nan,                      0.7616393615,                        1.305826421,                                nan,           299.9862934,             300.916967,                      0,            17151.16702,             16767.28276,                       0,      0.8899375328,        0.57733202,                 0,                 0,                 0,       0.430071351,      0.3580651997,      0.9985441334,                 0,      0.6487331961
         712,     0.05988421935,      -4.994586363,      -2.605881202,      0.3786844984,                         8,      -4.380198334,               4,      -4.765091045,   2.129796822e-08,   9.408383621e-06,        1.08058803,       9.634631416,       8.967373469,         0.7071768325,         -0.7007471163,                     0,      0.4364209109,      0.6732989954,                 0,       288.9766915,       275.8389752,                 0,       15047.28418,        12364.11613,                  0,        0.1813951421,         0.1561728247,                    0,          301395.4074,           302268.8669,                     0,           118.3169702,           -136.3169087,                      0,        118.3169612,         136.2367683,                   0,                90.11328797,                 177.7934394,                           0,            -1.522854298e-07,              -0.001175449992,                          nan,                      0.7616261191,                        1.305032714,                                nan,           299.9845799,            300.8539508,                      0,             17150.8058,             16759.63755,                       0,      0.8870921361,      0.5763243207,                 0,                 0,                 0,      0.4284087557,      0.3564124163,      0.9960182579,                 0,      0.6496780855
         713,     0.05987284342,      -4.999982242,      -2.611160879,      0.3702850655,                         9,       -4.34445203,               4,      -4.359098144,   2.556232734e-08,   1.128949694e-05,       1.296705636,        11.5615577,       10.76084816,         0.7075508644,         -0.7004662314,                     0,      0.4367201784,       0.672725203,                 0,       288.9607402,       275.8101144,                 0,        15044.3867,        12363.80684,                  0,        0.1813702244,         0.1561850511,                    0,          301393.9434,            302194.793,                     0,           118.3958188,           -136.2532273,                      0,        118.3958073,         136.1721257,                   0,                90.17129986,                 177.5853587,                           0,            -1.937330958e-07,              -0.001190100377,                          nan,                      0.7616088939,                        1.304124158,                                nan,           299.9831227,            300.7802236,                      0,            17150.52495,              16751.0217,                       0,      0.8837104621,       0.575071694,                 0,                 0,                 0,      0.4264269893,      0.3544814614,      0.9929725714,                 0,      0.6507467307
         714,     0.05984813552,      -5.003974863,      -2.614512869,      0.3649868153,                        10,      -4.250210573,               5,       -4.90396041,    3.06812498e-08,   1.354652732e-05,       1.556046763,       13.87386924,        12.9130178,         0.7079899166,         -0.7001759652,                     0,       0.437070653,      0.6720804207,                 0,       288.9424349,       275.7769379,                 0,       15041.07502,         12363.7836,                  0,        0.1813417876,         0.1562033172,                    0,          301392.6317,           302110.8102,                     0,           118.4878706,           -136.1826856,                      0,        118.4878564,         136.1005038,                   0,                90.23976509,                 177.3503555,                           0,            -2.401055589e-07,              -0.001206570648,                          nan,                      0.7615950518,                        1.303083755,                                nan,           299.9818172,            300.6966339,                      0,            17150.29074,             16741.79649,                       0,      0.8797682208,      0.5735352556,                 0,                 0,                 0,      0.4241053723,      0.3522765769,      0.9893614229,                 0,      0.6519163139
         715,     0.05982232807,      -5.003750271,      -2.615888169,      0.3677080043,                        10,      -3.771155068,               5,      -4.443625291,   3.682617616e-08,   1.625459841e-05,       1.867256115,       16.64864309,       15.49562135,         0.7084956688,         -0.6999001896,                     0,      0.4374752189,      0.6713788611,                 0,       288.9212985,       275.7383462,                 0,       15037.27534,         12364.0418,                  0,        0.1813092397,         0.1562281996,                    0,          301391.1263,           302016.7871,                     0,           118.5938054,           -136.1095183,                      0,        118.5937882,         136.0260876,                   0,                90.31920443,                 177.0905393,                           0,            -2.895331074e-07,              -0.001225558821,                          nan,                      0.7615846141,                        1.301886589,                                nan,           299.9803189,            300.6030509,                      0,            17150.04898,             16732.16307,                       0,      0.8752318301,      0.5716686357,                 0,                 0,                 0,       0.421415955,      0.3497991484,      0.9851275761,                 0,      0.6531625291
         716,     0.05981238229,      -4.996632921,      -2.615036598,      0.3826434532,                        10,      -3.348073146,               5,      -4.009754835,   4.420285794e-08,   1.950383884e-05,       2.240707338,        19.9783717,       18.59474562,         0.7090763958,         -0.6996426827,                     0,      0.4379392524,      0.6706350844,                 0,       288.8965485,       275.6918775,                 0,       15032.88744,        12364.32575,                  0,        0.1812718615,         0.1562578794,                    0,          301388.8909,           301911.1224,                     0,           118.7154959,           -136.0361216,                      0,        118.7154751,         135.9512349,                   0,                90.40984125,                 176.8088939,                           0,            -3.500091328e-07,              -0.001247613953,                          nan,                      0.7615674468,                        1.300531724,                                nan,           299.9780939,            300.4978809,                      0,            17149.74077,             16721.98734,                       0,      0.8700591956,      0.5694136541,                 0,                 0,                 0,      0.4183253176,      0.3470509475,      0.9801992415,                 0,      0.6544539234
         717,     0.05981860669,      -4.983991209,      -2.611152153,      0.4065390302,                        10,      -2.978395164,               6,      -4.427417074,   5.305802516e-08,   2.340231744e-05,       2.240707338,        19.9783717,       18.59474562,         0.7097490543,         -0.6993754206,                     0,      0.4384738291,      0.6698576714,                 0,       288.8671819,       275.6353205,                 0,       15027.77597,        12364.29432,                  0,        0.1812286471,         0.1562893164,                    0,          301385.4507,           301792.0464,                     0,           118.8564632,           -135.9597931,                      0,        118.8564372,         135.8731898,                   0,                90.51284162,                 176.5099068,                           0,            -4.381458704e-07,              -0.001273548579,                          nan,                      0.7615308329,                        1.299078259,                                nan,           299.9746699,            300.3793623,                      0,            17149.32515,              16710.9355,                       0,      0.8642213589,      0.5666991415,                 0,                 0,                 0,      0.4148097756,      0.3440520664,      0.9745022575,                 0,      0.6557337835
         718,     0.05982692364,      -4.970021241,      -2.603358858,       0.431834216,                        10,      -3.006450361,               6,      -4.382100954,   5.307262618e-08,   2.339961651e-05,       2.688848806,       23.97404604,       22.31369475,         0.7104570081,         -0.6990764903,                     0,      0.4390270536,       0.669137216,                 0,       288.8385398,       275.5821157,                 0,       15022.90091,        12364.07831,                  0,        0.1811878209,         0.1563166165,                    0,          301383.7447,           301680.9187,                     0,           119.0018433,           -135.8814581,                      0,        119.0018109,         135.7928381,                   0,                90.62081134,                  176.237655,                           0,            -5.433950053e-07,              -0.001303945911,                          nan,                      0.7615078345,                        1.297842047,                                nan,           299.9729718,            300.2687547,                      0,            17149.37287,             16700.47113,                       0,      0.8588342881,      0.5640384383,                 0,                 0,                 0,      0.4115480168,      0.3413791498,      0.9691212362,                 0,      0.6567488584
         719,     0.05981076556,      -4.963623254,      -2.597173027,      0.4447208384,                        10,      -2.663326195,               7,      -4.695775836,   6.370144867e-08,   2.807611532e-05,      0.2688848806,       2.397404604,       2.231369475,         0.7112571109,         -0.6987046344,                     0,       0.439665029,      0.6683779841,                 0,        288.803477,       275.5209424,                 0,       15016.85024,        12363.53883,                  0,        0.1811368329,         0.1563443498,                    0,          301379.6936,           301558.3389,                     0,            119.169421,           -135.7890951,                      0,        119.1693795,         135.6981867,                   0,                90.74450668,                 175.9555206,                           0,            -6.957575318e-07,              -0.001338517312,                          nan,                      0.7614750288,                        1.296668179,                                nan,           299.9689397,            300.1467488,                      0,            17148.94419,             16689.04963,                       0,      0.8528261906,      0.5608887708,                 0,                 0,                 0,      0.4078948394,      0.3385085295,      0.9629749218,                 0,      0.6576823941
         720,     0.05976207115,      -4.958569748,      -2.589889233,      0.4553465721,                         4,      -4.556783888,               2,      -4.055086415,   6.370363091e-09,   2.807184393e-06,      0.3226618567,       2.876885525,        2.67764337,         0.7114568075,         -0.6986109037,                     0,      0.4397822091,      0.6682731651,                 0,       288.8062814,       275.5218376,                 0,       15017.41316,        12363.97442,                  0,        0.1811418648,         0.1563494964,                    0,          301388.6003,           301551.6439,                     0,           119.1995625,           -135.7681984,                      0,        119.1995221,         135.6762468,                   0,                90.77202232,                   175.92624,                           0,            -6.777686359e-07,              -0.001354079763,                          nan,                      0.7615133075,                        1.296662048,                                nan,           299.9778047,            300.1400851,                      0,            17150.77818,             16688.19535,                       0,      0.8524918717,      0.5607310664,                 0,                 0,                 0,      0.4076926654,      0.3383381547,      0.9626468788,                 0,      0.6577553229
         721,     0.05971340623,      -4.969341694,      -2.593427729,      0.4393688979,                         4,      -4.156803796,               3,      -5.464900407,   7.644286368e-09,    3.36855251e-06,      0.3871942281,        3.45226263,       3.213172044,         0.7116382672,         -0.6984999465,                     0,      0.4399064626,      0.6681436272,                 0,        288.806218,         275.52109,                 0,        15017.3634,        12364.31318,                  0,        0.1811413048,          0.156354327,                    0,          301394.8767,           301541.3284,                     0,           119.2303242,            -135.744219,                      0,        119.2302869,         135.6512345,                   0,                90.80147485,                 175.8881635,                           0,            -6.252929274e-07,              -0.001369526763,                          nan,                      0.7615638377,                        1.296620441,                                nan,           299.9840517,            300.1298178,                      0,            17151.98469,             16686.85337,                       0,      0.8520510977,      0.5605101127,                 0,                 0,                 0,      0.4074259213,       0.338121426,      0.9622040121,                 0,      0.6578362663
         722,     0.05967277386,      -4.982640078,      -2.597143998,      0.4197228825,                         5,      -4.652147726,               3,      -5.081204395,   9.172936267e-09,   4.042158269e-06,      0.4646330737,       4.142715156,       3.855806453,         0.7118085576,         -0.6983704527,                     0,      0.4400418262,      0.6679851598,                 0,       288.8030256,       275.5184153,                 0,        15016.6573,        12364.54557,                  0,        0.1811347903,         0.1563588791,                    0,          301398.4566,           301526.7747,                     0,           119.2631334,           -135.7168494,                      0,        119.2631005,         135.6228542,                   0,                90.83314601,                  175.839646,                           0,            -5.512920526e-07,              -0.001384686631,                          nan,                      0.7616198606,                        1.296534032,                                nan,           299.9876148,            300.1153323,                      0,            17152.55485,             16684.95157,                       0,      0.8514644713,      0.5601997843,                 0,                 0,                 0,      0.4070703625,      0.3378428357,      0.9616016652,                 0,      0.6579250258
         723,     0.05963924282,      -4.997116806,      -2.602177785,       0.398000819,                         5,      -4.198192548,               3,      -4.709784655,   1.100723529e-08,   4.850429423e-06,      0.5575596884,       4.971258188,       4.626967743,         0.7119820549,         -0.6982224223,                     0,      0.4401944949,       0.667794053,                 0,       288.7966862,        275.513585,                 0,       15015.31876,        12364.67697,                  0,        0.1811226203,         0.1563633506,                    0,          301399.6381,           301507.4674,                     0,           119.3002077,           -135.6859274,                      0,        119.3001794,         135.5909385,                   0,                90.86759743,                 175.7791416,                           0,            -4.745629327e-07,              -0.001399638315,                          nan,                      0.7616719261,                        1.296392985,                                nan,           299.9887908,            300.0961153,                      0,            17152.57899,             16682.44713,                       0,      0.8506862319,      0.5597723633,                 0,                 0,                 0,      0.4065980413,      0.3374827791,      0.9607900592,                 0,      0.6580244775
         724,     0.05962031669,      -5.010400995,      -2.609233241,      0.3775915401,                         6,      -4.477129679,               3,      -4.351150886,   1.320827677e-08,   5.820268681e-06,      0.6690716261,       5.965509825,       5.552361292,         0.7121782069,         -0.6980569228,                     0,      0.4403721598,      0.6675675535,                 0,        288.787456,       275.5064108,                 0,        15013.4353,        12364.72447,                  0,        0.1811056895,         0.1563680662,                    0,          301399.0826,           301483.0092,                     0,            119.344223,           -135.6514264,                      0,        119.3441983,          135.555433,                   0,                 90.9057472,                 175.7053845,                           0,             -4.13655965e-07,              -0.001414794367,                          nan,                      0.7617106528,                        1.296188435,                                nan,           299.9882379,            300.0717717,                      0,            17152.23543,             16679.32868,                       0,      0.8496689241,      0.5592021966,                 0,                 0,                 0,      0.4059803645,      0.3370190521,      0.9597200299,                 0,      0.6581412839
         725,     0.05959316143,       -5.02036179,      -2.618164868,      0.3620404981,                         6,       -4.01006524,               3,      -4.006992857,   1.584934703e-08,   6.983945114e-06,      0.8028859513,        7.15861179,        6.66283355,          0.712416609,         -0.6978757352,                     0,      0.4405826097,      0.6673042771,                 0,       288.7757792,       275.4967941,                 0,       15011.12632,        12364.71442,                  0,        0.1810851583,         0.1563734173,                    0,          301397.6532,           301453.2062,                     0,           119.3977049,            -135.613439,                      0,        119.3976822,         135.5163801,                   0,                90.94884621,                  175.617602,                           0,            -3.805897869e-07,              -0.001430892295,                          nan,                      0.7617304169,                        1.295914205,                                nan,           299.9868152,            300.0421082,                      0,            17151.73999,             16675.61814,                       0,      0.8483709216,      0.5584692854,                 0,                 0,                 0,      0.4051926187,      0.3364306612,       0.958350444,                 0,       0.658284332
         726,     0.05961305502,      -5.026786857,       -2.62792444,      0.3522074644,                         7,      -4.139838504,               4,      -4.782780704,   1.901833812e-08,    8.38016588e-06,      0.9634631416,       8.590334149,        7.99540026,         0.7127112803,         -0.6976828729,                     0,      0.4408320648,      0.6670048767,                 0,       288.7621176,       275.4848998,                 0,       15008.49444,        12364.69305,                  0,        0.1810619746,         0.1563798939,                    0,          301396.1521,           301418.3031,                     0,           119.4623845,           -135.5724145,                      0,        119.4623619,         135.4741737,                   0,                90.99831471,                 175.5157207,                           0,            -3.770014934e-07,              -0.001448749238,                          nan,                      0.7617320906,                        1.295565907,                                nan,           299.9853211,            300.0073684,                      0,            17151.27362,             16671.39263,                       0,      0.8467651828,      0.5575618271,                 0,                 0,                 0,      0.4042186917,      0.3357032477,      0.9566555259,                 0,      0.6584609741
         727,     0.05959359286,      -5.031377839,      -2.637013886,      0.3457723786,                         8,      -4.184599958,               4,      -4.374104631,   2.282062749e-08,   1.005536559e-05,        1.15615577,       10.30840098,       9.594480313,         0.7130674008,         -0.6974895053,                     0,      0.4411240649,       0.666673634,                 0,       288.7467434,       275.4713772,                 0,       15005.58545,        12364.74656,                  0,        0.1810365193,         0.1563882122,                    0,          301395.0475,            301379.337,                     0,           119.5388844,            -135.529943,                      0,        119.5388608,         135.4303787,                   0,                91.05543997,                 175.4005888,                           0,            -3.941135089e-07,              -0.001468719096,                          nan,                      0.7617225005,                        1.295134743,                                nan,           299.9842217,            299.9685847,                      0,            17150.92515,              16666.8318,                       0,      0.8448456524,      0.5564774403,                 0,                 0,                 0,      0.4030541338,      0.3348334381,      0.9546297118,                 0,       0.658673497
         728,     0.05957667709,      -5.035453658,      -2.644141378,      0.3407951105,                         9,      -4.160120226,               5,      -4.911754169,   2.738250552e-08,   1.206525547e-05,       1.387386924,       12.37008117,       11.51337638,         0.7134827465,         -0.6973196969,                     0,      0.4414595369,      0.6663209312,                 0,       288.7296346,       275.4572475,                 0,       15002.38286,        12364.99071,                  0,        0.1810086065,         0.1563992488,                    0,          301394.3675,           301338.1913,                     0,           119.6269606,           -135.4898635,                      0,        119.6269356,         135.3888769,                   0,                91.12105153,                  175.274148,                           0,            -4.176794898e-07,              -0.001490133523,                          nan,                      0.7617101537,                        1.294597843,                                nan,           299.9835449,            299.9276316,                      0,            17150.68577,             16662.23756,                       0,       0.842627787,      0.5552231671,                 0,                 0,                 0,       0.401706223,        0.33382926,      0.9522879701,                 0,      0.6589186539
         729,     0.05957020712,      -5.037953952,      -2.648456307,      0.3391290404,                        10,      -4.080165315,               5,      -4.461364182,   3.285524514e-08,   1.447667916e-05,       1.664864309,       14.84409741,       13.81605165,         0.7139529848,         -0.6972087585,                     0,      0.4418380657,      0.6659645761,                 0,       288.7104988,       275.4431701,                 0,       14998.83433,        12365.48391,                  0,        0.1809777867,         0.1564133657,                    0,          301393.7898,           301296.8921,                     0,           119.7261918,           -135.4585484,                      0,        119.7261656,         135.3561395,                   0,                91.19533997,                 175.1393903,                           0,             -4.37891258e-07,              -0.001511462212,                          nan,                       0.761699329,                        1.293915377,                                nan,           299.9829699,            299.8865257,                      0,            17150.49207,             16657.93795,                       0,      0.8401470881,      0.5538146862,                 0,                 0,                 0,      0.4001940102,      0.3327094529,      0.9496642861,                 0,      0.6591877708
         730,     0.05956384897,      -5.036420905,      -2.649314694,      0.3448259435,                        10,      -3.622272007,               5,       -4.04635118,    3.94199226e-08,   1.736983208e-05,        1.99783717,       17.81291689,       16.57926198,         0.7144772937,         -0.6971877331,                     0,      0.4422598723,      0.6656263765,                 0,       288.6888724,       275.4285982,                 0,       14994.88164,         12366.1058,                  0,        0.1809436468,         0.1564293612,                    0,          301392.8466,           301256.4395,                     0,           119.8367249,           -135.4429559,                      0,        119.8366975,          135.339187,                   0,                91.27803144,                 174.9998935,                           0,            -4.577889313e-07,              -0.001531703364,                          nan,                      0.7616868068,                        1.293046732,                                nan,           299.9820311,            299.8462626,                      0,            17150.28046,             16654.07987,                       0,      0.8374654236,      0.5522746811,                 0,                 0,                 0,       0.398554489,      0.3315094851,      0.9468141953,                 0,      0.6594596811
         731,     0.05956336885,      -5.029909263,      -2.646250452,      0.3590065703,                        10,       -3.21609207,               6,      -4.512071389,     4.7293124e-08,   2.084091174e-05,       2.397404604,       21.37550027,       19.89511438,         0.7150605256,         -0.6972615018,                     0,      0.4427276131,      0.6653231311,                 0,       288.6642714,       275.4121722,                 0,       14990.47534,        12366.56131,                  0,        0.1809058918,         0.1564442956,                    0,          301391.1743,           301216.5838,                     0,           119.9595845,           -135.4467299,                      0,         119.959555,         135.3415719,                   0,                91.36905821,                   174.85912,                           0,            -4.917464402e-07,               -0.00155215639,                          nan,                      0.7616655317,                        1.291983812,                                nan,           299.9803666,            299.8065934,                      0,            17150.02238,              16650.5093,                       0,      0.8346881785,      0.5506302359,                 0,                 0,                 0,      0.3968568805,       0.330296775,      0.9438231044,                 0,      0.6596837598
         732,     0.05954764079,      -5.019570349,      -2.639457072,      0.3789007892,                        10,      -2.855582571,               6,      -4.085684351,   5.673369511e-08,   2.500528034e-05,      0.2397404604,       2.137550027,       1.989511438,         0.7157100543,         -0.6974025903,                     0,      0.4432464275,      0.6650590032,                 0,       288.6364471,       275.3939027,                 0,       14985.58949,        12366.61238,                  0,        0.1808643621,         0.1564551656,                    0,          301388.7839,           301177.6491,                     0,           120.0961313,           -135.4675577,                      0,        120.0960979,         135.3607331,                   0,                91.46940651,                 174.7203508,                           0,            -5.571738988e-07,               -0.00157650297,                          nan,                       0.761635125,                        1.290775743,                                nan,           299.9779874,            299.7678409,                      0,            17149.74171,              16646.9711,                       0,      0.8319851091,      0.5489229409,                 0,                 0,                 0,      0.3952203479,      0.3291811559,      0.9408269678,                 0,      0.6597749586
         733,     0.05950350681,      -5.006136008,      -2.630035845,      0.4022933302,                         4,      -4.779143492,               2,      -4.165613307,   5.670897243e-09,   2.500104682e-06,      0.2876885525,       2.565060032,       2.387413725,         0.7158659641,         -0.6974043018,                     0,      0.4433361349,      0.6650256434,                 0,       288.6379473,       275.3916253,                 0,        14985.9346,        12366.35887,                  0,        0.1808675877,          0.156453353,                    0,          301394.9628,           301172.7911,                     0,           120.1201453,           -135.4709475,                      0,        120.1201132,         135.3632485,                   0,                91.48895182,                 174.7010805,                           0,            -5.343538138e-07,              -0.001589360978,                          nan,                      0.7616455677,                        1.290609396,                                nan,           299.9841374,            299.7630057,                      0,            17151.05535,             16646.20896,                       0,      0.8318155407,      0.5488460765,                 0,                 0,                 0,      0.3951256914,      0.3290928476,      0.9406630677,                 0,      0.6598170504
         734,     0.05945861252,      -5.012372157,      -2.632799571,      0.3929165024,                         4,      -4.371605683,               3,      -5.648287372,   6.804742963e-09,   3.000040757e-06,       0.345226263,       3.078072039,        2.86489647,          0.716011931,         -0.6974136777,                     0,      0.4434322974,      0.6649838532,                 0,        288.637515,       275.3896068,                 0,       14985.87287,        12366.16639,                  0,         0.180867114,         0.1564521458,                    0,          301399.4564,           301167.6034,                     0,           120.1449455,           -135.4753614,                      0,        120.1449159,          135.366755,                   0,                91.51025994,                 174.6775942,                           0,            -4.919218582e-07,              -0.001602694819,                          nan,                       0.761665687,                        1.290402464,                                nan,             299.98861,            299.7578423,                      0,            17151.96968,             16645.40766,                       0,      0.8316135572,      0.5487413981,                 0,                 0,                 0,      0.3950104557,      0.3289956091,      0.9404573992,                 0,      0.6598514338
         735,     0.05942073655,      -5.020469287,      -2.635439183,      0.3810261023,                         5,      -4.920191292,               3,      -5.261204465,     8.1652159e-09,   3.599928058e-06,      0.4142715156,       3.693686446,       3.437875764,         0.7161508447,         -0.6974317729,                     0,      0.4435372363,      0.6649327357,                 0,       288.6349154,       275.3878148,                 0,       14985.35846,        12366.02366,                  0,        0.1808625346,         0.1564514175,                    0,          301402.1395,           301161.9886,                     0,            120.171289,           -135.4811312,                      0,        120.1712628,         135.3715742,                   0,                91.53353927,                 174.6492481,                           0,            -4.365228886e-07,              -0.001616648605,                          nan,                      0.7616924143,                        1.290147131,                                nan,           299.9912805,            299.7522537,                      0,              17152.456,              16644.5402,                       0,      0.8313700714,       0.548596256,                 0,                 0,                 0,      0.3948679426,       0.328889877,      0.9401943929,                 0,      0.6598701047
         736,     0.05940255563,      -5.029678346,      -2.638588334,      0.3674445595,                         5,      -4.461629374,               3,      -4.886500496,   9.797582426e-09,   4.319741133e-06,      0.4971258188,       4.432423736,       4.125450917,          0.716290514,         -0.6974595671,                     0,      0.4436547012,      0.6648716855,                 0,       288.6300626,       275.3862388,                 0,       14984.38804,        12365.91579,                  0,        0.1808538632,         0.1564509849,                    0,          301403.1152,           301155.8965,                     0,           120.2004803,           -135.4886435,                      0,        120.2004576,         135.3780708,                   0,                91.55914625,                 174.6154707,                           0,            -3.780812313e-07,              -0.001631541024,                          nan,                      0.7617204465,                        1.289835715,                                nan,           299.9922517,            299.7461902,                      0,            17152.54893,             16643.57999,                       0,       0.831073174,      0.5483973175,                 0,                 0,                 0,      0.3946902012,      0.3287742575,      0.9398562263,                 0,       0.659866465
         737,     0.05939121775,      -5.038444829,      -2.642679258,      0.3542151133,                         5,      -4.027031012,               3,       -4.52535868,   1.175613607e-08,   5.183441998e-06,      0.5965509825,       5.318908483,         4.9505411,          0.716442994,         -0.6974982891,                     0,      0.4437896266,      0.6648005773,                 0,       288.6230596,        275.384923,                 0,       14983.00518,        12365.83002,                  0,        0.1808415606,         0.1564506616,                    0,          301402.7459,           301149.3741,                     0,           120.2342398,            -135.498347,                      0,        120.2342202,         135.3866648,                   0,                91.58763884,                 174.5758545,                           0,            -3.271444858e-07,              -0.001647785758,                          nan,                      0.7617435262,                        1.289461224,                                nan,           299.9918841,            299.7396983,                      0,            17152.34894,               16642.511,                       0,      0.8307089225,      0.5481328136,                 0,                 0,                 0,      0.3944691904,      0.3286447913,      0.9394250883,                 0,      0.6598373977
         738,     0.05936923072,      -5.045056692,      -2.647724753,      0.3438300046,                         6,      -4.300258058,               3,      -4.179240962,   1.410598807e-08,   6.219774243e-06,       0.715861179,       6.382690179,       5.940649321,         0.7166219152,         -0.6975490723,                     0,      0.4439473373,       0.664719836,                 0,       288.6141838,       275.3839443,                 0,       14981.28746,        12365.75483,                  0,        0.1808263889,         0.1564502571,                    0,           301401.596,           301142.5451,                     0,            120.274352,           -135.5106663,                      0,        120.2743345,         135.3977574,                   0,                91.61978543,                   174.53025,                           0,             -2.91782386e-07,               -0.00166572676,                          nan,                       0.761756744,                        1.289018765,                                nan,           299.9907395,            299.7329013,                      0,            17151.99955,             16641.32694,                       0,      0.8302644517,      0.5477947653,                 0,                 0,                 0,      0.3941991851,      0.3284960799,      0.9388868356,                 0,      0.6597834753
         739,     0.05936276216,      -5.048811828,      -2.653340148,      0.3375546215,                         7,      -4.453826271,               4,      -5.010956275,   1.692520625e-08,    7.46321592e-06,      0.8590334149,       7.659228215,       7.128779185,         0.7168385069,         -0.6976113546,                     0,      0.4441323771,      0.6646301774,                 0,       288.6037903,       275.3833497,                 0,       14979.31723,        12365.67066,                  0,        0.1808091192,         0.1564494944,                    0,          301400.2714,            301135.521,                     0,           120.3221927,           -135.5257384,                      0,        120.3221761,         135.4114807,                   0,                91.65648559,                  174.478845,                           0,             -2.75306268e-07,              -0.001685429328,                          nan,                      0.7617588756,                        1.288508508,                                nan,           299.9894212,              299.72591,                      0,            17151.64177,             16640.01409,                       0,      0.8297338914,      0.5473807664,                 0,                 0,                 0,      0.3938804191,      0.3283249118,      0.9382359971,                 0,      0.6597064096
         740,     0.05937518313,      -5.050536837,      -2.659038279,       0.334536807,                         8,       -4.51215319,               4,      -4.598309753,   2.030736676e-08,   8.955124811e-06,       1.030840098,       9.191073858,       8.554535022,         0.7170981858,         -0.6976810627,                     0,      0.4443474204,      0.6645320327,                 0,       288.5921839,       275.3831762,                 0,       14977.15032,        12365.54728,                  0,         0.180790234,         0.1564479643,                    0,          301399.2298,           301128.3775,                     0,           120.3783533,           -135.5430777,                      0,        120.3783367,         135.4273766,                   0,                91.69859648,                 174.4222139,                           0,            -2.752992715e-07,              -0.001706493932,                          nan,                      0.7617533101,                        1.287939103,                                nan,           299.9883844,               299.7188,                      0,            17151.36721,             16638.53835,                       0,      0.8291255845,       0.546895418,                 0,                 0,                 0,      0.3935229838,      0.3281351353,      0.9374812884,                 0,      0.6596050444
         741,     0.05936949164,      -5.051519978,      -2.664411201,      0.3332720253,                         8,      -4.027000142,               4,      -4.210150842,   2.436459526e-08,   1.074511541e-05,       1.237008117,       11.02928863,       10.26544203,         0.7173997806,         -0.6977517643,                     0,      0.4445927823,      0.6644253961,                 0,       288.5795202,       275.3837053,                 0,       14974.80239,        12365.37215,                  0,        0.1807698242,         0.1564453419,                    0,          301398.6518,           301121.4189,                     0,           120.4425797,           -135.5616038,                      0,        120.4425626,         135.4444297,                   0,                91.74669494,                 174.3613818,                           0,            -2.843688217e-07,              -0.001727974121,                          nan,                       0.761746454,                        1.287327815,                                nan,           299.9878092,            299.7118739,                      0,            17151.19733,             16636.88051,                       0,      0.8284682814,       0.546352618,                 0,                 0,                 0,      0.3931499306,      0.3279411986,      0.9366511873,                 0,      0.6594731871
         742,     0.05937934993,      -5.051854129,      -2.668893287,      0.3339380603,                         9,       -4.00269406,               5,      -4.727294667,    2.92311888e-08,    1.28927135e-05,       1.484409741,       13.23514636,       12.31853043,         0.7177379106,          -0.697822148,                     0,      0.4448667195,      0.6643114233,                 0,       288.5657987,       275.3858565,                 0,       14972.26181,        12365.21004,                  0,        0.1807477497,         0.1564419214,                    0,          301398.4492,           301115.7258,                     0,           120.5140651,           -135.5806507,                      0,        120.5140474,         135.4620657,                   0,                91.80085881,                 174.2979146,                           0,            -2.936879264e-07,              -0.001748526141,                          nan,                      0.7617440524,                        1.286691693,                                nan,           299.9876075,            299.7062075,                      0,            17151.10128,             16635.13979,                       0,       0.827815619,       0.545779543,                 0,                 0,                 0,      0.3927993944,      0.3277692998,      0.9357998155,                 0,      0.6593008521
         743,     0.05938040349,      -5.050163507,      -2.671409257,      0.3385536632,                        10,      -3.928212112,               5,       -4.31552287,   3.506793276e-08,   1.546934237e-05,       1.781291689,       15.88217563,       14.78223652,         0.7181068705,         -0.6979078346,                     0,      0.4451663422,      0.6641961528,                 0,       288.5509212,        275.391205,                 0,       14969.51485,        12365.23203,                  0,        0.1807239053,         0.1564389763,                    0,          301398.3725,           301113.4527,                     0,           120.5919256,            -135.602011,                      0,        120.5919076,         135.4821569,                   0,                91.86057983,                 174.2338661,                           0,            -2.987954251e-07,              -0.001766951818,                          nan,                      0.7617474646,                        1.286028139,                                nan,           299.9875311,             299.703945,                      0,            17151.03396,             16633.62841,                       0,      0.8272563531,      0.5452240104,                 0,                 0,                 0,      0.3925299413,      0.3276610649,      0.9350189955,                 0,      0.6590750357
         744,     0.05937019423,       -5.04501705,      -2.670831858,      0.3486842935,                        10,      -3.485357651,               6,       -4.83737969,   4.206726264e-08,   1.856070334e-05,       2.137550027,       19.05861075,       17.73868382,         0.7185034769,         -0.6980477692,                     0,      0.4454888019,      0.6640937607,                 0,       288.5347624,       275.4011371,                 0,       14966.56012,        12365.63282,                  0,        0.1806983526,         0.1564381941,                    0,          301398.1457,           301117.1509,                     0,            120.675591,           -135.6317804,                      0,        120.6755727,         135.5107988,                   0,                91.92494887,                 174.1712011,                           0,             -3.02984917e-07,              -0.001783175531,                          nan,                      0.7617527456,                        1.285293885,                                nan,           299.9873054,            299.7076259,                      0,            17150.96484,             16632.80975,                       0,      0.8269372225,      0.5447617791,                 0,                 0,                 0,      0.3924336302,      0.3276873118,      0.9344579132,                 0,      0.6587704172
         745,     0.05935135952,      -5.036221483,      -2.666952064,      0.3638326584,                        10,      -3.089808561,               6,      -4.420427184,   5.045949314e-08,   2.226962211e-05,       2.565060032,        22.8703329,       21.28642058,         0.7189269871,         -0.6982958053,                     0,      0.4458321316,       0.664024831,                 0,       288.5172774,       275.4156939,                 0,       14963.41232,        12366.46511,                  0,        0.1806712961,         0.1564402322,                    0,          301397.6228,           301128.3797,                     0,            120.764806,           -135.6800653,                      0,         120.764787,         135.5579635,                   0,                91.99317358,                 174.1106306,                           0,            -3.144670718e-07,              -0.001799038901,                          nan,                      0.7617549444,                        1.284399869,                                nan,           299.9867849,            299.7188022,                      0,            17150.89084,             16633.05128,                       0,      0.8270974638,      0.5444981265,                 0,                 0,                 0,      0.3926581543,      0.3279745499,       0.934345289,                 0,       0.658324019
         746,     0.05933605462,      -5.024490353,      -2.660722864,      0.3825095175,                        10,      -2.740322968,               6,       -4.04700416,   6.052045328e-08,   2.671944951e-05,      0.2565060032,        2.28703329,       2.128642058,         0.7193755152,         -0.6987032369,                     0,       0.446194448,      0.6640101913,                 0,       288.4987133,       275.4334938,                 0,       14960.11687,        12367.56957,                  0,        0.1806431291,         0.1564438676,                    0,          301396.9664,           301147.1616,                     0,            120.858996,           -135.7582439,                      0,        120.8589754,         135.6348138,                   0,                 92.0650542,                 174.0511402,                           0,            -3.403037394e-07,              -0.001817554407,                          nan,                      0.7617560374,                        1.283233525,                                nan,           299.9861316,            299.7374961,                      0,            17150.84498,             16634.43771,                       0,      0.8280909759,       0.544566077,                 0,                 0,                 0,      0.3934269036,      0.3287236852,      0.9350013985,                 0,      0.6576162437
         747,     0.05931496203,      -5.010252607,      -2.653375517,      0.4040545703,                         4,      -4.616746449,               2,      -4.130095669,   6.048416281e-09,   2.671512362e-06,      0.3078072039,       2.744439948,        2.55437047,         0.7194839661,         -0.6987583663,                     0,      0.4462567419,      0.6640152406,                 0,       288.4996114,       275.4326278,                 0,       14960.33532,        12367.17494,                  0,        0.1806452048,          0.156439412,                    0,          301401.1272,           301146.6949,                     0,            120.875824,           -135.7742415,                      0,        120.8758043,         135.6499751,                   0,                92.07835873,                 174.0391105,                           0,            -3.252223554e-07,              -0.001829646814,                          nan,                      0.7617600498,                        1.283001419,                                nan,            299.990273,            299.7370317,                      0,             17151.7373,             16634.02996,                       0,      0.8281515843,      0.5446058503,                 0,                 0,                 0,      0.3934878609,      0.3287477954,      0.9350697652,                 0,      0.6576161426
         748,     0.05931816409,      -5.017056067,      -2.656458246,      0.3939660469,                         4,      -4.218235634,               3,      -5.578000406,   7.257690254e-09,   3.205705834e-06,      0.3693686446,       3.293327938,       3.065244564,         0.7195838699,         -0.6988397449,                     0,      0.4463228382,      0.6640210019,                 0,       288.4991692,       275.4330868,                 0,       14960.26553,        12366.93489,                  0,        0.1806446391,         0.1564361379,                    0,          301404.0849,           301147.7389,                     0,           120.8929824,           -135.7944538,                      0,        120.8929642,         135.6692706,                   0,                92.09278408,                 174.0247237,                           0,              -2.9980132e-07,              -0.001842865558,                          nan,                      0.7617712466,                        1.282712901,                                nan,           299.9932168,            299.7380708,                      0,            17152.33842,             16633.83948,                       0,      0.8282489241,       0.544651121,                 0,                 0,                 0,      0.3935719787,      0.3287977932,      0.9351647636,                 0,      0.6575935146
         749,      0.0593078212,       -5.02614688,      -2.659988798,      0.3810146628,                         5,      -4.739811696,               3,      -5.200698695,   8.708644633e-09,   3.846695874e-06,      0.4432423736,       3.951993526,       3.678293477,         0.7196773607,         -0.6989530517,                     0,      0.4463941391,      0.6640289289,                 0,       288.4972789,       275.4348567,                 0,       14959.88663,        12366.83756,                  0,        0.1806412477,          0.156433903,                    0,          301405.7995,           301150.3891,                     0,           120.9109542,           -135.8201695,                      0,         120.910938,         135.6939529,                   0,                92.10843675,                 174.0075587,                           0,            -2.676264724e-07,               -0.00185772093,                          nan,                      0.7617874632,                        1.282353082,                                nan,           299.9949234,            299.7407086,                      0,            17152.63887,             16633.87246,                       0,       0.828401148,      0.5447020743,                 0,                 0,                 0,      0.3936889265,      0.3288880062,      0.9352975415,                 0,      0.6575341857
         750,     0.05927575113,      -5.036758695,       -2.66460607,      0.3661006344,                         5,      -4.296171439,               3,      -4.837002042,    1.04495449e-08,   4.615827135e-06,      0.5318908483,       4.742392231,       4.413952172,         0.7197698504,         -0.6991043472,                     0,      0.4464728609,      0.6640410049,                 0,       288.4939572,       275.4378615,                 0,       14959.21154,        12366.85685,                  0,        0.1806351759,         0.1564324211,                    0,          301406.4032,            301154.714,                     0,            120.930553,           -135.8528883,                      0,        120.9305388,         135.7254785,                   0,                92.12550072,                 173.9872064,                           0,            -2.338149925e-07,              -0.001874822279,                          nan,                      0.7618050959,                        1.281905272,                                nan,           299.9955242,            299.7450132,                      0,             17152.6763,             16634.12423,                       0,      0.8286300149,      0.5447614894,                 0,                 0,                 0,      0.3938512623,      0.3290340588,      0.9354834953,                 0,      0.6574242782
         751,     0.06114144574,       -5.04724126,       -2.67054406,      0.3514071666,                         6,       -4.59680898,               3,      -4.487932795,   1.253828221e-08,   5.538708423e-06,      0.6382690179,       5.690870677,       5.296742607,         0.7198691529,         -0.6993007506,                     0,       0.446561706,       0.664059844,                 0,       288.4893696,       275.4420054,                 0,       14958.28786,         12366.9611,                  0,        0.1806268946,         0.1564313466,                    0,          301406.2092,           301160.8065,                     0,           120.9527778,           -135.8943411,                      0,        120.9527654,         135.7655501,                   0,                92.14425448,                 173.9633335,                           0,            -2.035130575e-07,              -0.001894559775,                          nan,                      0.7618201547,                        1.281351075,                                nan,           299.9953311,            299.7510772,                      0,            17152.53317,             16634.59161,                       0,      0.8289606701,      0.5448363183,                 0,                 0,                 0,      0.3940750466,      0.3292517408,       0.935743393,                 0,      0.6572523136
         752,     0.06119246906,      -5.055752782,      -2.677460728,      0.3395121222,                         6,      -4.137017693,               3,      -4.154468977,   1.504428666e-08,    6.64606387e-06,      0.7659228215,       6.829044812,       6.356091128,         0.7199832211,         -0.6995502782,                     0,      0.4466631485,      0.6640886779,                 0,        288.483806,       275.4471198,                 0,       14957.18591,         12367.1129,                  0,        0.1806170714,         0.1564302998,                    0,          301405.6485,           301168.7235,                     0,           120.9785194,           -135.9463775,                      0,        120.9785085,         135.8160371,                   0,                92.16504401,                 173.9357671,                           0,            -1.802171257e-07,              -0.001916607411,                          nan,                      0.7618298915,                        1.280671788,                                nan,           299.9947731,            299.7589571,                      0,            17152.31564,             16635.27128,                       0,      0.8294225031,      0.5449385734,                 0,                 0,                 0,      0.3943809309,      0.3295571513,      0.9361045996,                 0,      0.6570096319
         753,     0.06120782241,      -5.061478456,      -2.684660774,      0.3316156873,                         7,      -4.274094369,               4,      -4.958857334,   1.805081674e-08,   7.974754339e-06,      0.9191073858,       8.194853775,       7.627309354,         0.7201172221,         -0.6998590618,                     0,      0.4467785195,      0.6641307039,                 0,        288.477608,       275.4527965,                 0,       14955.97679,        12367.25176,                  0,        0.1806063509,         0.1564287429,                    0,          301405.1476,           301178.2515,                     0,           121.0082156,           -136.0104786,                      0,        121.0082056,         135.8785205,                   0,                92.18819111,                 173.9045482,                           0,            -1.646704572e-07,              -0.001939468572,                          nan,                      0.7618342133,                        1.279853118,                                nan,           299.9942746,            299.7684406,                      0,            17152.11906,             16636.12609,                       0,      0.8300521663,       0.545085265,                 0,                 0,                 0,      0.3947961945,      0.3299691383,      0.9366028575,                 0,      0.6566879614
         754,     0.06125400146,      -5.065095822,      -2.691573989,      0.3268113366,                         8,       -4.32373585,               4,      -4.560966193,   2.165769819e-08,     9.5690035e-06,       1.102928863,        9.83382453,       9.152771225,         0.7202714887,         -0.7002258159,                     0,      0.4469072926,      0.6641874669,                 0,       288.4710715,       275.4582647,                 0,       14954.71188,        12367.27729,                  0,        0.1805951681,         0.1564258381,                    0,          301404.9888,           301188.6515,                     0,           121.0416314,           -136.0868002,                      0,         121.041622,         135.9533389,                   0,                92.21383668,                 173.8699523,                           0,            -1.548250423e-07,               -0.00196045288,                          nan,                      0.7618357647,                        1.278894316,                                nan,           299.9941165,            299.7787918,                      0,            17151.99699,             16637.03859,                       0,      0.8308977896,       0.545298246,                 0,                 0,                 0,      0.3953572336,      0.3305127451,      0.9372847161,                 0,      0.6562759618
         755,     0.06125616349,      -5.067566021,      -2.697905474,      0.3239098631,                         9,      -4.305700758,               4,      -4.186063874,   2.598460174e-08,   1.148186975e-05,       1.323514636,       11.80058944,       10.98332547,         0.7204416589,         -0.7006378581,                     0,      0.4470469405,      0.6642568246,                 0,       288.4643856,        275.462697,                 0,       14953.41702,        12367.08291,                  0,        0.1805837167,         0.1564207073,                    0,          301405.2391,           301198.8411,                     0,           121.0779045,           -136.1732624,                      0,        121.0778956,          136.038629,                   0,                92.24177489,                 173.8324814,                           0,            -1.470577595e-07,              -0.001976405746,                          nan,                      0.7618382729,                        1.277817063,                                nan,           299.9943656,            299.7889338,                      0,            17151.95306,             16637.82797,                       0,      0.8320237723,      0.5456055291,                 0,                 0,                 0,      0.3961121502,      0.3312222245,      0.9382114842,                 0,      0.6557571398
         756,     0.06123953184,      -5.068518331,      -2.703124078,      0.3237884761,                        10,      -4.221410664,               5,      -4.729405543,   3.117497365e-08,   1.377701358e-05,       1.588217563,       14.16070732,       13.17999056,         0.7206208402,         -0.7010767602,                     0,      0.4471933834,        0.66433285,                 0,       288.4576481,       275.4660884,                 0,       14952.10548,        12366.67263,                  0,        0.1805720955,         0.1564134149,                    0,          301405.7898,           301208.3533,                     0,           121.1158104,            -136.265953,                      0,        121.1158021,          136.130638,                   0,                92.27136332,                 173.7928858,                           0,            -1.383628735e-07,              -0.001985056627,                          nan,                      0.7618441339,                        1.276662538,                                nan,           299.9949137,            299.7984015,                      0,            17151.96045,             16638.40791,                       0,      0.8335161218,      0.5460454591,                 0,                 0,                 0,      0.3971230001,      0.3321427565,      0.9394657833,                 0,      0.6551108549
         757,     0.06121478338,      -5.066261759,      -2.706040563,      0.3290327157,                        10,      -3.743875421,               5,      -4.333151556,   3.740076657e-08,   1.653082203e-05,       1.905861075,       16.99284879,       15.81598868,         0.7208019405,         -0.7015374275,                     0,      0.4473416041,      0.6644105241,                 0,        288.450958,       275.4700158,                 0,       14950.80027,        12366.28531,                  0,        0.1805605206,         0.1564061082,                    0,          301406.4842,           301218.5215,                     0,           121.1540127,           -136.3619889,                      0,        121.1540049,         136.2264968,                   0,                92.30158047,                 173.7521908,                           0,            -1.281698246e-07,              -0.001986253677,                          nan,                      0.7618533167,                        1.275465455,                                nan,           299.9956049,             299.808522,                      0,            17151.99378,              16639.0243,                       0,      0.8354889235,      0.5466732954,                 0,                 0,                 0,      0.3984673453,      0.3333316064,      0.9411607054,                 0,      0.6543154314
         758,     0.06120733333,      -5.059272261,      -2.705347438,      0.3413692986,                        10,      -3.316523427,               6,      -4.850985026,   4.486815571e-08,   1.983496385e-05,        2.28703329,       20.39141854,       18.97918641,         0.7209780158,         -0.7020506576,                     0,      0.4474857616,       0.664494659,                 0,       288.4445516,       275.4770109,                 0,        14949.5534,        12366.35141,                  0,        0.1805494722,         0.1564028197,                    0,          301407.2665,           301232.4608,                     0,           121.1910219,            -136.464104,                      0,        121.1910147,          136.328784,                   0,                92.33120231,                 173.7114676,                           0,            -1.180573481e-07,              -0.001982248006,                          nan,                      0.7618650817,                        1.274209763,                                nan,           299.9963835,             299.822396,                      0,             17152.0524,             16640.32696,                       0,      0.8380926509,      0.5475666415,                 0,                 0,                 0,      0.4002390307,      0.3348614452,      0.9434491671,                 0,      0.6533485778
         759,     0.06119900105,      -5.047219954,      -2.700747188,      0.3604544362,                        10,      -2.940787946,               6,      -4.433238168,    5.38244811e-08,   2.379945878e-05,        2.28703329,       20.39141854,       18.97918641,         0.7211399853,         -0.7026901685,                     0,      0.4476182605,       0.664607184,                 0,       288.4389423,       275.4883589,                 0,       14948.45872,         12367.2166,                  0,        0.1805397624,         0.1564072104,                    0,          301408.2789,           301253.1985,                     0,           121.2247658,             -136.58386,                      0,        121.2247592,         136.4488018,                   0,                92.35890569,                 173.6712755,                           0,            -1.095663172e-07,              -0.001976682395,                          nan,                      0.7618815359,                        1.272794435,                                nan,           299.9973912,            299.8430367,                      0,            17152.16549,             16643.10008,                       0,      0.8415186517,      0.5488244244,                 0,                 0,                 0,      0.4025473597,      0.3368245361,      0.9465258168,                 0,      0.6521833156
         760,     0.06119469382,      -5.030915996,      -2.693035405,      0.3847334382,                        10,      -2.962608448,               6,      -4.413397335,   5.380561459e-08,   2.379696539e-05,        2.28703329,       20.39141854,       18.97918641,         0.7212654179,         -0.7034464431,                     0,      0.4477190782,      0.6647596021,                 0,       288.4353952,       275.4997542,                 0,        14947.7562,        12368.40606,                  0,        0.1805334978,         0.1564157371,                    0,          301409.8038,           301276.9154,                     0,            121.250057,            -136.723339,                      0,        121.2500509,         136.5881481,                   0,                92.38080301,                 173.6319779,                           0,            -1.008615533e-07,              -0.001976605767,                          nan,                        0.76190321,                        1.271208229,                                nan,            299.998909,            299.8666426,                      0,            17152.40136,             16646.88717,                       0,      0.8451599843,      0.5502297057,                 0,                 0,                 0,      0.4049658483,      0.3388695355,      0.9498502861,                 0,      0.6510361539
         761,     0.06117724291,      -5.018945604,      -2.687732912,      0.4025375581,                        10,      -2.980598334,               6,      -4.385089838,   5.378920231e-08,   2.379471786e-05,        2.28703329,       20.39141854,       18.97918641,         0.7213457227,         -0.7043521831,                     0,      0.4477849971,       0.664968307,                 0,       288.4338284,       275.5086555,                 0,       14947.39201,        12369.60892,                  0,          0.18053008,         0.1564258881,                    0,          301411.5876,           301302.0488,                     0,           121.2658508,           -136.8911487,                      0,        121.2658453,         136.7553918,                   0,                92.39642327,                 173.5923113,                           0,            -8.974685484e-08,              -0.001982444462,                          nan,                      0.7619327851,                        1.269363562,                                nan,           300.0006844,            299.8916583,                      0,            17152.66486,             16651.50191,                       0,      0.8489884778,      0.5517489831,                 0,                 0,                 0,      0.4074685479,      0.3409943361,      0.9533788536,                 0,      0.6498898365
         762,      0.0611522599,      -5.014369723,      -2.686595723,      0.4108038256,                        10,      -2.991386907,               6,      -4.353104639,   5.377530139e-08,   2.379271636e-05,        2.28703329,       20.39141854,       18.97918641,         0.7213775472,         -0.7054077075,                     0,      0.4478133556,      0.6652419271,                 0,       288.4342817,       275.5126731,                 0,        14947.3647,        12370.48592,                  0,        0.1805294665,         0.1564347231,                    0,          301413.5331,           301326.6141,                     0,           121.2716108,           -137.0896394,                      0,        121.2716061,         136.9530426,                   0,                 92.4049929,                 173.5529303,                           0,            -7.634620536e-08,              -0.001991816389,                          nan,                      0.7619672555,                        1.267244064,                                nan,           300.0026208,            299.9161087,                      0,            17152.92666,             16656.60628,                       0,      0.8529623854,      0.5533471534,                 0,                 0,                 0,      0.4100271074,      0.3431870014,      0.9570582977,                 0,      0.6487357038
         763,     0.06113378586,      -5.016556184,      -2.688794069,      0.4108070212,                        10,      -2.995524751,               6,      -4.321283326,   5.376384902e-08,   2.379096255e-05,        2.28703329,       20.39141854,       18.97918641,         0.7213594945,         -0.7065863435,                     0,      0.4478019764,      0.6655780722,                 0,       288.4368117,       275.5105889,                 0,       14947.68657,        12370.84869,                  0,        0.1805317705,         0.1564405553,                    0,          301415.5859,           301349.0906,                     0,            121.267026,           -137.3146947,                      0,        121.2670222,          137.177223,                   0,                92.40572159,                 173.5156266,                           0,            -6.231923078e-08,              -0.002001284159,                          nan,                      0.7620020671,                        1.264901146,                                nan,           300.0046639,            299.9384799,                      0,            17153.17832,             16661.90807,                       0,      0.8570183829,      0.5549879432,                 0,                 0,                 0,      0.4126028781,      0.3454191403,      0.9608213898,                 0,      0.6475799752
         764,     0.06112817529,      -5.022786421,      -2.692555694,      0.4059653231,                        10,      -2.995905518,               6,      -4.290939543,   5.375470057e-08,   2.378945998e-05,        2.28703329,       20.39141854,       18.97918641,         0.7212906902,         -0.7078461913,                     0,       0.447749222,      0.6659646907,                 0,       288.4414581,       275.5026291,                 0,       14948.36955,        12370.70313,                  0,        0.1805371111,         0.1564433382,                    0,          301417.7029,           301368.8295,                     0,           121.2518705,           -137.5578912,                      0,        121.2518674,         137.4197035,                   0,                92.39800289,                 173.4822284,                           0,             -5.01706412e-08,              -0.002008148344,                          nan,                      0.7620336483,                        1.262426158,                                nan,            300.006771,            299.9581265,                      0,            17153.41662,             16667.24117,                       0,      0.8610724804,      0.5566340917,                 0,                 0,                 0,      0.4151457246,      0.3476465205,      0.9645875933,                 0,      0.6464427843
         765,     0.06112717089,      -5.030027485,      -2.696281702,      0.3998095045,                        10,      -2.995615835,               6,       -4.26315554,   5.374766532e-08,   2.378821512e-05,        2.28703329,       20.39141854,       18.97918641,         0.7211702204,         -0.7091437464,                     0,      0.4476539051,      0.6663845221,                 0,       288.4482564,       275.4901981,                 0,       14949.42439,        12370.20897,                  0,        0.1805455954,          0.156444301,                    0,          301419.8601,           301386.0963,                     0,           121.2259207,           -137.8095826,                      0,        121.2259182,         137.6709136,                   0,                92.38147745,                 173.4538416,                           0,            -4.251453001e-08,              -0.002011458773,                          nan,                      0.7620604475,                        1.259916398,                                nan,           300.0089181,            299.9753124,                      0,            17153.64169,             16672.57558,                       0,      0.8650350949,      0.5582505031,                 0,                 0,                 0,      0.4176013868,      0.3498191487,      0.9682747043,                 0,      0.6453501209
         766,       0.061155391,      -5.036109002,      -2.699275738,      0.3947255513,                        10,      -2.996661176,               6,      -4.238811618,    5.37425364e-08,   2.378723748e-05,        2.28703329,       20.39141854,       18.97918641,         0.7209968547,         -0.7104451204,                     0,      0.4475150304,      0.6668207744,                 0,       288.4572555,       275.4752811,                 0,       14950.86296,        12369.59568,                  0,        0.1805573361,         0.1564452201,                    0,           301422.058,            301401.835,                     0,           121.1888977,           -138.0617114,                      0,        121.1888952,         137.9227532,                   0,                92.35597219,                 173.4307152,                           0,            -4.154916722e-08,              -0.002011973791,                          nan,                      0.7620827969,                        1.257448181,                                nan,           300.0111058,            299.9909775,                      0,            17153.85704,              16677.9843,                       0,      0.8688221637,      0.5598039663,                 0,                 0,                 0,      0.4199190922,      0.3518902808,      0.9718053627,                 0,      0.6443251446
         767,     0.06113556628,      -5.040073986,       -2.70165202,      0.3916827203,                        10,      -2.999699136,               6,      -4.217991656,    5.37391179e-08,   2.378653851e-05,        2.28703329,       20.39141854,       18.97918641,         0.7207689373,         -0.7117317996,                     0,      0.4473315263,      0.6672618712,                 0,       288.4685219,       275.4597653,                 0,       14952.69934,        12369.07203,                  0,        0.1805724608,         0.1564476605,                    0,          301424.3125,           301417.2711,                     0,           121.1404418,           -138.3095031,                      0,        121.1404388,         138.1703361,                   0,                 92.3213838,                 173.4125992,                           0,            -4.896772732e-08,              -0.002011388033,                          nan,                       0.762102108,                        1.255063888,                                nan,           300.0133498,            300.0063413,                      0,            17154.06804,             16683.58769,                       0,      0.8723670274,      0.5612641946,                 0,                 0,                 0,      0.4220593758,      0.3538252445,      0.9751150819,                 0,      0.6433807984
         768,     0.06112777828,      -5.041968425,      -2.703862127,       0.390566492,                        10,      -3.004398296,               6,      -4.200496735,   5.373724592e-08,   2.378612992e-05,       2.744439948,       24.46970225,       22.77502369,         0.7204844561,          -0.713000059,                     0,      0.4471021082,      0.6677036354,                 0,       288.4821325,       275.4449234,                 0,       14954.94906,        12368.76101,                  0,        0.1805911082,         0.1564524468,                    0,          301426.6398,           301433.5038,                     0,           121.0801278,           -138.5517074,                      0,        121.0801237,         138.4122956,                   0,                92.27757946,                 173.3992651,                           0,            -6.621027038e-08,              -0.002011403361,                          nan,                      0.7621199633,                        1.252773566,                                nan,           300.0156661,             300.022498,                      0,             17154.2796,             16689.49556,                       0,      0.8756299589,      0.5626059241,                 0,                 0,                 0,      0.4239994441,      0.3556077475,      0.9781596908,                 0,      0.6425156178
         769,     0.06112816636,      -5.042406011,      -2.706508968,      0.3906779843,                        10,      -2.660995168,               7,      -4.584578932,   6.448412754e-08,   2.854322676e-05,      0.2744439948,       2.446970225,       2.277502369,          0.720095461,         -0.7144224423,                     0,      0.4467864007,      0.6682138117,                 0,       288.5020872,       275.4311564,                 0,        14958.2976,        12369.17378,                  0,        0.1806190501,         0.1564658336,                    0,          301431.1305,           301455.9266,                     0,           120.9960413,           -138.8158611,                      0,        120.9960349,         138.6763865,                   0,                92.21924668,                 173.3980165,                           0,            -1.064271316e-07,              -0.002008480793,                          nan,                      0.7621675103,                         1.25037882,                                nan,           300.0201358,            300.0448158,                      0,             17154.8617,             16697.35293,                       0,      0.8791877951,      0.5640361097,                 0,                 0,                 0,      0.4260753218,      0.3575712358,       0.981453373,                 0,      0.6415422426
         770,     0.06109357198,      -5.034905214,      -2.707433812,      0.4009618796,                         4,      -4.577464645,               3,      -5.632852835,   6.448557867e-09,   2.854368582e-06,      0.3293327938,        2.93636427,       2.733002843,         0.7199935152,         -0.7146164899,                     0,      0.4467234671,       0.668296681,                 0,       288.5000369,       275.4253553,                 0,       14957.92734,        12368.09991,                  0,         0.180615863,         0.1564556145,                    0,          301425.7285,             301455.78,                     0,           120.9810459,           -138.8635099,                      0,        120.9810394,         138.7234984,                   0,                92.20267855,                  173.391377,                           0,            -1.075806192e-07,              -0.002015516755,                          nan,                      0.7621250323,                        1.249906317,                                nan,           300.0147591,            300.0446699,                      0,            17153.78779,             16697.13274,                       0,      0.8793698553,      0.5641174979,                 0,                 0,                 0,      0.4261799523,      0.3576667397,      0.9816284415,                 0,      0.6415019738
         771,     0.06105679391,      -5.044500736,      -2.711012988,      0.3861068154,                         4,      -4.170952789,               3,      -5.247921887,   7.738339633e-09,   3.425202791e-06,      0.3951993526,       3.523637125,       3.279603412,         0.7199008646,         -0.7148661605,                     0,      0.4466560305,      0.6683903271,                 0,        288.499714,        275.420461,                 0,       14957.91518,        12367.35343,                  0,        0.1806159185,         0.1564490266,                    0,          301421.8985,           301457.4152,                     0,           120.9654391,           -138.9188665,                      0,         120.965433,         138.7782428,                   0,                92.18513479,                 173.3835555,                           0,            -9.968635717e-08,              -0.002023520059,                          nan,                      0.7620783267,                        1.249356902,                                nan,           300.0109471,            300.0462974,                      0,            17153.07822,             16697.50707,                       0,      0.8796187928,      0.5642247682,                 0,                 0,                 0,      0.4263216069,      0.3577997583,      0.9818646254,                 0,      0.6414423757
         772,     0.06102456869,      -5.056045259,      -2.714162458,       0.368903591,                         5,      -4.648025127,               3,      -4.875676282,    9.28609502e-09,   4.110196692e-06,      0.4742392231,       4.228364549,       3.935524094,         0.7198119343,         -0.7151732379,                     0,      0.4465808462,      0.6684966088,                 0,       288.5013578,       275.4158934,                 0,       14958.29864,         12366.8771,                  0,        0.1806195197,         0.1564456818,                    0,          301419.7227,           301460.3358,                     0,           120.9480823,           -138.9826821,                      0,        120.9480772,         138.8413332,                   0,                92.16639014,                 173.3744002,                           0,            -8.473331803e-08,              -0.002033015994,                          nan,                      0.7620327026,                        1.248723245,                                nan,           300.0087814,            300.0492044,                      0,            17152.74251,             16698.42696,                       0,      0.8799560342,      0.5643657744,                 0,                 0,                 0,      0.4265123735,      0.3579825767,      0.9821811565,                 0,      0.6413567866
         773,     0.06098470375,      -5.068488355,      -2.717581903,      0.3505893033,                         5,      -4.203591268,               3,      -4.517038043,     1.1143422e-08,   4.932188331e-06,      0.5690870677,       5.074037459,       4.722628913,         0.7197163372,         -0.7155366616,                     0,      0.4464929009,       0.668617082,                 0,       288.5051001,       275.4110525,                 0,       14959.08228,        12366.59244,                  0,        0.1806266391,         0.1564449359,                    0,          301419.0791,           301464.0024,                     0,           120.9272504,           -139.0553887,                      0,        120.9272463,         138.9131612,                   0,                92.14594883,                 173.3638605,                           0,            -6.706962707e-08,              -0.002044577476,                          nan,                       0.761994932,                        1.248001694,                                nan,           300.0081408,            300.0528539,                      0,            17152.73418,             16699.81103,                       0,      0.8804044291,      0.5645484833,                 0,                 0,                 0,      0.4267654513,      0.3582285435,      0.9825982187,                 0,      0.6412376684
         774,     0.06095149329,      -5.079931187,      -2.721603922,      0.3336875183,                         6,      -4.465709106,               3,      -4.173006304,   1.337224102e-08,   5.918591691e-06,      0.6829044812,       6.088844951,       5.667154696,         0.7196000265,         -0.7159544776,                     0,      0.4463856112,      0.6687531457,                 0,       288.5109562,       275.4055358,                 0,       14960.24195,        12366.43309,                  0,        0.1806369752,         0.1564461833,                    0,          301419.6435,           301468.0795,                     0,           120.9007874,           -139.1371733,                      0,        120.9007842,         138.9938954,                   0,                92.12294704,                 173.3521253,                           0,            -5.210958942e-08,               -0.00205845937,                          nan,                      0.7619714598,                        1.247192367,                                nan,           300.0087026,            300.0569119,                      0,            17152.95768,             16701.59136,                       0,      0.8809857404,      0.5647796463,                 0,                 0,                 0,      0.4270935978,      0.3585508792,      0.9831343707,                 0,      0.6410769441
         775,     0.06092740374,      -5.088651803,      -2.726077728,      0.3206814486,                         6,      -4.014676661,               4,      -4.989952627,   1.604686464e-08,   7.102316025e-06,      0.8194853775,       7.306613941,       6.800585635,         0.7194478603,         -0.7164259327,                     0,      0.4462513622,      0.6689065919,                 0,       288.5188917,       275.3992317,                 0,       14961.74571,         12366.3671,                  0,        0.1806501634,         0.1564490847,                    0,          301420.9865,           301472.5755,                     0,           120.8663965,           -139.2281174,                      0,        120.8663938,         139.0836589,                   0,                92.09610466,                 173.3398359,                           0,            -4.496344985e-08,              -0.002074058047,                          nan,                      0.7619661825,                        1.246299078,                                nan,           300.0100392,            300.0613868,                      0,            17153.29798,              16703.7499,                       0,      0.8817175841,      0.5650633101,                 0,                 0,                 0,      0.4275069578,      0.3589611444,      0.9838035065,                 0,      0.6408665544
         776,     0.06090069421,      -5.094387341,      -2.730627599,      0.3120474958,                         7,      -4.142096413,               4,      -4.576638719,   1.925648635e-08,   8.522867303e-06,       0.983382453,        8.76793673,       8.160702762,         0.7192464995,         -0.7169523041,                     0,      0.4460821589,      0.6690803009,                 0,       288.5289278,       275.3922696,                 0,       14963.58323,        12366.39412,                  0,        0.1806660654,         0.1564535594,                    0,          301422.7176,            301477.836,                     0,           120.8219334,             -139.32831,                      0,        120.8219304,         139.1826729,                   0,                92.06375134,                 173.3283095,                           0,            -4.954501331e-08,              -0.002089467372,                          nan,                      0.7619788147,                        1.245329651,                                nan,           300.0117622,            300.0666227,                      0,            17153.66101,             16706.32349,                       0,      0.8826110614,      0.5653996152,                 0,                 0,                 0,      0.4280109548,      0.3594680849,      0.9846124651,                 0,      0.6405988322
         777,     0.06087547905,      -5.098164328,      -2.735156147,      0.3062602839,                         8,      -4.190182417,               4,      -4.186127751,   2.310817619e-08,   1.022766558e-05,       1.180058944,       10.52152408,       9.792843314,         0.7189858312,         -0.7175364599,                     0,      0.4458699583,      0.6692789471,                 0,       288.5412626,       275.3848647,                 0,       14965.78923,        12366.52408,                  0,        0.1806849755,         0.1564596068,                    0,          301424.6298,           301484.4266,                     0,           120.7655079,            -139.437932,                      0,        120.7655038,         139.2913339,                   0,                92.02393291,                 173.3197087,                           0,            -6.805359865e-08,              -0.002101595408,                          nan,                      0.7620051261,                        1.244296425,                                nan,           300.0136656,            300.0731825,                      0,            17154.00396,             16709.38566,                       0,      0.8836685974,      0.5657837114,                 0,                 0,                 0,      0.4286043129,      0.3600765689,       0.985558858,                 0,      0.6402668524
         778,      0.0608497543,      -5.100317355,       -2.73998598,      0.3026683538,                         9,      -4.162059072,               5,       -4.71593454,   2.773048817e-08,   1.227362092e-05,       1.416070732,       12.62582889,       11.75141198,         0.7186579082,         -0.7181825973,                     0,      0.4456065014,      0.6695095146,                 0,       288.5563177,       275.3772403,                 0,       14968.44507,        12366.76181,                  0,        0.1807076111,         0.1564671627,                    0,          301426.7395,           301493.0911,                     0,           120.6953126,           -139.5574609,                      0,        120.6953065,         139.4103429,                   0,                91.97456048,                 173.3170017,                           0,            -1.010339432e-07,              -0.002107239989,                          nan,                      0.7620392469,                        1.243214802,                                nan,           300.0157653,            300.0818064,                      0,             17154.3355,             16713.03662,                       0,      0.8848827552,       0.566204108,                 0,                 0,                 0,      0.4292780333,      0.3607876438,      0.9866290379,                 0,      0.6398634221
         779,     0.06082878538,      -5.099029644,      -2.745326495,      0.3038749586,                        10,      -4.069495084,               5,      -4.304583827,    3.32778042e-08,   1.472902481e-05,       1.699284879,       15.15099467,       14.10169437,         0.7182537446,         -0.7188971345,                     0,      0.4452825567,       0.669781673,                 0,       288.5747484,       275.3696363,                 0,       14971.66705,        12367.10723,                  0,        0.1807349646,         0.1564761006,                    0,          301429.2582,           301504.8003,                     0,           120.6091863,           -139.6880659,                      0,        120.6091773,         139.5409736,                   0,                91.91356321,                 173.3236793,                           0,            -1.492712365e-07,              -0.002104902246,                          nan,                      0.7620776899,                        1.242098824,                                nan,           300.0182722,            300.0934607,                      0,             17154.6945,             16717.41385,                       0,      0.8862345599,      0.5666385215,                 0,                 0,                 0,      0.4300149577,       0.361599719,      0.9877937803,                 0,       0.639377595
         780,      0.0608231662,      -5.091653022,      -2.750562928,      0.3139479344,                        10,      -3.615720571,               6,      -4.821024354,   3.993556251e-08,   1.767583289e-05,       2.039141854,        18.1811936,       16.92203325,         0.7177590479,         -0.7196896639,                     0,      0.4448862415,      0.6701080295,                 0,        288.597512,       275.3623364,                 0,       14975.60656,        12367.55592,                  0,        0.1807682618,         0.1564862162,                    0,          301432.5784,           301520.8098,                     0,           120.5039269,           -139.8319706,                      0,        120.5039138,         139.6853432,                   0,                91.83887383,                 173.3434513,                           0,            -2.171570442e-07,               -0.00209609459,                          nan,                      0.7621235769,                        1.240956619,                                nan,           300.0215769,            300.1093953,                      0,            17155.13311,              16722.6988,                       0,      0.8876884505,      0.5670453415,                 0,                 0,                 0,      0.4307882613,      0.3625097223,      0.9889984357,                 0,       0.638788689
         781,     0.06082501547,      -5.077697837,      -2.754317598,      0.3337061241,                        10,      -3.216826126,               6,      -4.413464284,     4.7926555e-08,   2.121243649e-05,       2.446970225,       21.81743232,        20.3064399,         0.7171501623,         -0.7205727506,                     0,      0.4444000752,      0.6705049734,                 0,       288.6259707,       275.3556934,                 0,       14980.47039,        12368.08914,                  0,        0.1808091422,         0.1564970705,                    0,          301437.2301,           301542.7494,                     0,            120.374495,           -139.9924729,                      0,         120.374476,         139.8464811,                   0,                91.74786104,                 173.3806103,                           0,            -3.156438767e-07,              -0.002084621193,                          nan,                      0.7621870023,                        1.239792442,                                nan,           300.0262068,            300.1312323,                      0,            17155.70987,             16729.11198,                       0,      0.8891802347,      0.5673490792,                 0,                 0,                 0,       0.431556338,      0.3635123355,      0.9901440548,                 0,      0.6380585814
         782,     0.06082797254,      -5.059671348,      -2.754999349,       0.359304529,                        10,      -2.867840049,               6,      -4.043823922,   5.751853489e-08,   2.545703303e-05,      0.2446970225,       2.181743232,        2.03064399,         0.7163925727,          -0.721559994,                     0,      0.4437980627,      0.6709948035,                 0,       288.6618091,       275.3501189,                 0,       14986.52814,        12368.65937,                  0,        0.1808597992,         0.1565077996,                    0,          301443.6468,           301572.7591,                     0,           120.2136774,           -140.1734129,                      0,        120.2136493,         140.0279818,                   0,                 91.6360924,                 173.4415516,                           0,            -4.681033665e-07,              -0.002073940603,                          nan,                      0.7622769374,                        1.238620663,                                nan,           300.0325935,            300.1611015,                      0,            17156.46866,             16736.91734,                       0,      0.8905899366,      0.5674210534,                 0,                 0,                 0,      0.4322513097,      0.3645901005,      0.9910555715,                 0,      0.6371294241
         783,     0.06082620281,      -5.040501801,      -2.751188082,       0.386273799,                         4,      -4.886016542,               2,      -4.098678885,   5.752786456e-09,    2.54597444e-06,       0.293636427,       2.618091879,       2.436772788,         0.7162038022,         -0.7216872973,                     0,       0.443686467,      0.6710573571,                 0,       288.6591846,       275.3469037,                 0,       14985.99468,        12367.92755,                  0,        0.1808550061,         0.1565004651,                    0,          301435.1615,           301573.9237,                     0,           120.1851829,           -140.2052942,                      0,         120.185155,           140.05952,                   0,                91.60964351,                 173.4402468,                           0,            -4.655241872e-07,              -0.002078358737,                          nan,                      0.7622375953,                        1.238332438,                                nan,           300.0241479,            300.1622606,                      0,            17154.71376,             16736.86188,                       0,       0.890668784,      0.5674172843,                 0,                 0,                 0,      0.4322877186,      0.3646551055,      0.9911003538,                 0,      0.6370687898
         784,     0.06078820293,      -5.048357484,      -2.752380172,      0.3746188141,                         4,       -4.46243629,               3,      -5.527119996,   6.903486572e-09,   3.055180324e-06,      0.3523637125,       3.141710255,       2.924127345,         0.7160276028,         -0.7218498502,                     0,      0.4435662894,      0.6711324035,                 0,       288.6591743,       275.3441686,                 0,       14986.00399,        12367.36577,                  0,        0.1808551253,         0.1564950079,                    0,          301428.9656,            301576.534,                     0,           120.1555299,           -140.2423771,                      0,        120.1555039,         140.0962353,                   0,                  91.581023,                 173.4403121,                           0,            -4.334542025e-07,              -0.002083045828,                          nan,                      0.7621874991,                        1.238008372,                                nan,           300.0179811,            300.1648587,                      0,            17153.49251,             16737.21356,                       0,       0.890766986,      0.5674106354,                 0,                 0,                 0,       0.432332394,      0.3647372517,      0.9911545741,                 0,      0.6369910923
         785,     0.06074427379,      -5.059064958,      -2.752008824,       0.359316819,                         4,      -4.055465317,               3,      -5.151315207,   8.284385552e-09,   3.666238745e-06,      0.4228364549,       3.770052305,       3.508952814,         0.7158583079,         -0.7220490881,                     0,      0.4434334433,       0.671222616,                 0,       288.6621828,       275.3415958,                 0,       14986.62913,          12366.947,                  0,        0.1808607849,         0.1564912682,                    0,          301425.2719,             301580.44,                     0,           120.1233535,           -140.2851094,                      0,        120.1233307,         140.1385586,                   0,                91.54989868,                 173.4423544,                           0,            -3.794001291e-07,              -0.002088237502,                          nan,                      0.7621325364,                        1.237649053,                                nan,           300.0143046,            300.1687463,                      0,            17152.84664,             16737.97459,                       0,      0.8908903426,      0.5673996042,                 0,                 0,                 0,      0.4323879362,      0.3648420634,      0.9912205517,                 0,      0.6368905095
         786,     0.06071030991,      -5.071705155,      -2.751425558,      0.3413551804,                         5,      -4.525403464,               3,      -4.789403079,   9.941545925e-09,   4.399533317e-06,      0.5074037459,       4.524062767,       4.210743377,         0.7156829545,         -0.7222833276,                     0,        0.44328134,      0.6713304286,                 0,       288.6684491,       275.3388236,                 0,       14987.89293,        12366.62255,                  0,        0.1808721104,         0.1564888384,                    0,          301423.9912,           301585.4267,                     0,              120.0864,           -140.3335655,                      0,         120.086381,         140.1865417,                   0,                91.51562624,                 173.4471489,                           0,            -3.170051946e-07,              -0.002094249604,                          nan,                      0.7620816405,                        1.237259631,                                nan,             300.01303,            300.1737098,                      0,            17152.73477,             16739.11495,                       0,      0.8910448428,      0.5673812438,                 0,                 0,                 0,      0.4324572076,      0.3649760904,      0.9912995718,                 0,      0.6367594722
         787,     0.06067570584,      -5.084213403,      -2.751873056,      0.3233775272,                         5,      -4.083138099,               3,      -4.442312374,   1.193025215e-08,   5.279536102e-06,      0.6088844951,        5.42887532,       5.052892052,         0.7154820152,         -0.7225479371,                     0,      0.4431009726,      0.6714577863,                 0,       288.6780181,        275.335578,                 0,       14989.76589,        12366.33952,                  0,         0.180888717,         0.1564872069,                    0,          301424.7085,           301591.3392,                     0,           120.0416551,           -140.3873304,                      0,        120.0416393,         140.2397538,                   0,                91.47711668,                 173.4557061,                           0,            -2.626313138e-07,              -0.002101314912,                          nan,                      0.7620448804,                        1.236851187,                                nan,           300.0137438,            300.1795945,                      0,            17153.03094,             16740.59174,                       0,      0.8912352181,      0.5673500897,                 0,                 0,                 0,      0.4325426443,      0.3651464079,      0.9913901548,                 0,       0.636588499
         788,     0.06064576933,      -5.094271872,      -2.753988234,      0.3086580452,                         6,      -4.324432259,               3,      -4.111261759,   1.431686086e-08,   6.335631926e-06,      0.7306613941,       6.514650384,       6.063470463,         0.7152327426,         -0.7228360494,                     0,      0.4428817024,      0.6716059997,                 0,       288.6907678,       275.3318326,                 0,       14992.18599,        12366.06259,                  0,        0.1809099314,         0.1564859417,                    0,           301426.751,           301598.2455,                     0,            119.985757,           -140.4454474,                      0,        119.9857431,         140.2972441,                   0,                91.43274654,                 173.4693532,                           0,            -2.313776326e-07,              -0.002109360709,                          nan,                      0.7620300892,                         1.23644163,                                nan,           300.0157768,            300.1864685,                      0,            17153.55542,             16742.37587,                       0,      0.8914628372,      0.5672968247,                 0,                 0,                 0,      0.4326451105,      0.3653597509,      0.9914857184,                 0,      0.6363662073
         789,     0.06062412253,      -5.100934248,      -2.757659094,      0.2987663063,                         7,      -4.451535935,               4,      -4.894025151,   1.718102614e-08,   7.603106566e-06,       0.876793673,       7.817580461,       7.276164555,          0.714914041,          -0.723139837,                     0,      0.4426124448,      0.6717760101,                 0,       288.7065578,       275.3279005,                 0,       14995.10075,        12365.79117,                  0,        0.1809352072,         0.1564848543,                    0,          301429.4056,           301606.5566,                     0,           119.9155392,           -140.5064978,                      0,        119.9155252,         140.3576342,                   0,                91.38037744,                 173.4898508,                           0,            -2.342770046e-07,              -0.002117835232,                          nan,                      0.7620395883,                        1.236055679,                                nan,            300.018419,            300.1947407,                      0,            17154.13513,             16744.47855,                       0,      0.8917225876,      0.5672067387,                 0,                 0,                 0,      0.4327620975,      0.3656209665,      0.9915714631,                 0,      0.6360798151
         790,     0.06061377699,      -5.105233377,      -2.762329729,      0.2924065126,                         8,      -4.486901852,               4,       -4.50149838,   2.061837815e-08,   9.124327414e-06,       1.052152408,       9.381096553,       8.731397467,         0.7145104946,         -0.7234529749,                     0,      0.4422827725,      0.6719692918,                 0,       288.7253956,        275.324491,                 0,       14998.50818,        12365.57041,                  0,        0.1809645143,         0.1564841069,                    0,          301432.1489,           301617.1557,                     0,           119.8284479,           -140.5689868,                      0,        119.8284314,         140.4195006,                   0,                91.31749889,                 173.5195031,                           0,            -2.761830636e-07,              -0.002125742654,                          nan,                      0.7620687164,                        1.235722263,                                nan,           300.0211495,            300.2052902,                      0,            17154.66175,             16746.97951,                       0,      0.8919994605,       0.567058279,                 0,                 0,                 0,      0.4328856734,      0.3659311764,      0.9916211492,                 0,      0.6357159439
         791,     0.06060511944,      -5.108596108,      -2.767425424,      0.2875694962,                         9,      -4.447034759,               4,       -4.13408824,   2.474374997e-08,   1.095015202e-05,       1.262582889,       11.25731586,       10.47767696,         0.7140131253,         -0.7237751464,                     0,      0.4418834389,      0.6721897285,                 0,       288.7475386,       275.3226681,                 0,       15002.47053,        12365.49237,                  0,        0.1809984406,         0.1564842533,                    0,          301434.7814,           301631.4953,                     0,           119.7226023,            -140.632217,                      0,        119.7225811,         140.4822272,                   0,                91.24148708,                 173.5612125,                           0,            -3.539597575e-07,              -0.002131941497,                          nan,                      0.7621075843,                        1.235467404,                                nan,           300.0237697,            300.2195627,                      0,            17155.11293,             16750.05717,                       0,      0.8922646736,        0.56682129,                 0,                 0,                 0,      0.4330004711,       0.366285759,      0.9915933467,                 0,      0.6352613824
         792,     0.06058769143,      -5.110608912,      -2.772334956,      0.2849147041,                        10,       -4.34150854,               5,      -4.657046578,   2.969506573e-08,   1.314161257e-05,       1.515099467,       13.50877904,       12.57321235,         0.7134163355,         -0.7241169899,                     0,       0.441406168,      0.6724462567,                 0,        288.773492,       275.3235298,                 0,        15007.0945,        12365.66746,                  0,        0.1810379543,         0.1564860596,                    0,          301437.4147,           301651.4478,                     0,           119.5964419,           -140.6974669,                      0,        119.5964145,         140.5471496,                   0,                91.14994765,                 173.6184452,                           0,             -4.58778438e-07,              -0.002135603517,                          nan,                      0.7621461567,                        1.235303923,                                nan,           300.0263906,            300.2394218,                      0,            17155.52748,             16753.99031,                       0,      0.8924703279,      0.5664542963,                 0,                 0,                 0,      0.4330819225,      0.3666717455,      0.9914260371,                 0,      0.6347037863
         793,     0.06056599534,      -5.108558793,      -2.776171384,      0.2885939121,                        10,      -3.847995383,               5,      -4.278171242,   3.563717798e-08,   1.577194289e-05,        1.81811936,       16.21053484,       15.08785482,         0.7127123772,         -0.7244996528,                     0,      0.4408424519,      0.6727546704,                 0,       288.8040252,       275.3274691,                 0,       15012.50972,        12366.14111,                  0,        0.1810841334,         0.1564898691,                    0,          301440.4273,           301678.6346,                     0,           119.4479817,           -140.7685231,                      0,        119.4479467,         140.6180604,                   0,                91.04102205,                 173.6951391,                           0,            -5.862120001e-07,              -0.002136589555,                          nan,                      0.7621815573,                        1.235226389,                                nan,           300.0293891,            300.2664813,                      0,            17155.96847,             16759.07275,                       0,      0.8925400324,      0.5659000896,                 0,                 0,                 0,       0.433094236,      0.3670630364,      0.9910274205,                 0,      0.6340332859
         794,     0.06054428453,      -5.099768424,      -2.777803698,      0.3025514227,                        10,      -3.412333302,               6,      -4.798522255,    4.27685825e-08,    1.89290387e-05,       2.181743232,       19.45264181,       18.10542579,         0.7118851875,         -0.7249433172,                     0,      0.4401806057,      0.6731359717,                 0,        288.840303,       275.3334136,                 0,       15018.88127,        12366.78911,                  0,        0.1811382342,         0.1564947023,                    0,          301444.4522,           301713.4702,                     0,           119.2737387,            -140.850263,                      0,        119.2736942,         140.6997928,                   0,                90.91319464,                 173.7957439,                           0,            -7.471263423e-07,              -0.002135456746,                          nan,                      0.7622233491,                         1.23522388,                                nan,           300.0333952,            300.3011539,                      0,            17156.50773,             16765.44602,                       0,      0.8923575104,      0.5650800216,                 0,                 0,                 0,      0.4329891112,      0.3674147966,      0.9902644719,                 0,      0.6332439802
         795,     0.06054167337,      -5.085031104,      -2.775817782,      0.3250922736,                        10,      -3.034665559,               6,      -4.432059387,   5.132871584e-08,   2.271846431e-05,       2.618091879,       23.34317017,       21.72651094,          0.710906475,         -0.7254482198,                     0,      0.4394015397,      0.6736105496,                 0,       288.8838958,       275.3389882,                 0,       15026.43295,        12367.30788,                  0,         0.181201964,         0.1564980395,                    0,          301450.1734,           301754.8993,                     0,           119.0679033,           -140.9451013,                      0,        119.0678454,         140.7947072,                   0,                90.76400426,                 173.9257578,                           0,            -9.725006246e-07,              -0.002132940694,                          nan,                      0.7622881217,                        1.235314602,                                nan,           300.0390895,             300.342389,                      0,            17157.20965,             16772.99777,                       0,       0.891769727,      0.5638907757,                 0,                 0,                 0,      0.4327122814,      0.3676678997,      0.9889622685,                 0,      0.6323277845
         796,     0.06054487641,      -5.068286806,      -2.768294386,      0.3499462871,                        10,      -2.702874106,               6,      -4.104829098,   6.160486808e-08,   2.726711209e-05,      0.2618091879,       2.334317017,       2.172651094,         0.7097388566,         -0.7259813993,                     0,      0.4384773331,      0.6741914078,                 0,       288.9363097,       275.3419431,                 0,       15035.41187,        12367.37566,                  0,        0.1812773478,         0.1564970492,                    0,          301457.7674,            301801.451,                     0,           118.8229644,            -141.049221,                      0,         118.822886,          140.898977,                   0,                90.58821619,                 174.0927192,                           0,            -1.320077699e-06,              -0.002129242009,                          nan,                      0.7623802051,                        1.235585402,                                nan,            300.046648,            300.3887228,                      0,              17158.077,             16781.47964,                       0,      0.8906304166,      0.5622125369,                 0,                 0,                 0,      0.4322295037,      0.3677786018,      0.9869368651,                 0,      0.6312523427
         797,     0.06052387569,      -5.052079042,      -2.753928018,      0.3732935963,                         4,      -4.656693201,               2,      -4.163516185,   6.161896999e-09,   2.727297939e-06,      0.3141710255,       2.801180421,       2.607181313,         0.7094424602,         -0.7260460129,                     0,      0.4383044557,      0.6742494271,                 0,       288.9323552,       275.3396091,                 0,       15034.58357,        12366.83104,                  0,        0.1812698435,         0.1564915132,                    0,          301444.8409,           301803.2802,                     0,           118.7782496,           -141.0674366,                      0,        118.7781724,         140.9168132,                   0,                90.54802066,                 174.1009693,                           0,            -1.299643881e-06,               -0.00213434074,                          nan,                      0.7623287917,                        1.235487557,                                nan,            300.033782,            300.3905435,                      0,            17155.37893,             16781.60965,                       0,       0.890543635,      0.5620869014,                 0,                 0,                 0,      0.4321930218,       0.367785703,      0.9867843368,                 0,      0.6311727795
         798,     0.06049356058,      -5.062718606,      -2.753440793,      0.3575784655,                         4,      -4.248333672,               3,        -5.5859272,   7.394429038e-09,   3.272840427e-06,      0.3770052305,       3.361416505,       3.128617576,         0.7091703436,         -0.7261239414,                     0,       0.438120276,      0.6743227531,                 0,       288.9325009,       275.3374943,                 0,       15034.62511,         12366.3602,                  0,        0.1812702539,         0.1564867648,                    0,            301435.62,           301806.4868,                     0,           118.7324044,           -141.0874334,                      0,         118.732333,          140.936485,                   0,                90.50470668,                 174.1145353,                           0,            -1.203585602e-06,              -0.002138640337,                          nan,                      0.7622583031,                        1.235411365,                                nan,           300.0246042,            300.3937351,                      0,            17153.55956,             16782.05593,                       0,      0.8904291589,      0.5619270399,                 0,                 0,                 0,      0.4321452401,      0.3677915145,         0.9865878,                 0,      0.6310743918
         799,     0.06046677962,      -5.076069427,        -2.7520316,      0.3382821216,                         5,      -4.725090875,               3,      -5.216601721,   8.873539939e-09,   3.927533351e-06,      0.4524062767,       4.033699806,       3.754341091,          0.708912927,         -0.7262112923,                     0,      0.4379188166,      0.6744142078,                 0,       288.9372297,       275.3353407,                 0,       15035.62062,        12365.93469,                  0,        0.1812792904,         0.1564825869,                    0,           301430.305,           301810.9958,                     0,           118.6833682,            -141.108587,                      0,        118.6833055,         140.9574052,                   0,                90.45781984,                  174.135057,                           0,            -1.055627949e-06,              -0.002141624749,                          nan,                      0.7621781298,                          1.2353736,                                nan,           300.0193142,             300.398223,                      0,            17152.65423,             16782.81896,                       0,       0.890276248,      0.5617218873,                 0,                 0,                 0,      0.4320819414,       0.367794198,      0.9863319443,                 0,       0.630952346
         800,     0.06042923046,       -5.09049373,      -2.752082409,      0.3172666334,                         5,      -4.274375014,               3,      -4.861637784,   1.064858047e-08,   4.713233506e-06,       0.542887532,       4.840439767,       4.505209309,         0.7086494377,         -0.7263005419,                     0,      0.4376905743,      0.6745260146,                 0,       288.9467112,       275.3328752,                 0,       15037.56312,        12365.51742,                  0,        0.1812967616,         0.1564786616,                    0,          301428.5909,           301816.6711,                     0,           118.6278006,           -141.1296472,                      0,        118.6277475,         140.9783678,                   0,                90.40646729,                 174.1644311,                           0,            -8.942070207e-07,              -0.002142686197,                          nan,                      0.7621021993,                        1.235398266,                                nan,           300.0176081,            300.4038717,                      0,             17152.5587,              16783.8786,                       0,      0.8900722322,      0.5614578232,                 0,                 0,                 0,       0.431998399,      0.3677919286,      0.9859982571,                 0,      0.6308002912
         801,      0.0620331283,      -5.103336251,      -2.755095803,      0.2980723656,                         6,      -4.524692786,               3,      -4.522039926,   1.277878823e-08,   5.656186976e-06,      0.6514650384,       5.808527721,       5.406251171,         0.7083503391,         -0.7263805875,                     0,      0.4374231487,      0.6746593633,                 0,       288.9607435,       275.3299376,                 0,       15040.35591,        12365.07991,                  0,        0.1813216267,         0.1564747162,                    0,          301429.6388,           301823.4229,                     0,            118.561453,           -141.1486263,                      0,        118.5614079,         140.9974311,                   0,                90.34916004,                 174.2047799,                           0,             -7.61524442e-07,              -0.002141207735,                          nan,                      0.7620452697,                        1.235517403,                                nan,           300.0186511,            300.4105918,                      0,             17153.0373,             16785.21125,                       0,      0.8898029493,      0.5611184535,                 0,                 0,                 0,      0.4318898297,      0.3677833754,      0.9855651152,                 0,      0.6306097928
         802,     0.06199234994,      -5.112522602,      -2.761171295,      0.2838994761,                         6,      -4.063340512,               3,      -4.198711085,   1.533527298e-08,   6.787915015e-06,      0.7817580461,       6.970233265,       6.487501405,         0.7079838033,         -0.7264376849,                     0,      0.4371029552,      0.6748142694,                 0,       288.9788573,       275.3265895,                 0,       15043.85402,        12364.62186,                  0,        0.1813524305,          0.156470709,                    0,          301432.2728,           301831.3172,                     0,           118.4799666,           -141.1628452,                      0,        118.4799256,         141.0119442,                   0,                90.28377379,                  174.258396,                           0,             -6.91406743e-07,               -0.00213682754,                          nan,                      0.7620174753,                        1.235770466,                                nan,           300.0212727,            300.4184492,                      0,            17153.78765,              16786.8148,                       0,       0.889452696,      0.5606842858,                 0,                 0,                 0,      0.4317517489,      0.3677678587,      0.9850074969,                 0,      0.6303699886
         803,     0.06195922102,      -5.118337908,      -2.769165834,      0.2748242564,                         7,      -4.177587534,               4,      -4.988255233,   1.840340338e-08,   8.146274202e-06,      0.9381096553,       8.364279918,       7.785001687,         0.7075240216,         -0.7264577237,                     0,      0.4367175193,      0.6749899692,                 0,       289.0005371,       275.3232319,                 0,       15047.93253,        12364.18914,                  0,        0.1813879883,         0.1564669892,                    0,          301435.3276,           301840.7376,                     0,           118.3798141,           -141.1692873,                      0,        118.3797726,         141.0188688,                   0,                90.20769702,                 174.3276514,                           0,            -7.003214851e-07,              -0.002129901763,                          nan,                      0.7620195157,                        1.236200892,                                nan,           300.0243133,            300.4278255,                      0,            17154.54195,              16788.7397,                       0,      0.8890034121,      0.5601323658,                 0,                 0,                 0,      0.4315800893,      0.3677449225,      0.9842961983,                 0,      0.6300677345
         804,     0.06192629031,       -5.12303944,      -2.777398545,      0.2679448416,                         8,      -4.213434493,               4,      -4.606713069,   2.208567929e-08,   9.776720934e-06,       1.125731586,        10.0371359,       9.342002024,         0.7069569242,         -0.7264310582,                     0,      0.4362573394,      0.6751864102,                 0,       289.0254992,       275.3206571,                 0,       15052.54562,        12363.88417,                  0,        0.1814279236,         0.1564643986,                    0,          301438.0333,           301852.5561,                     0,           118.2589053,           -141.1654943,                      0,         118.258859,         141.0156454,                   0,                90.11820266,                 174.4148901,                           0,            -7.824668374e-07,              -0.002121897732,                          nan,                      0.7620418752,                        1.236847796,                                nan,           300.0270063,            300.4395887,                      0,            17155.15321,              16791.1262,                       0,      0.8884342473,      0.5594361114,                 0,                 0,                 0,       0.431371455,       0.367714089,      0.9833974391,                 0,      0.6296876928
         805,     0.06189593226,      -5.128111291,      -2.784272651,      0.2612864461,                         9,      -4.170565351,               4,      -4.248098218,   2.650519296e-08,   1.173381902e-05,       1.350877904,       12.04456308,       11.21040243,         0.7062798294,         -0.7263593458,                     0,      0.4357165179,      0.6754071149,                 0,       289.0538183,       275.3198809,                 0,       15057.73512,        12363.84871,                  0,        0.1814726911,         0.1564641445,                    0,          301440.1794,           301868.1677,                     0,           118.1165145,           -141.1509807,                      0,        118.1164607,         141.0016255,                   0,                90.01295062,                  174.522398,                           0,            -9.116027635e-07,              -0.002115127788,                          nan,                       0.762069487,                        1.237733235,                                nan,           300.0291424,            300.4551273,                      0,            17155.61124,             16794.22327,                       0,      0.8877232552,      0.5585655829,                 0,                 0,                 0,      0.4311243711,      0.3676760439,      0.9822741038,                 0,      0.6292113895
         806,     0.06187023494,      -5.131819424,      -2.788468714,      0.2574884049,                        10,       -4.05708185,               5,      -4.781582634,   3.180981126e-08,   1.408304585e-05,       1.621053484,        14.4534757,       13.45248291,         0.7054951839,         -0.7262596936,                     0,      0.4350919361,      0.6756626374,                 0,       289.0859076,       275.3214414,                 0,       15063.59217,        12364.18392,                  0,         0.181523127,         0.1564671811,                    0,          301442.0519,            301888.979,                     0,           117.9525311,           -141.1284342,                      0,        117.9524688,         140.9793691,                   0,                89.89049704,                 174.6525977,                           0,            -1.057322013e-06,              -0.002111357706,                          nan,                      0.7620908489,                        1.238852172,                                nan,            300.031006,            300.4758412,                      0,             17155.9905,             16798.32885,                       0,      0.8868504396,      0.5574880196,                 0,                 0,                 0,      0.4308413926,       0.367634733,      0.9808880146,                 0,      0.6286155982
         807,     0.06185681225,       -5.12976296,      -2.789005015,       0.262916278,                        10,      -3.587108275,               5,      -4.408494118,   3.817724969e-08,   1.690297097e-05,       1.945264181,       17.34417084,        16.1429795,         0.7046018718,         -0.7261583212,                     0,      0.4343808605,      0.6759718444,                 0,       289.1224902,       275.3242437,                 0,       15070.22179,        12364.81427,                  0,        0.1815800381,         0.1564731422,                    0,          301444.2821,           301915.2307,                     0,            117.766278,           -141.1032093,                      0,        117.7662067,         140.9542795,                   0,                89.75048302,                  174.808548,                           0,            -1.211381522e-06,              -0.002109819058,                          nan,                      0.7621072765,                        1.240179075,                                nan,           300.0332258,            300.5019699,                      0,            17156.38544,              16803.6197,                       0,      0.8857982197,      0.5561683898,                 0,                 0,                 0,       0.430530029,      0.3675974003,      0.9792006511,                 0,      0.6278725532
         808,     0.06183123745,      -5.119458852,      -2.785184868,      0.2804256137,                        10,      -3.178555224,               5,       -4.05845101,   4.582126327e-08,    2.02879052e-05,       2.334317017,       20.81300501,        19.3715754,         0.7035885843,         -0.7260710618,                     0,       0.433577006,      0.6763574939,                 0,       289.1645934,       275.3248905,                 0,       15077.74438,        12365.40682,                  0,        0.1816442247,         0.1564797104,                    0,          301447.6425,           301944.9205,                     0,            117.555393,           -141.0799985,                      0,        117.5553107,         140.9313378,                   0,                89.59288469,                  174.994542,                           0,            -1.400194457e-06,              -0.002106355102,                          nan,                      0.7621338765,                        1.241700708,                                nan,           300.0365705,            300.5315208,                      0,            17156.87285,             16809.97337,                       0,       0.884549073,      0.5545703983,                 0,                 0,                 0,      0.4302010324,      0.3675721015,      0.9771725228,                 0,      0.6269526647
         809,     0.06180576074,        -5.1041017,      -2.776302897,      0.3043143246,                        10,      -2.825707247,               6,      -4.538068042,   5.499923867e-08,   2.435113815e-05,      0.2334317017,       2.081300501,        1.93715754,         0.7024340662,         -0.7259803906,                     0,      0.4326673797,      0.6768354776,                 0,        289.213248,       275.3187241,                 0,       15086.28961,        12365.49794,                  0,        0.1817165937,         0.1564836463,                    0,          301452.5765,           301974.1318,                     0,           117.3158003,           -141.0576455,                      0,        117.3157018,         140.9097956,                   0,                89.41614735,                 175.2162314,                           0,            -1.677959754e-06,              -0.002095204703,                          nan,                      0.7621839698,                        1.243463811,                                nan,           300.0414815,            300.5605953,                      0,             17157.4734,             16816.98338,                       0,      0.8830961831,      0.5526601017,                 0,                 0,                 0,      0.4298704834,      0.3675739838,      0.9747724981,                 0,      0.6258209607
         810,     0.06175965438,      -5.088670742,      -2.762023362,      0.3272797209,                         4,      -4.792125775,               2,      -4.291509421,   5.501792899e-09,   2.435738339e-06,      0.2801180421,       2.497560601,       2.324589048,         0.7021553237,         -0.7259593125,                     0,      0.4325082572,       0.676870152,                 0,       289.2102012,       275.3164205,                 0,       15085.61621,        12365.38453,                  0,        0.1817103979,         0.1564834412,                    0,          301441.3994,           301974.2403,                     0,           117.2732314,           -141.0537228,                      0,        117.2731362,         140.9059071,                   0,                89.38123074,                 175.2330789,                           0,            -1.624402101e-06,              -0.002094778951,                          nan,                      0.7621628761,                        1.243617691,                                nan,           300.0303566,            300.5607033,                      0,            17155.11388,             16817.33218,                       0,      0.8830077401,      0.5525180042,                 0,                 0,                 0,      0.4298533839,      0.3675897391,      0.9746058679,                 0,      0.6257227192
         811,      0.0617162617,      -5.095221055,       -2.76325266,      0.3167755505,                         4,      -4.385051124,               2,      -4.024351603,   6.602350692e-09,   2.922996493e-06,      0.3361416505,       2.997072721,       2.789506857,          0.701892456,         -0.7259272704,                     0,       0.432337062,      0.6769183385,                 0,       289.2105798,       275.3131535,                 0,       15085.66359,        12365.20995,                  0,        0.1817107318,         0.1564829809,                    0,          301433.1882,           301974.3014,                     0,            117.229092,           -141.0476684,                      0,        117.2290038,         140.9000286,                   0,                 89.3430284,                 175.2570895,                           0,            -1.504991338e-06,              -0.002092377839,                          nan,                      0.7621239244,                        1.243839985,                                nan,           300.0221838,            300.5607641,                      0,            17153.45377,             16817.78729,                       0,      0.8828936465,       0.552342009,                 0,                 0,                 0,      0.4298313708,      0.3676056318,       0.974396729,                 0,      0.6256042403
         812,     0.06167480332,      -5.103541463,      -2.764059383,      0.3039899381,                         5,      -4.914252535,               3,      -5.528000421,   7.923112453e-09,   3.507753635e-06,      0.4033699806,       3.596487265,       3.347408229,         0.7016402593,         -0.7258806675,                     0,      0.4321494895,      0.6769830238,                 0,       289.2148435,       275.3087285,                 0,       15086.52254,        12364.97506,                  0,        0.1817183997,         0.1564823806,                    0,          301428.2063,           301974.3211,                     0,           117.1820011,           -141.0385589,                      0,        117.1819226,         140.8913092,                   0,                89.30112155,                 175.2902724,                           0,            -1.338704067e-06,              -0.002086987059,                          nan,                       0.762072507,                        1.244152485,                                nan,           300.0172253,            300.5607837,                      0,            17152.55317,             16818.39016,                       0,      0.8827442906,      0.5521225801,                 0,                 0,                 0,      0.4298024065,      0.3676197945,      0.9741316711,                 0,      0.6254615136
         813,     0.06164114275,      -5.112998083,      -2.765818306,      0.2896538367,                         5,      -4.458119019,               3,      -5.158149274,   9.508163718e-09,    4.20953281e-06,      0.4840439767,       4.315784718,       4.016889874,         0.7013846364,          -0.725815029,                     0,      0.4319385393,      0.6770671812,                 0,       289.2232044,       275.3029624,                 0,       15088.21126,        12364.68926,                  0,        0.1817334873,         0.1564818579,                    0,          301426.3244,           301974.3153,                     0,            117.129559,           -141.0251828,                      0,        117.1294913,         140.8786249,                   0,                89.25480643,                 175.3348939,                           0,            -1.156691295e-06,               -0.00207738366,                          nan,                      0.7620182197,                        1.244581241,                                nan,           300.0153522,             300.560778,                      0,            17152.36276,             16819.19301,                       0,      0.8825490138,      0.5518482079,                 0,                 0,                 0,      0.4297644041,      0.3676307233,      0.9737950798,                 0,      0.6252890199
         814,     0.06161280834,      -5.122284623,      -2.769295299,      0.2755761972,                         5,      -4.029481045,               3,      -4.802165935,   1.141042969e-08,   5.051775076e-06,      0.5808527721,       5.178941661,       4.820267849,         0.7011034025,         -0.7257249562,                     0,      0.4316947833,      0.6771735484,                 0,       289.2355533,       275.2957086,                 0,       15090.66601,         12364.3732,                  0,         0.181755294,         0.1564817529,                    0,          301426.9569,           301974.3222,                     0,           117.0685245,           -141.0060357,                      0,        117.0684663,         140.8605604,                   0,                89.20298229,                 175.3933909,                           0,              -9.9488282e-07,              -0.002062327111,                          nan,                      0.7619727594,                        1.245156135,                                nan,           300.0159818,            300.5607848,                      0,            17152.71592,              16820.2598,                       0,      0.8822973858,      0.5515055112,                 0,                 0,                 0,      0.4297157406,      0.3676382301,      0.9733699901,                 0,      0.6250789361
         815,     0.06158735956,      -5.130091801,      -2.774297749,      0.2638020055,                         6,      -4.293577384,               3,      -4.460966445,   1.369345492e-08,   6.062630165e-06,      0.6970233265,       6.214729994,       5.784321419,         0.7007705635,         -0.7256043417,                     0,      0.4314075705,      0.6773044752,                 0,       289.2514834,       275.2868889,                 0,       15093.76218,        12364.06134,                  0,        0.1817825731,         0.1564825443,                    0,          301429.1483,           301974.4265,                     0,           116.9953737,           -140.9793993,                      0,         116.995322,         140.8354568,                   0,                89.14410566,                 175.4682298,                           0,            -8.845864533e-07,              -0.002040993078,                          nan,                      0.7619458981,                        1.245909474,                                nan,           300.0181629,            300.5608886,                      0,            17153.36486,             16821.66847,                       0,       0.881980407,      0.5510794838,                 0,                 0,                 0,      0.4296558511,      0.3676442496,      0.9728390111,                 0,       0.624820551
         816,     0.06156506622,      -5.136101845,       -2.77982834,      0.2550832662,                         7,      -4.439170075,               3,       -4.13525212,   1.643354543e-08,   7.275905558e-06,      0.8364279918,       7.457675993,       6.941185703,         0.7003631105,          -0.725447175,                     0,      0.4310669453,          0.677462,                 0,       289.2704563,       275.2765051,                 0,       15097.36567,        12363.80319,                  0,        0.1818140461,         0.1564848587,                    0,          301431.8423,           301974.7817,                     0,           116.9071025,           -140.9435732,                      0,        116.9070531,         140.8015945,                   0,                89.07628696,                 175.5617037,                           0,            -8.445406181e-07,              -0.002013674045,                          nan,                      0.7619410857,                         1.24687298,                                nan,           300.0208443,            300.5612422,                      0,            17154.05829,             16823.51541,                       0,      0.8815912014,      0.5505539612,                 0,                 0,                 0,      0.4295857245,      0.3676531075,      0.9721851178,                 0,      0.6245002903
         817,     0.06154238276,      -5.141211412,      -2.784708829,      0.2482997033,                         8,      -4.495723133,               4,      -4.952719328,   1.972235008e-08,    8.73220125e-06,        1.00371359,       8.949211191,       8.329422843,         0.6998673217,         -0.7252488814,                     0,      0.4306655708,      0.6776482232,                 0,        289.292019,       275.2646283,                 0,       15101.38945,        12363.65953,                  0,         0.181848948,         0.1564894276,                    0,          301434.2053,           301975.6306,                     0,           116.8019259,           -140.8972609,                      0,        116.8018748,         140.7575282,                   0,                88.99754595,                 175.6757035,                           0,            -8.751672959e-07,              -0.001982485511,                          nan,                      0.7619530603,                        1.248073235,                                nan,           300.0231962,            300.5620871,                      0,              17154.625,             16825.91762,                       0,      0.8811251379,      0.5499120757,                 0,                 0,                 0,      0.4295081641,      0.3676713415,      0.9713920857,                 0,      0.6241021304
         818,      0.0615097127,      -5.146328611,        -2.7880446,      0.2420850391,                         8,      -4.005859995,               4,      -4.563155853,   2.366997598e-08,   1.048026419e-05,       1.204456308,       10.73905343,       9.995307412,         0.6992810096,         -0.7250077269,                     0,        0.43019988,      0.6778659543,                 0,       289.3159622,         275.25129,                 0,       15105.81907,        12363.68481,                  0,        0.1818872349,         0.1564969221,                    0,          301435.8477,           301977.2383,                     0,           116.6795203,           -140.8400072,                      0,        116.6794645,         140.7025177,                   0,                88.90620778,                 175.8115345,                           0,            -9.563069755e-07,              -0.001951468454,                          nan,                      0.7619696246,                        1.249526571,                                nan,           300.0248309,            300.5636873,                      0,            17155.01421,             16828.99879,                       0,      0.8805806657,      0.5491365729,                 0,                 0,                 0,      0.4294281771,       0.367708174,        0.97044525,                 0,      0.6236073471
         819,     0.06148508317,      -5.150692719,      -2.789227981,      0.2373725641,                        10,      -4.372914494,               4,      -4.195034551,   2.840875458e-08,    1.25786061e-05,        1.44534757,       12.88686412,       11.99436889,         0.6986104068,         -0.7247247375,                     0,      0.4296701138,      0.6781192688,                 0,       289.3423214,       275.2362207,                 0,       15110.68872,        12363.88774,                  0,        0.1819292942,         0.1565075953,                    0,          301436.8275,           301979.6459,                     0,           116.5406904,           -140.7723615,                      0,         116.540629,         140.6367792,                   0,                88.80136114,                 175.9699256,                           0,            -1.054953405e-06,              -0.001925336409,                          nan,                      0.7619777062,                        1.251236886,                                nan,           300.0258061,            300.5660836,                      0,             17155.2686,             16832.84153,                       0,      0.8799620473,      0.5482101355,                 0,                 0,                 0,       0.429354252,      0.3677774898,       0.969333418,                 0,      0.6229929316
         820,     0.06146122704,      -5.151549594,      -2.787892572,      0.2380528778,                        10,      -3.875592104,               5,      -4.744586188,   3.409780132e-08,   1.509744298e-05,       1.734417084,       15.46423694,       14.39324267,         0.6978637431,         -0.7244007016,                     0,      0.4290792976,      0.6784134695,                 0,       289.3712946,       275.2185003,                 0,         15116.036,        12364.18254,                  0,        0.1819754519,         0.1565208613,                    0,           301437.512,           301982.2757,                     0,           116.3866176,           -140.6953671,                      0,        116.3865508,         140.5611587,                   0,                88.68323285,                 176.1514089,                           0,            -1.146762469e-06,              -0.001906877009,                          nan,                       0.761971484,                        1.253201172,                                nan,           300.0264874,            300.5687011,                      0,            17155.46252,             16837.41534,                       0,      0.8792829973,      0.5471162708,                 0,                 0,                 0,       0.429300568,      0.3679001928,      0.9680517813,                 0,       0.622230013
         821,     0.06144303528,      -5.146409822,      -2.784053745,      0.2476316547,                        10,      -3.433188826,               5,      -4.365261991,   4.092854184e-08,   1.812103352e-05,       2.081300501,       18.55708433,       17.27189121,         0.6970449203,          -0.724030782,                     0,      0.4284309521,      0.6787539525,                 0,       289.4032297,       275.1963847,                 0,       15121.88531,        12364.37625,                  0,        0.1820257804,         0.1565352429,                    0,          301438.4497,           301983.6419,                     0,           116.2179291,           -140.6092645,                      0,        116.2178573,         140.4760097,                   0,                88.55311424,                 176.3570131,                           0,            -1.236100288e-06,              -0.001894492515,                          nan,                       0.761957898,                        1.255424421,                                nan,           300.0274207,            300.5700609,                      0,            17155.66033,             16842.53781,                       0,      0.8785655433,       0.545842127,                 0,                 0,                 0,      0.4292876271,      0.3681015935,      0.9666034649,                 0,      0.6212878836
         822,     0.06143336391,        -5.1360981,      -2.778047145,      0.2646013412,                        10,      -3.045768714,               5,       -4.01502053,   4.913139374e-08,   2.175051971e-05,       2.497560601,       22.26850119,       20.72626945,         0.6961507564,         -0.7235992543,                     0,      0.4277260386,      0.6791434574,                 0,       289.4385568,       275.1676284,                 0,       15128.25776,          12364.238,                  0,        0.1820802602,         0.1565490851,                    0,          301440.1475,           301981.4873,                     0,           116.0341355,           -140.5118198,                      0,        116.0340569,         140.3795179,                   0,                88.41235381,                 176.5887007,                           0,            -1.354650417e-06,              -0.001882255579,                          nan,                      0.7619517595,                        1.257937792,                                nan,           300.0291106,            300.5679164,                      0,            17155.89728,             16847.92843,                       0,      0.8778343255,      0.5443849531,                 0,                 0,                 0,       0.429339145,      0.3684029597,      0.9650012121,                 0,      0.6201454389
         823,      0.0614147875,      -5.123875596,      -2.770209277,      0.2839956172,                        10,      -2.707248897,               6,      -4.494106347,   5.898378577e-08,   2.610738263e-05,      0.2497560601,       2.226850119,       2.072626945,         0.6951752801,         -0.7230778158,                     0,      0.4269622209,      0.6795778019,                 0,        289.477376,       275.1303598,                 0,        15135.1479,         12363.6386,                  0,        0.1821387592,         0.1565618416,                    0,          301442.6059,           301973.4245,                     0,           115.8343575,           -140.3972418,                      0,         115.834268,         140.2663701,                   0,                88.26081696,                 176.8486956,                           0,            -1.544615239e-06,              -0.001863436571,                          nan,                      0.7619577392,                        1.260806104,                                nan,           300.0315575,            300.5598914,                      0,            17156.14599,             16853.34215,                       0,      0.8771268533,      0.5427644056,                 0,                 0,                 0,      0.4294827399,      0.3688222172,      0.9632833897,                 0,      0.6187980719
         824,     0.06137277236,       -5.11131711,       -2.76038806,       0.303473463,                         4,       -4.62772401,               2,      -4.080289326,   5.901637264e-09,   2.611466009e-06,      0.2997072721,       2.672220143,       2.487152334,         0.6949361318,         -0.7230008454,                     0,      0.4268284921,      0.6795995299,                 0,       289.4748939,       275.1254138,                 0,       15134.57328,        12363.90256,                  0,        0.1821334069,         0.1565678572,                    0,          301433.3788,            301969.617,                     0,           115.7978998,           -140.3761725,                      0,        115.7978134,         140.2457594,                   0,                88.23238037,                 176.8728378,                           0,            -1.492104691e-06,              -0.001857187624,                          nan,                       0.761952042,                        1.261163535,                                nan,           300.0223736,            300.5561016,                      0,            17154.17172,             16853.98428,                       0,      0.8771005173,      0.5426458526,                 0,                 0,                 0,      0.4294982498,      0.3688731094,      0.9631731246,                 0,      0.6186814873
         825,     0.06133535327,      -5.116793162,      -2.764642342,      0.2946684985,                         4,      -4.232313328,               3,       -5.76408857,   7.082367946e-09,   3.133923175e-06,      0.3596487265,       3.206664171,       2.984582801,         0.6947145817,         -0.7228947522,                     0,      0.4266863651,      0.6796347442,                 0,       289.4753236,       275.1180173,                 0,       15134.62643,        12364.00228,                  0,        0.1821337769,         0.1565731699,                    0,          301426.7686,           301964.1299,                     0,           115.7607303,           -140.3498094,                      0,          115.76065,         140.2200306,                   0,                88.20136226,                 176.9058335,                           0,            -1.387177488e-06,              -0.001848506188,                          nan,                      0.7619287062,                        1.261630259,                                nan,           300.0157943,            300.5506403,                      0,            17152.82634,             16854.59284,                       0,      0.8770622215,      0.5425004149,                 0,                 0,                 0,      0.4295171985,      0.3689307797,       0.963034226,                 0,      0.6185426776
         826,     0.06131133144,      -5.123639533,      -2.769231086,      0.2841162447,                         5,      -4.770060068,               3,      -5.387455799,   8.499419728e-09,   3.760938051e-06,      0.4315784718,       3.847997006,       3.581499361,         0.6945059706,         -0.7227554306,                     0,      0.4265326131,      0.6796861675,                 0,       289.4789417,       275.1080364,                 0,       15135.36159,        12363.96365,                  0,         0.182140348,         0.1565781809,                    0,          301422.9035,           301957.0158,                     0,           115.7217738,           -140.3168683,                      0,        115.7217017,         140.1879788,                   0,                88.16747014,                 176.9498767,                           0,            -1.245921668e-06,              -0.001836276166,                          nan,                      0.7618922714,                        1.262232883,                                nan,           300.0119473,            300.5435594,                      0,             17152.1394,             16855.23948,                       0,      0.8770064615,       0.542321052,                 0,                 0,                 0,      0.4295405065,      0.3689951159,      0.9628577576,                 0,      0.6183774873
         827,     0.06128345036,      -5.131846728,       -2.77453712,      0.2717265936,                         5,      -4.328118463,               3,      -5.024225721,    1.02001315e-08,   4.513448838e-06,      0.5178941661,       4.617596407,       4.297799233,         0.6942982126,          -0.722580061,                     0,      0.4263620248,       0.679756665,                 0,       289.4857672,       275.0954442,                 0,         15136.761,        12363.83804,                  0,        0.1821528941,          0.156583554,                    0,          301421.5452,           301948.4529,                     0,           115.6791672,           -140.2760564,                      0,         115.679104,         140.1484034,                   0,                88.13022136,                 177.0073084,                           0,            -1.093327738e-06,              -0.001819197476,                          nan,                      0.7618508298,                        1.262999107,                                nan,           300.0105953,            300.5350366,                      0,            17152.03924,             16856.03196,                       0,      0.8769283671,      0.5420995519,                 0,                 0,                 0,      0.4295697714,      0.3690672204,      0.9626342358,                 0,      0.6181799702
         828,     0.06126441025,      -5.140770672,       -2.78022569,      0.2583907151,                         6,      -4.638980447,               3,      -4.675631247,   1.224134121e-08,   5.416592787e-06,      0.6214729994,       5.541115688,        5.15735908,         0.6940733078,         -0.7223671439,                     0,      0.4261679403,      0.6798491709,                 0,       289.4955073,       275.0802845,                 0,       15138.73159,        12363.69264,                  0,        0.1821704787,         0.1565901157,                    0,          301422.0597,           301938.7018,                     0,           115.6305142,           -140.2262102,                      0,        115.6304589,         140.1002199,                   0,                 88.0888882,                 177.0804344,                           0,            -9.565997495e-07,              -0.001796151028,                          nan,                      0.7618138771,                        1.263955436,                                nan,           300.0111075,            300.5253312,                      0,            17152.35469,             16857.10108,                       0,      0.8768251874,       0.541826915,                 0,                 0,                 0,       0.429607609,      0.3691503585,      0.9623548347,                 0,      0.6179417777
         829,     0.06125071446,      -5.149343233,      -2.785467965,      0.2457558869,                         6,      -4.173839645,               3,      -4.342842775,   1.469129869e-08,   6.500550657e-06,      0.7457675993,       6.649338826,       6.188830896,         0.6938118861,         -0.7221166786,                     0,      0.4259436124,      0.6799666601,                 0,       289.5076133,       275.0626259,                 0,       15141.13075,        12363.59751,                  0,        0.1821917301,          0.156598718,                    0,          301423.5426,           301928.0564,                     0,           115.5734664,           -140.1665326,                      0,        115.5734169,         140.0426493,                   0,                88.04252486,                 177.1712512,                           0,             -8.56872526e-07,              -0.001766878286,                          nan,                      0.7617887163,                        1.265123532,                                nan,           300.0125834,            300.5147356,                      0,            17152.85773,             16858.58442,                       0,      0.8766976659,      0.5414941319,                 0,                 0,                 0,      0.4296580638,      0.3692505813,       0.962012838,                 0,      0.6176520742
         830,      0.0612449071,       -5.15674497,      -2.789654673,      0.2352069004,                         7,      -4.299836714,               3,      -4.026684653,   1.763196683e-08,    7.80155948e-06,      0.8949211191,       7.979206591,       7.426597075,         0.6934994592,         -0.7218308411,                     0,      0.4256840587,      0.6801122396,                 0,       289.5214356,       275.0425338,                 0,       15143.81531,        12363.61417,                  0,        0.1822153335,         0.1566101112,                    0,           301425.073,           301916.8245,                     0,           115.5064513,            -140.096941,                      0,        115.5064049,         139.9755064,                   0,                87.99011938,                 177.2811161,                           0,            -8.024709051e-07,              -0.001732828644,                          nan,                      0.7617769718,                        1.266515269,                                nan,           300.0141067,            300.5035562,                      0,            17153.33729,             16860.61459,                       0,      0.8765508916,      0.5410933624,                 0,                 0,                 0,      0.4297269894,      0.3693766878,       0.961605093,                 0,      0.6172982854
         831,     0.06121605349,       -5.16290247,      -2.792846988,      0.2269536534,                         8,       -4.34275965,               4,      -4.872122481,   2.116179112e-08,   9.363125222e-06,       1.073905343,       9.575047909,        8.91191649,         0.6931312392,         -0.7215147851,                     0,      0.4253876356,      0.6802892981,                 0,       289.5364361,       275.0200009,                 0,       15146.68952,         12363.7822,                  0,        0.1822404748,         0.1566248089,                    0,          301426.0122,           301905.2677,                     0,           115.4291927,             -140.01841,                      0,        115.4291473,         139.8995058,                   0,                87.93088471,                 177.4104309,                           0,            -7.859542516e-07,              -0.001697685945,                          nan,                       0.761773666,                        1.268127645,                                nan,           300.0150414,            300.4920536,                      0,            17153.66915,             16863.30443,                       0,      0.8763947957,      0.5406192482,                 0,                 0,                 0,      0.4298222857,      0.3695398253,      0.9611333554,                 0,      0.6168672508
         832,     0.06118870948,       -5.16794176,      -2.795408011,      0.2207905989,                         9,      -4.325039695,               4,      -4.497275874,   2.539903436e-08,   1.123747424e-05,       1.288686412,       11.49005749,       10.69429979,         0.6927125626,         -0.7211753818,                     0,      0.4250565822,      0.6805012562,                 0,       289.5523174,       274.9947692,                 0,       15149.71999,        12364.09153,                  0,        0.1822669391,          0.156642832,                    0,          301426.1643,           301893.3879,                     0,           115.3427187,           -139.9328999,                      0,        115.3426733,         139.8162301,                   0,                87.86460746,                 177.5584967,                           0,            -7.873588049e-07,              -0.001666815742,                          nan,                      0.7617701664,                        1.269941955,                                nan,           300.0151929,            300.4802294,                      0,            17153.83813,             16866.70399,                       0,      0.8762453378,      0.5400698687,                 0,                 0,                 0,      0.4299542834,      0.3697538532,      0.9606057689,                 0,      0.6163454975
         833,     0.06116934976,      -5.170996315,       -2.79734656,      0.2180855681,                        10,      -4.237505363,               4,      -4.145108378,   3.048579191e-08,   1.348729265e-05,       1.546423694,       13.78806899,       12.83315974,         0.6922547177,         -0.7208159968,                     0,      0.4246963695,      0.6807503522,                 0,       289.5690004,       274.9660932,                 0,       15152.90852,        12364.44401,                  0,        0.1822947974,         0.1566633522,                    0,          301425.7211,           301880.5688,                     0,           115.2488673,            -139.842425,                      0,         115.248822,         139.7273433,                   0,                87.79192106,                 177.7237421,                           0,            -7.856732986e-07,              -0.001645199327,                          nan,                      0.7617598125,                         1.27193245,                                nan,           300.0147517,            300.4674703,                      0,            17153.90071,             16870.72499,                       0,      0.8761288726,        0.53944766,                 0,                 0,                 0,      0.4301377738,      0.3700382594,      0.9600402418,                 0,        0.61571725
         834,     0.06114894275,      -5.170293302,      -2.798303464,      0.2217929358,                        10,      -3.757870146,               5,      -4.746988507,    3.65928246e-08,   1.618781181e-05,       1.855708433,       16.54568279,       15.39979169,         0.6917693622,          -0.720429396,                     0,      0.4243143525,      0.6810356539,                 0,       289.5864851,       274.9327743,                 0,       15156.24746,        12364.65086,                  0,        0.1823239571,          0.156684642,                    0,          301425.0484,           301865.4497,                     0,           115.1496422,            -139.747377,                      0,        115.1495977,         139.6331176,                   0,                87.71433312,                 177.9044679,                           0,            -7.732598303e-07,              -0.001634558491,                          nan,                      0.7617424192,                        1.274085052,                                nan,           300.0140822,             300.452422,                      0,            17153.92107,             16875.10141,                       0,      0.8760914427,      0.5387615714,                 0,                 0,                 0,      0.4303973367,      0.3704242467,      0.9594717944,                 0,      0.6149604312
         835,     0.06112804187,      -5.165004743,      -2.798036679,      0.2332857853,                        10,       -3.32466255,               5,      -4.374343509,    4.39253691e-08,   1.942931087e-05,       2.226850119,       19.85481935,       18.47975003,         0.6912658128,         -0.7199956104,                     0,      0.4239185866,       0.681351898,                 0,       289.6046612,       274.8937093,                 0,       15159.68876,        12364.51848,                  0,        0.1823539089,         0.1567048636,                    0,          301424.4319,           301846.4268,                     0,           115.0469216,           -139.6451785,                      0,        115.0468779,         139.5312092,                   0,                87.63386487,                 178.0999137,                           0,            -7.598094813e-07,              -0.001631603978,                          nan,                      0.7617231037,                        1.276416328,                                nan,           300.0134686,            300.4334881,                      0,            17153.92444,             16879.48669,                       0,      0.8762093037,       0.538031965,                 0,                 0,                 0,      0.4307741253,       0.370960135,      0.9589628343,                 0,      0.6140450264
         836,      0.0611069853,      -5.155966144,      -2.796596131,      0.2507426798,                        10,      -2.940636584,               5,       -4.01499382,   5.273010515e-08,   2.332012808e-05,       2.226850119,       19.85481935,       18.47975003,         0.6907537154,         -0.7194888174,                     0,      0.4235180233,      0.6816904632,                 0,       289.6230632,       274.8485789,                 0,       15163.12657,        12363.98519,                  0,        0.1823836729,         0.1567234258,                    0,          301423.8298,           301822.4803,                     0,           114.9429331,           -139.5305319,                      0,        114.9428894,         139.4168132,                   0,                 87.5524373,                 178.3108093,                           0,            -7.611058136e-07,              -0.001629355424,                          nan,                      0.7617038146,                        1.278976367,                                nan,           300.0128692,            300.4096536,                      0,            17153.87927,             16883.65967,                       0,       0.876593514,      0.5372980394,                 0,                 0,                 0,      0.4313277323,      0.3717105145,      0.9586118429,                 0,      0.6129386435
         837,     0.06108455621,      -5.143932996,      -2.793814053,      0.2718664509,                        10,      -2.958427736,               5,      -4.004284802,   5.275288256e-08,   2.332523994e-05,       2.226850119,       19.85481935,       18.47975003,         0.6902908097,         -0.7189566368,                     0,      0.4231634994,       0.681996811,                 0,       289.6378955,       274.8031984,                 0,       15165.84322,        12363.40136,                  0,        0.1824070075,         0.1567415206,                    0,          301421.7964,            301795.807,                     0,           114.8512103,           -139.4105244,                      0,        114.8511665,         139.2975785,                   0,                87.47934657,                 178.5120852,                           0,            -7.638761147e-07,               -0.00161967948,                          nan,                      0.7616757345,                        1.281516069,                                nan,           300.0108454,            300.3831053,                      0,            17153.47266,             16887.28432,                       0,      0.8772125016,      0.5367178135,                 0,                 0,                 0,      0.4319733371,      0.3725545129,      0.9585253879,                 0,      0.6118446928
         838,     0.06106195542,      -5.134779775,      -2.793190429,      0.2871414698,                        10,       -2.97121513,               6,      -4.848405179,   5.277477631e-08,   2.333001544e-05,       2.226850119,       19.85481935,       18.47975003,         0.6898999568,         -0.7183996488,                     0,      0.4228614984,      0.6822761699,                 0,       289.6496624,       274.7587474,                 0,       15168.03915,        12362.93466,                  0,        0.1824260079,         0.1567606443,                    0,           301419.171,             301768.07,                     0,           114.7742219,           -139.2837283,                      0,        114.7741789,         139.1721693,                   0,                 87.4152163,                 178.7079504,                           0,            -7.492126082e-07,              -0.001601253336,                          nan,                      0.7616278955,                        1.284078212,                                nan,           300.0082323,            300.3554981,                      0,            17152.99426,             16890.66658,                       0,      0.8780497283,      0.5362883487,                 0,                 0,                 0,      0.4327031129,      0.3734807553,      0.9586911097,                 0,      0.6107721822
         839,     0.06103876024,      -5.130980805,      -2.794465077,      0.2939013992,                        10,      -2.976938915,               6,      -4.829887967,   5.279549377e-08,      2.333449e-05,       2.226850119,       19.85481935,       18.47975003,         0.6895892925,         -0.7178322384,                     0,      0.4226169349,      0.6825324402,                 0,       289.6583375,       274.7164544,                 0,       15169.73698,        12362.76769,                  0,        0.1824409637,         0.1567824242,                    0,          301416.1628,           301740.9097,                     0,           114.7131279,            -139.151842,                      0,        114.7130872,           139.04206,                   0,                87.36128457,                 178.8992431,                           0,            -7.091148277e-07,               -0.00157725106,                          nan,                      0.7615633639,                        1.286655586,                                nan,           300.0052382,            300.3284649,                      0,            17152.51699,             16894.11795,                       0,       0.879088294,      0.5360032225,                 0,                 0,                 0,      0.4335071738,      0.3744796898,      0.9590936582,                 0,      0.6097262655
         840,     0.06102018312,      -5.132755961,      -2.796327742,        0.29277511,                        10,      -2.976304827,               6,      -4.817075274,   5.281481006e-08,   2.333867192e-05,       2.226850119,       19.85481935,       18.47975003,         0.6893622351,         -0.7172761335,                     0,      0.4224344302,      0.6827717966,                 0,       289.6637752,       274.6769472,                 0,       15170.90862,         12362.9655,                  0,        0.1824516297,         0.1568073176,                    0,          301412.8435,           301715.4937,                     0,           114.6686429,            -139.019255,                      0,        114.6686061,         138.9113014,                   0,                87.31915938,                 179.0851568,                           0,            -6.417756332e-07,              -0.001552470568,                          nan,                      0.7614914174,                        1.289205089,                                nan,           300.0019344,            300.3031679,                      0,            17152.05364,             16897.82415,                       0,      0.8803134712,      0.5358544491,                 0,                 0,                 0,      0.4343762185,      0.3755444408,       0.959717756,                 0,      0.6087086778
         841,     0.06099748242,      -5.138219336,      -2.798267462,      0.2868997053,                        10,       -2.97221626,               6,      -4.813324133,   5.283256566e-08,   2.334254368e-05,       2.226850119,       19.85481935,       18.47975003,         0.6892208199,         -0.7167527487,                     0,      0.4223179018,      0.6830029017,                 0,       289.6659014,        274.640078,                 0,       15171.52897,        12363.45405,                  0,        0.1824577514,         0.1568344501,                    0,          301409.3249,           301692.3293,                     0,           114.6412601,           -138.8913972,                      0,        114.6412285,         138.7850403,                   0,                87.29037077,                 179.2647372,                           0,            -5.524780013e-07,              -0.001530926492,                          nan,                      0.7614221511,                        1.291671904,                                nan,           299.9984323,             300.280112,                      0,            17151.61359,             16901.81622,                       0,      0.8817109768,      0.5358342796,                 0,                 0,                 0,      0.4353017192,       0.376668342,      0.9605485839,                 0,      0.6077210035
         842,     0.06097696192,      -5.144798571,      -2.800396082,       0.279961605,                        10,      -2.968151494,               6,      -4.818156888,   5.284865763e-08,    2.33460727e-05,       2.226850119,       19.85481935,       18.47975003,         0.6891662423,         -0.7162772185,                     0,      0.4222699299,      0.6832350405,                 0,       289.6647222,        274.605136,                 0,       15171.58485,        12364.06981,                  0,        0.1824591665,         0.1568621334,                    0,          301405.7381,           301671.3496,                     0,           114.6312783,           -138.7729657,                      0,        114.6312524,         138.6678252,                   0,                 87.2759833,                 179.4377091,                           0,            -4.524804744e-07,                -0.0015147138,                          nan,                       0.761362905,                         1.29401113,                                nan,           299.9948622,            300.2592305,                      0,            17151.20679,             16906.00983,                       0,      0.8832625509,      0.5359359454,                 0,                 0,                 0,      0.4362739902,      0.3778409697,      0.9615696922,                 0,      0.6067685592
         843,     0.06095388187,      -5.150619386,      -2.802645787,      0.2744086263,                        10,      -2.966430593,               5,      -4.004320179,   5.286302661e-08,    2.33492255e-05,       2.226850119,       19.85481935,       18.47975003,         0.6891990349,         -0.7158558801,                     0,      0.4222916814,      0.6834756275,                 0,       289.6602757,       274.5712746,                 0,       15171.07002,         12364.6377,                  0,         0.182455776,         0.1568886161,                    0,          301402.1789,           301652.1922,                     0,           114.6388487,           -138.6667668,                      0,        114.6388284,          138.562448,                   0,                87.27647065,                 179.6045661,                           0,            -3.547061803e-07,              -0.001504031386,                          nan,                      0.7613168406,                         1.29619943,                                nan,           299.9913198,            300.2401627,                      0,            17150.83746,             16910.27547,                       0,      0.8849434602,      0.5361545035,                 0,                 0,                 0,      0.4372806473,      0.3790456448,       0.962762161,                 0,      0.6058630044
         844,     0.06093027917,      -5.154925182,      -2.804746122,      0.2709646365,                        10,      -2.967775379,               5,      -4.026653615,   5.287564351e-08,    2.33519789e-05,       2.226850119,       19.85481935,       18.47975003,         0.6893193096,         -0.7154874466,                     0,      0.4223832712,      0.6837285126,                 0,       289.6526034,       274.5379246,                 0,       15169.98173,        12365.03797,                  0,        0.1824475204,         0.1569126957,                    0,           301398.697,            301634.526,                     0,           114.6640305,           -138.5734843,                      0,        114.6640151,         138.4696654,                   0,                87.29183555,                  179.766204,                           0,            -2.695644088e-07,              -0.001497832951,                          nan,                      0.7612836118,                        1.298235274,                                nan,           299.9878541,            300.2225792,                      0,            17150.50366,             16914.50553,                       0,      0.8867214933,      0.5364861173,                 0,                 0,                 0,      0.4383059252,      0.3802590688,      0.9641034184,                 0,      0.6050221196
         845,     0.06090670768,      -5.157781427,      -2.806523694,      0.2691997317,                        10,      -2.971797333,               5,      -4.052088234,   5.288649806e-08,   2.335432429e-05,       2.226850119,       19.85481935,       18.47975003,         0.6895267657,         -0.7151664642,                     0,        0.42254413,      0.6839936823,                 0,       289.6417579,       274.5050249,                 0,       15168.32153,        12365.23694,                  0,        0.1824343845,         0.1569339764,                    0,          301395.3208,           301618.2845,                     0,           114.7067886,           -138.4922224,                      0,         114.706777,         138.3886868,                   0,                87.32182242,                 179.9234263,                           0,            -2.034406966e-07,              -0.001494623869,                          nan,                      0.7612612327,                        1.300131033,                                nan,           299.9844937,            300.2064137,                      0,            17150.20187,              16918.6528,                       0,      0.8885586292,      0.5369266004,                 0,                 0,                 0,      0.4393316386,       0.381453534,       0.965567094,                 0,      0.6042669362
         846,     0.06088473329,      -5.159710006,       -2.80792673,      0.2682210771,                        10,      -2.977589668,               5,      -4.075640918,   5.289558964e-08,   2.335626534e-05,       2.226850119,       19.85481935,       18.47975003,         0.6898203454,         -0.7148871472,                     0,      0.4227730968,      0.6842682878,                 0,       289.6278274,       274.4730021,                 0,       15166.09822,         12365.2772,                  0,        0.1824164175,         0.1569527537,                    0,          301392.0885,           301603.7224,                     0,           114.7669236,           -138.4214295,                      0,        114.7669144,         138.3180542,                   0,                87.36607171,                  180.076598,                           0,            -1.596608503e-07,              -0.001493074312,                          nan,                      0.7612478921,                        1.301902337,                                nan,           299.9812765,            300.1919198,                      0,            17149.93118,             16922.73272,                       0,      0.8904163309,      0.5374712683,                 0,                 0,                 0,      0.4403399895,       0.382601224,      0.9671261086,                 0,      0.6036179366
         847,        0.06086625,      -5.161403795,      -2.809067548,      0.2671184763,                        10,       -2.98413817,               5,      -4.090998864,   5.290292576e-08,   2.335781177e-05,       2.226850119,       19.85481935,       18.47975003,         0.6901977393,          -0.714645927,                     0,      0.4230682489,      0.6845482717,                 0,       289.6109557,       274.4425669,                 0,       15163.33039,        12365.24114,                  0,        0.1823937514,         0.1569696656,                    0,          301389.0595,           301591.3153,                     0,           114.8439784,           -138.3597392,                      0,        114.8439704,         138.2564614,                   0,                87.42415498,                 180.2255459,                           0,            -1.401777421e-07,               -0.00149232999,                          nan,                      0.7612428819,                         1.30355966,                                nan,           299.9782617,            300.1795708,                      0,            17149.69452,             16926.79759,                       0,      0.8922593959,      0.5381137279,                 0,                 0,                 0,      0.4413157554,      0.3836780104,      0.9687540442,                 0,      0.6030911306
         848,     0.06084847197,      -5.163459965,      -2.810121304,      0.2652461889,                        10,      -2.990619914,               5,      -4.092428082,   5.290403007e-08,   2.335897324e-05,       2.226850119,       19.85481935,       18.47975003,         0.6906550572,         -0.7144420191,                     0,      0.4234266626,      0.6848297706,                 0,       289.5913442,       274.4144573,                 0,       15160.04697,        12365.20967,                  0,        0.1823666057,         0.1569853149,                    0,          301386.3053,            301581.584,                     0,           114.9371799,           -138.3064201,                      0,        114.9371715,         138.2032013,                   0,                87.49551837,                 180.3696631,                           0,             -1.46545535e-07,              -0.001492054147,                          nan,                      0.7612464901,                        1.305104813,                                nan,           299.9755204,            300.1698851,                      0,            17149.49682,             16930.90082,                       0,      0.8940590724,      0.5388457156,                 0,                 0,                 0,      0.4422478302,      0.3846660292,      0.9704269041,                 0,      0.6026958758
         849,     0.06082511965,      -5.166164328,      -2.811274555,      0.2623715531,                        10,      -2.996537626,               5,      -4.078856812,   5.290179256e-08,   2.335975587e-05,       2.226850119,       19.85481935,       18.47975003,         0.6911868413,         -0.7142764444,                     0,       0.423844303,      0.6851099035,                 0,       289.5692385,       274.3892337,                 0,       15156.28569,        12365.23275,                  0,        0.1823352778,         0.1570000112,                    0,          301383.8893,           301574.9287,                     0,            115.045446,           -138.2613947,                      0,        115.0454357,         138.1581943,                   0,                87.57940525,                 180.5081295,                           0,            -1.798550318e-07,              -0.001492272426,                          nan,                      0.7612592774,                        1.306532199,                                nan,           299.9731157,            300.1632608,                      0,            17149.34223,             16935.06804,                       0,       0.895794474,       0.539657737,                 0,                 0,                 0,      0.4431296213,      0.3855544196,      0.9721244788,                 0,       0.602434769
         850,     0.06080205699,      -5.169454948,      -2.812730154,      0.2586270123,                        10,      -3.001686661,               5,      -4.055037793,   5.289812063e-08,    2.33601619e-05,       2.672220143,       23.82578321,       22.17570004,         0.6917864125,         -0.7141503098,                     0,       0.424316135,      0.6853867842,                 0,        289.544906,       274.3671916,                 0,       15152.09021,        12365.31968,                  0,        0.1823001231,         0.1570136988,                    0,          301381.8486,           301571.5338,                     0,           115.1674557,           -138.2249432,                      0,        115.1674419,          138.121709,                   0,                87.67481874,                 180.6401143,                           0,             -2.40147223e-07,              -0.001493154699,                          nan,                      0.7612812901,                        1.307832893,                                nan,           299.9710846,            300.1598819,                      0,            17149.23185,             16939.28397,                       0,      0.8974514923,      0.5405395584,                 0,                 0,                 0,      0.4439580569,      0.3863381602,      0.9738300782,                 0,      0.6023050416
         851,     0.06233761514,      -5.173041609,       -2.81465138,      0.2543383376,                        10,      -2.651334555,               6,      -4.496182168,    6.34718257e-08,   2.803222999e-05,      0.2672220143,       2.382578321,       2.217570004,         0.6925247152,         -0.7140388667,                     0,      0.4249035017,      0.6856857986,                 0,        289.512483,       274.3464855,                 0,       15146.41244,        12365.38476,                  0,        0.1822522198,         0.1570263359,                    0,          301377.1198,           301571.3103,                     0,           115.3206883,           -138.1926016,                      0,        115.3206676,         138.0891367,                   0,                87.79091029,                 180.7785248,                           0,            -3.600109355e-07,              -0.001496840549,                          nan,                      0.7612764663,                         1.30914371,                                nan,           299.9663779,            300.1596594,                      0,             17148.5843,             16943.81365,                       0,      0.8993456379,      0.5417003271,                 0,                 0,                 0,      0.4448890709,      0.3871414904,      0.9759012692,                 0,      0.6023271858
         852,     0.06229306659,       -5.17099837,      -2.815089282,      0.2584352493,                         4,      -4.550211002,               2,      -4.360414458,   6.346287347e-09,   2.803149767e-06,      0.3206664171,       2.859093986,       2.661084005,         0.6927136189,         -0.7140561905,                     0,      0.4250156098,      0.6857336417,                 0,       289.5159974,       274.3421234,                 0,       15147.06576,        12365.47879,                  0,         0.182257869,         0.1570299988,                    0,          301386.3214,           301570.0313,                     0,           115.3485664,           -138.1920001,                      0,        115.3485462,         138.0888675,                   0,                87.81887526,                 180.7971618,                           0,             -3.50018049e-07,              -0.001492042523,                          nan,                      0.7613349118,                        1.309281227,                                nan,           299.9755364,            300.1583864,                      0,            17150.42802,              16944.6253,                       0,       0.899477342,      0.5417899733,                 0,                 0,                 0,      0.4449504791,       0.387191933,      0.9760523915,                 0,      0.6023386561
         853,     0.06224801089,      -5.179906513,      -2.818897621,      0.2435817817,                         4,      -4.150366496,               2,      -4.098642366,   7.615428721e-09,   3.363833296e-06,      0.3847997006,       3.430912783,       3.193300806,         0.6928862282,         -0.7140721125,                     0,      0.4251352104,      0.6857951362,                 0,       289.5165958,       274.3371548,                 0,       15147.09892,        12365.53289,                  0,        0.1822578915,         0.1570335169,                    0,          301392.8592,           301569.1304,                     0,           115.3772887,           -138.1913906,                      0,        115.3772707,         138.0885103,                   0,                 87.8487463,                 180.8210575,                           0,            -3.134099844e-07,              -0.001488398931,                          nan,                      0.7614042679,                        1.309457659,                                nan,           299.9820436,            300.1574897,                      0,            17151.64369,              16945.5943,                       0,      0.8996420979,      0.5419013353,                 0,                 0,                 0,      0.4450290049,      0.3872555079,      0.9762408172,                 0,      0.6023521315
         854,     0.06220649135,      -5.189755372,      -2.822095038,      0.2270791227,                         5,      -4.654266824,               3,        -5.4326731,   9.138354503e-09,   4.036663318e-06,      0.4617596407,       4.117095339,       3.831960967,          0.693050623,         -0.7140878829,                     0,      0.4252668839,      0.6858723937,                 0,       289.5139867,       274.3318267,                 0,       15146.46348,        12365.56879,                  0,        0.1822518882,         0.1570370212,                    0,          301396.6567,           301569.0407,                     0,           115.4084574,           -138.1909081,                      0,        115.4084424,         138.0881988,                   0,                87.88087622,                 180.8510967,                           0,            -2.601337014e-07,              -0.001485931565,                          nan,                      0.7614770148,                         1.30967815,                                nan,           299.9858234,            300.1574004,                      0,            17152.22154,             16946.78188,                       0,      0.8998489097,      0.5420408949,                 0,                 0,                 0,      0.4451293394,      0.3873354497,      0.9764771587,                 0,      0.6023687855
         855,     0.06216610012,      -5.199707122,      -2.825567101,      0.2097760931,                         5,      -4.212909815,               3,      -5.067575099,   1.096580527e-08,   4.844061649e-06,      0.5541115688,       4.940514407,        4.59835316,          0.693222285,          -0.714105173,                     0,      0.4254175704,       0.685967334,                 0,       289.5081079,       274.3264416,                 0,       15145.17635,        12365.60695,                  0,        0.1822401012,         0.1570405915,                    0,          301397.9932,           301570.2403,                     0,           115.4445024,            -138.190792,                      0,        115.4444905,         138.0881827,                   0,                87.91595336,                 180.8880493,                           0,            -2.059340191e-07,              -0.001484486836,                          nan,                      0.7615430844,                        1.309945904,                                nan,           299.9871536,            300.1585945,                      0,            17152.24912,             16948.24371,                       0,      0.9001080946,      0.5422167764,                 0,                 0,                 0,      0.4452565774,      0.3874350422,      0.9767741308,                 0,      0.6023907347
         856,     0.06212978553,      -5.208357801,      -2.829684999,      0.1936445175,                         6,       -4.49036057,               3,      -4.716186775,   1.315866131e-08,   5.812923959e-06,      0.6649338826,       5.928617289,       5.518023792,          0.693422018,         -0.7141256577,                     0,      0.4255960273,      0.6860814618,                 0,       289.4991457,       274.3213107,                 0,       15143.31434,        12365.65741,                  0,        0.1822233368,         0.1570441685,                    0,           301397.497,           301573.1851,                     0,           115.4883837,            -138.191392,                      0,         115.488374,         138.0888281,                   0,                87.95509557,                  180.932446,                           0,            -1.668160744e-07,              -0.001483823876,                          nan,                      0.7615926391,                         1.31026129,                                nan,           299.9866597,            300.1615254,                      0,            17151.89981,             16950.01445,                       0,      0.9004309483,      0.5424388681,                 0,                 0,                 0,      0.4454159827,      0.3875572788,      0.9771464444,                 0,      0.6024213951
         857,     0.06209393438,      -5.214643926,      -2.834234654,      0.1807340554,                         6,      -4.036982338,               3,      -4.379325718,   1.578996343e-08,   6.975509203e-06,      0.7979206591,       7.114340746,       6.621628551,         0.6936713761,         -0.7141506499,                     0,      0.4258116389,       0.686215562,                 0,       289.4874325,       274.3167142,                 0,       15140.98021,        12365.71429,                  0,        0.1822026216,         0.1570475089,                    0,          301395.9805,           301578.2426,                     0,           115.5430476,           -138.1931525,                      0,        115.5430387,         138.0905919,                   0,                87.99985198,                 180.9844349,                           0,            -1.537223689e-07,               -0.00148375673,                          nan,                      0.7616196782,                        1.310621038,                                nan,           299.9851503,            300.1665592,                      0,            17151.38276,             16952.09657,                       0,      0.9008295497,      0.5427189379,                 0,                 0,                 0,      0.4456129239,      0.3877046366,      0.9776107804,                 0,      0.6024657362
         858,     0.06206414389,      -5.218849292,      -2.838718296,      0.1715596708,                         7,      -4.155981154,               3,      -4.057704992,   1.894733194e-08,   8.370509437e-06,      0.9575047909,       8.537208896,       7.945954261,         0.6939873811,           -0.71418073,                     0,      0.4260730062,       0.686369323,                 0,       289.4732692,       274.3128816,                 0,       15138.25241,        12365.75672,                  0,        0.1821787091,         0.1570502103,                    0,          301394.1857,           301585.6426,                     0,           115.6108593,           -138.1965348,                      0,        115.6108494,         138.0939355,                   0,                88.05208093,                 181.0436628,                           0,             -1.69931009e-07,              -0.001484280761,                          nan,                      0.7616247208,                          1.3110182,                                nan,            299.983364,            300.1739247,                      0,            17150.87208,             16954.45655,                       0,      0.9013167948,      0.5430710113,                 0,                 0,                 0,      0.4458529533,      0.3878788748,      0.9781861104,                 0,      0.6025306689
         859,     0.06203760453,      -5.222316331,       -2.84286671,      0.1650331745,                         8,      -4.198283695,               4,      -4.760681717,   2.273586121e-08,   1.004433948e-05,       1.149005749,       10.24465067,       9.535145113,         0.6943795339,         -0.7142151409,                     0,      0.4263870202,      0.6865408238,                 0,       289.4567268,       274.3100105,                 0,       15135.14498,        12365.75627,                  0,        0.1821517224,         0.1570517947,                    0,           301392.532,           301595.4611,                     0,           115.6933316,           -138.2018316,                      0,        115.6933194,         138.0991368,                   0,                88.11370127,                 181.1092061,                           0,            -2.113784279e-07,              -0.001485604752,                          nan,                      0.7616144281,                        1.311443433,                                nan,            299.981718,            300.1836972,                      0,            17150.45228,             16957.02786,                       0,      0.9019054599,      0.5435118565,                 0,                 0,                 0,      0.4461413412,      0.3880799951,      0.9788935152,                 0,       0.602626196
         860,     0.06200922532,      -5.225627498,      -2.846887775,      0.1608225574,                         9,       -4.16835654,               4,      -4.379857046,    2.72815834e-08,   1.205269082e-05,       1.378806899,       12.29358081,       11.44217414,         0.6948510499,         -0.7142510819,                     0,      0.4267588646,      0.6867260143,                 0,       289.4375724,       274.3083431,                 0,       15131.60483,        12365.69024,                  0,        0.1821211682,         0.1570518335,                    0,           301391.039,           301607.6634,                     0,           115.7913239,           -138.2089103,                      0,        115.7913083,         138.1060411,                   0,                88.18640207,                 181.1795907,                           0,            -2.697693493e-07,               -0.00148805127,                          nan,                      0.7615977693,                        1.311887512,                                nan,            299.980232,            300.1958424,                      0,            17150.11524,             16959.72101,                       0,      0.9026053942,      0.5440614338,                 0,                 0,                 0,      0.4464815963,      0.3883037368,      0.9797548414,                 0,      0.6027677625
         861,     0.06198443457,      -5.227010574,      -2.851199015,      0.1615670508,                        10,      -4.073743434,               4,      -4.020292021,   3.273562061e-08,   1.446239566e-05,       1.654568279,       14.75229697,       13.73060896,          0.695403644,         -0.7142838284,                     0,      0.4271929648,      0.6869184432,                 0,       289.4153043,       274.3082902,                 0,        15127.5399,        12365.55929,                  0,        0.1820862521,         0.1570500985,                    0,          301389.4106,           301622.2193,                     0,           115.9056404,            -138.217083,                      0,        115.9056208,         138.1139426,                   0,                88.27140383,                 181.2528531,                           0,            -3.392364438e-07,              -0.001491883797,                          nan,                      0.7615800101,                        1.312342909,                                nan,           299.9786112,            300.2103301,                      0,            17149.80138,             16962.44284,                       0,      0.9034189624,      0.5447422352,                 0,                 0,                 0,      0.4468733061,       0.388538351,      0.9807894138,                 0,       0.602978527
         862,     0.06196027578,      -5.223146945,      -2.855844563,      0.1713282308,                        10,      -3.619498322,               5,      -4.520715982,   3.927918288e-08,    1.73536501e-05,       1.985481935,       17.70275637,       16.47673076,          0.696043274,         -0.7143084096,                     0,      0.4276948721,      0.6871093512,                 0,       289.3891834,       274.3104982,                 0,       15122.84167,        12365.39919,                  0,        0.1820461308,         0.1570466718,                    0,          301387.1611,           301639.1804,                     0,           116.0378305,           -138.2253207,                      0,         116.037806,         138.1218057,                   0,                88.36948041,                 181.3264588,                           0,            -4.231351513e-07,              -0.001497211107,                          nan,                      0.7615576635,                        1.312801102,                                nan,           299.9763722,            300.2272118,                      0,            17149.44389,             16965.11316,                       0,      0.9043363549,      0.5455767956,                 0,                 0,                 0,      0.4473103644,      0.3887623785,      0.9820092137,                 0,       0.603289686
         863,     0.06193699074,      -5.212657871,      -2.859985452,      0.1903199824,                        10,      -3.218564879,               5,      -4.145977777,   4.712962294e-08,   2.082264884e-05,       2.382578321,       21.24330764,       19.77207691,          0.696784041,         -0.7143221667,                     0,        0.42827403,      0.6872877073,                 0,       289.3582432,        274.315731,                 0,       15117.38145,        12365.27067,                  0,        0.1819998597,         0.1570418862,                    0,          301383.7642,            301658.554,                     0,            116.190874,           -138.2328085,                      0,        116.1908428,         138.1288143,                   0,                88.48161929,                 181.3968245,                           0,             -5.35516819e-07,              -0.001504057825,                          nan,                      0.7615197302,                        1.313243912,                                nan,           299.9729912,            300.2464947,                      0,              17148.992,             16967.65181,                       0,      0.9053297485,      0.5465822331,                 0,                 0,                 0,      0.4477791364,      0.3889433133,      0.9834109976,                 0,      0.6037382887
         864,     0.06191432254,      -5.198230246,       -2.86180348,       0.213077873,                        10,      -2.864431246,               6,      -4.639464486,   5.654781329e-08,   2.498470061e-05,      0.2382578321,       2.124330764,       1.977207691,         0.6976474117,          -0.714326323,                     0,      0.4289457921,       0.687439631,                 0,       289.3214906,       274.3245684,                 0,       15111.01377,        12365.22388,                  0,        0.1819463075,         0.1570360468,                    0,          301378.9646,           301679.9296,                     0,           116.3691102,           -138.2395049,                      0,        116.3690693,         138.1349272,                   0,                88.61033175,                 181.4584797,                           0,            -7.021001306e-07,              -0.001512421174,                          nan,                      0.7614594862,                        1.313632137,                                nan,           299.9682141,            300.2677703,                      0,            17148.43516,             16969.92229,                       0,      0.9063420885,      0.5477614907,                 0,                 0,                 0,       0.448253692,      0.3890339865,       0.984962532,                 0,        0.60436506
         865,     0.06187156189,      -5.183499147,      -2.859452742,      0.2342571942,                         4,      -4.816944596,               2,       -4.43547189,   5.653929942e-09,   2.498162074e-06,      0.2859093986,       2.549196917,       2.372649229,         0.6978586879,         -0.7143480765,                     0,      0.4290652577,      0.6874750729,                 0,       289.3241073,        274.325388,                 0,       15111.58315,        12365.26264,                  0,        0.1819515183,         0.1570360235,                    0,          301387.6492,           301683.4701,                     0,           116.4010124,            -138.243362,                      0,        116.4009726,         138.1389096,                   0,                88.63677168,                 181.4709375,                           0,            -6.838061818e-07,              -0.001510567252,                          nan,                      0.7614779304,                         1.31368445,                                nan,            299.976858,            300.2712942,                      0,            17150.26818,             16970.49398,                       0,      0.9064215676,      0.5478564283,                 0,                 0,                 0,      0.4482915607,       0.389039679,      0.9850862157,                 0,      0.6044168054
         866,      0.0618284752,      -5.189911495,      -2.862093057,      0.2235051344,                         4,       -4.40785138,               2,      -4.171754066,   6.784624499e-09,   2.997773014e-06,      0.3430912783,         3.0590363,       2.847179074,         0.6980566098,         -0.7143693594,                     0,      0.4291934257,      0.6875158738,                 0,       289.3240427,       274.3268541,                 0,       15111.58831,        12365.28736,                  0,        0.1819516214,         0.1570354513,                    0,          301393.9764,            301688.146,                     0,           116.4339504,           -138.2477203,                      0,        116.4339137,         138.1433234,                   0,                88.66563198,                  181.485481,                           0,            -6.315494983e-07,              -0.001509717349,                          nan,                      0.7615103641,                        1.313747755,                                nan,           299.9831556,            300.2759482,                      0,            17151.54768,             16971.13505,                       0,      0.9065165063,      0.5479719981,                 0,                 0,                 0,      0.4483367811,      0.3890451662,      0.9852356802,                 0,      0.6044809932
         867,     0.06178701521,      -5.198261749,      -2.863623103,      0.2099279438,                         4,      -4.015046342,               3,      -5.584498769,   8.141422591e-09,   3.597289689e-06,      0.4117095339,        3.67084356,       3.416614889,         0.6982457821,         -0.7143900634,                     0,      0.4293338877,      0.6875621368,                 0,       289.3209315,       274.3292784,                 0,       15110.95918,        12365.30773,                  0,        0.1819460032,         0.1570342712,                    0,          301397.7452,           301694.3128,                     0,           116.4690893,           -138.2526258,                      0,        116.4690569,         138.1482085,                   0,                 88.6972501,                 181.5022589,                           0,            -5.559933983e-07,               -0.00150995862,                          nan,                      0.7615520588,                        1.313822748,                                nan,           299.9869068,            300.2820861,                      0,            17152.22983,             16971.86142,                       0,      0.9066296862,      0.5481129389,                 0,                 0,                 0,      0.4483906193,      0.3890497894,      0.9854163806,                 0,       0.604560988
         868,     0.06174965984,      -5.207967352,      -2.865421773,      0.1940734984,                         5,      -4.486364483,               3,      -5.215503255,   9.769533368e-09,   4.316678932e-06,      0.4940514407,       4.405012272,       4.099937867,         0.6984379603,         -0.7144106994,                     0,      0.4294924719,      0.6876137378,                 0,       289.3146061,       274.3330292,                 0,       15109.68303,        12365.33693,                  0,        0.1819346152,         0.1570324344,                    0,          301399.0726,           301702.3705,                     0,           116.5084265,             -138.25822,                      0,        116.5083988,         138.1537098,                   0,                  88.732211,                 181.5212909,                           0,            -4.742612093e-07,              -0.001511239479,                          nan,                      0.7615949743,                        1.313908191,                                nan,            299.988228,            300.2901062,                      0,            17152.35811,             16972.68972,                       0,      0.9067635529,      0.5482848044,                 0,                 0,                 0,      0.4484541417,      0.3890521282,      0.9856342167,                 0,      0.6046612732
         869,     0.06171032943,      -5.217565445,      -2.868648742,      0.1779091266,                         5,      -4.058572404,               3,      -4.860586542,   1.172320511e-08,   5.179889911e-06,      0.5928617289,       5.286014727,       4.919925441,         0.6986513133,          -0.714432785,                     0,      0.4296770423,      0.6876702947,                 0,        289.305137,       274.3384943,                 0,       15107.80934,        12365.38858,                  0,        0.1819180085,         0.1570298854,                    0,          301398.4256,           301712.7208,                     0,           116.5546466,           -138.2648295,                      0,         116.554623,         138.1601664,                   0,                88.77144181,                 181.5423696,                           0,             -4.05490355e-07,              -0.001513377273,                          nan,                      0.7616295223,                        1.313999355,                                nan,            299.987584,            300.3004079,                      0,            17152.06701,             16973.63285,                       0,      0.9069196641,      0.5484939048,                 0,                 0,                 0,      0.4485280087,      0.3890495981,      0.9858951521,                 0,       0.604787752
         870,     0.06167540207,      -5.225342672,      -2.873765921,      0.1641715007,                         6,      -4.317309933,               3,      -4.520861754,    1.40675326e-08,   6.215644736e-06,      0.7114340746,       6.343217672,       5.903910529,         0.6989069153,         -0.7144591352,                     0,      0.4298965463,      0.6877311402,                 0,       289.2928135,        274.346008,                 0,        15105.4314,        12365.47121,                  0,         0.181897123,         0.1570265354,                    0,          301396.5543,           301725.6834,                     0,            116.610671,           -138.2730471,                      0,        116.6106497,         138.1681914,                   0,                88.81625976,                 181.5649498,                           0,             -3.65521443e-07,               -0.00151607256,                          nan,                      0.7616479285,                        1.314086462,                                nan,           299.9857215,            300.3133099,                      0,             17151.5516,             16974.69211,                       0,      0.9070985147,      0.5487471504,                 0,                 0,                 0,      0.4486124847,      0.3890384052,      0.9862049837,                 0,      0.6049476893
         871,     0.06164516732,      -5.230549352,      -2.880367911,      0.1545648001,                         7,      -4.466529885,               3,      -4.197324697,   1.688062543e-08,   7.458387918e-06,      0.8537208896,       7.611861206,       7.084692635,         0.6992233978,         -0.7144933851,                     0,      0.4301595505,      0.6877951013,                 0,       289.2780015,       274.3557364,                 0,       15102.64365,        12365.57875,                  0,        0.1818728654,         0.1570222083,                    0,          301394.2707,           301741.3536,                     0,           116.6790355,           -138.2836886,                      0,        116.6790144,         138.1786267,                   0,                88.86830575,                 181.5880313,                           0,            -3.627530963e-07,              -0.001518934825,                          nan,                      0.7616477241,                        1.314154262,                                nan,           299.9834485,            300.3289067,                      0,            17151.00477,             16975.84104,                       0,      0.9072998486,      0.5490519012,                 0,                 0,                 0,      0.4487076689,      0.3890138855,      0.9865694108,                 0,      0.6051493362
         872,       0.061616774,      -5.233999411,      -2.887426744,      0.1484900462,                         8,      -4.531881625,               4,      -4.960864469,   2.025620914e-08,   8.949430036e-06,       1.024465067,       9.134233447,       8.501631162,         0.6996122289,         -0.7145379067,                     0,       0.430472825,      0.6878599112,                 0,       289.2609679,       274.3675445,                 0,       15099.49731,        12365.67807,                  0,        0.1818456832,         0.1570165608,                    0,          301392.1949,            301759.411,                     0,           116.7613751,           -138.2974662,                      0,         116.761352,          138.192213,                   0,                88.92935111,                  181.610092,                           0,            -3.954417115e-07,              -0.001521549119,                          nan,                      0.7616334478,                          1.3141847,                                nan,           299.9813825,            300.3468796,                      0,            17150.55267,             16976.99974,                       0,      0.9075227042,      0.5494158519,                 0,                 0,                 0,      0.4488134577,      0.3889706113,      0.9869939718,                 0,      0.6054017705
         873,     0.06158718146,      -5.237031386,      -2.893774083,      0.1442935404,                         8,      -4.042923604,               4,      -4.576786501,     2.4306745e-08,   1.073832639e-05,       1.229358081,       10.96108014,       10.20195739,         0.7000763708,         -0.7145902719,                     0,      0.4308405787,      0.6879211059,                 0,       289.2417603,       274.3809716,                 0,       15095.98257,        12365.70617,                  0,        0.1818154275,         0.1570090593,                    0,          301390.5921,           301779.0082,                     0,           116.8582887,           -138.3143439,                      0,        116.8582623,         138.2089321,                   0,                89.00099417,                 181.6290984,                           0,             -4.51273193e-07,              -0.001523654828,                          nan,                      0.7616149036,                        1.314163243,                                nan,           299.9797872,            300.3663851,                      0,            17150.22687,             16978.01451,                       0,      0.9077638867,      0.5498469497,                 0,                 0,                 0,      0.4489284929,      0.3889012253,      0.9874830525,                 0,       0.605715823
         874,     0.06156044926,      -5.239565561,      -2.898546481,      0.1421893771,                         9,      -4.004988328,               4,        -4.2163229,   2.916717471e-08,    1.28845356e-05,       1.475229697,       13.15329616,       12.24234887,         0.7006131392,         -0.7146407247,                     0,      0.4312645839,      0.6879707893,                 0,       289.2202084,       274.3954681,                 0,       15092.04883,        12365.59713,                  0,        0.1817815944,         0.1569991874,                    0,          301389.3796,           301798.9383,                     0,           116.9696621,           -138.3328956,                      0,        116.9696321,         138.2273486,                   0,                89.08430618,                  181.642583,                           0,            -5.131700614e-07,              -0.001525403468,                          nan,                      0.7616020037,                        1.314085706,                                nan,           299.9785803,            300.3862219,                      0,            17149.98852,             16978.67666,                       0,      0.9080139478,      0.5503524963,                 0,                 0,                 0,      0.4490476536,      0.3887937869,      0.9880367356,                 0,      0.6061057736
         875,     0.06153704155,      -5.239148989,      -2.901475748,      0.1457116751,                        10,      -3.901984883,               5,      -4.747143909,   3.499942456e-08,   1.545940653e-05,       1.770275637,        15.7839554,       14.69081865,         0.7012195744,         -0.7146741939,                     0,      0.4317452085,      0.6879971356,                 0,       289.1959687,       274.4108464,                 0,       15087.63717,        12365.33981,                  0,        0.1817436884,         0.1569869169,                    0,          301388.2247,           301818.0946,                     0,           117.0953343,           -138.3503012,                      0,        117.0953008,         138.2445948,                   0,                89.17955518,                 181.6476511,                           0,            -5.723030062e-07,              -0.001527513097,                          nan,                      0.7615980708,                        1.313958432,                                nan,           299.9774308,            300.4052885,                      0,            17149.77547,             16978.79457,                       0,      0.9082526939,      0.5509362905,                 0,                 0,                 0,      0.4491590711,      0.3886299305,      0.9886458057,                 0,      0.6065892171
         876,     0.06151477811,      -5.232878695,      -2.902703076,      0.1585395727,                        10,      -3.459867953,               5,      -4.374796401,   4.199784844e-08,    1.85485466e-05,       2.124330764,       18.94074648,       17.62898238,         0.7018976841,         -0.7146774401,                     0,      0.4322835992,      0.6879852947,                 0,       289.1685064,       274.4275526,                 0,       15082.68675,         12365.0196,                  0,        0.1817013105,         0.1569730819,                    0,          301386.6358,           301835.8427,                     0,            117.235917,           -138.3633893,                      0,        117.2358796,         138.2574236,                   0,                89.28634896,                 181.6406927,                           0,            -6.373942196e-07,              -0.001531115272,                          nan,                       0.761595761,                        1.313786182,                                nan,           299.9758494,            300.4229535,                      0,            17149.53126,             16978.26548,                       0,      0.9084470431,      0.5515915918,                 0,                 0,                 0,      0.4492419707,      0.3883874252,      0.9892848539,                 0,      0.6071807884
         877,      0.0614915574,       -5.22132801,      -2.901777847,      0.1787066788,                        10,      -3.072175837,               5,      -4.033861552,   5.039583956e-08,   2.225463076e-05,       2.549196917,       22.72889577,       21.15477885,         0.7026568165,         -0.7146471247,                     0,      0.4328845646,      0.6879194072,                 0,       289.1371359,       274.4463714,                 0,       15077.12266,        12364.78737,                  0,        0.1816539861,         0.1569591517,                    0,          301384.1495,           301851.8516,                     0,           117.3933029,            -138.370353,                      0,          117.39326,         138.2639543,                   0,                89.40460735,                 181.6167746,                           0,            -7.311316511e-07,              -0.001537291935,                          nan,                      0.7615821159,                        1.313551138,                                nan,           299.9733747,            300.4388875,                      0,            17149.22031,              16977.0632,                       0,      0.9085501755,      0.5522889895,                 0,                 0,                 0,      0.4492652815,      0.3880468494,      0.9899021124,                 0,      0.6078794594
         878,     0.06146912708,      -5.208469096,      -2.897375103,      0.1999075364,                        10,      -2.728707043,               6,      -4.524169366,   6.047386454e-08,   2.670073576e-05,      0.2549196917,       2.272889577,       2.115477885,         0.7035101817,         -0.7145935236,                     0,      0.4335573377,       0.687785083,                 0,       289.1013673,       274.4677088,                 0,       15070.87647,        12364.76414,                  0,        0.1816011947,         0.1569464335,                    0,          301380.7315,           301865.4901,                     0,           117.5700669,            -138.372108,                      0,         117.570015,         138.2650689,                   0,                89.53592264,                 181.5693099,                           0,            -8.825291907e-07,              -0.001546521143,                          nan,                       0.761554063,                        1.313197262,                                nan,           299.9699727,            300.4524621,                      0,            17148.85908,             16975.14317,                       0,      0.9084905988,      0.5529646302,                 0,                 0,                 0,      0.4491834886,      0.3875900273,      0.9904034637,                 0,      0.6086630185
         879,     0.06142837455,      -5.196689679,      -2.888622992,      0.2191289695,                         4,       -4.68090807,               2,        -4.4075496,   6.047427765e-09,   2.669529343e-06,        0.30590363,       2.727467493,       2.538573462,         0.7037214793,         -0.7145967401,                     0,      0.4336776394,      0.6877871358,                 0,       289.1038137,       274.4728928,                 0,       15071.41424,        12364.90633,                  0,        0.1816061386,         0.1569452254,                    0,           301389.342,           301871.3523,                     0,           117.6021698,           -138.3737442,                      0,        117.6021195,          138.266691,                   0,                89.56248483,                 181.5716541,                           0,             -8.55146402e-07,              -0.001546707416,                          nan,                      0.7615720298,                         1.31319881,                                nan,           299.9785429,            300.4582969,                      0,            17150.67808,             16975.36971,                       0,      0.9084906989,      0.5530240344,                 0,                 0,                 0,      0.4491822927,      0.3875541086,      0.9904507789,                 0,      0.6087283393
         880,     0.06138679217,      -5.204765441,      -2.890807008,      0.2068014018,                         4,      -4.275452719,               2,      -4.149563384,    7.25695544e-09,   3.203334102e-06,       0.367084356,       3.272960991,       3.046288155,         0.7039162047,         -0.7145992422,                     0,      0.4338055077,      0.6877852992,                 0,       289.1035401,       274.4791453,                 0,       15071.37004,        12365.03995,                  0,        0.1816057784,          0.156943293,                    0,          301395.4997,           301878.1201,                     0,           117.6349336,           -138.3760159,                      0,        117.6348871,         138.2688672,                   0,                89.59129003,                 181.5723464,                           0,            -7.904009595e-07,               -0.00154806033,                          nan,                      0.7616047607,                        1.313183149,                                nan,           299.9846718,             300.465033,                      0,            17151.91111,             16975.53569,                       0,      0.9084878163,      0.5530929209,                 0,                 0,                 0,      0.4491777763,      0.3875100712,      0.9905038295,                 0,      0.6088060962
         881,     0.06134836633,      -5.214877384,      -2.892597513,      0.1918240799,                         5,      -4.780153608,               3,      -5.515914936,   8.708405245e-09,   3.843853907e-06,      0.4405012272,       3.927553189,       3.655545786,         0.7040994953,         -0.7146017023,                     0,      0.4339443471,      0.6877778096,                 0,       289.1002653,       274.4866683,                 0,       15070.69175,        12365.16802,                  0,        0.1815996627,         0.1569405563,                    0,          301399.0833,           301885.8877,                     0,           117.6695137,           -138.3791481,                      0,        117.6694725,         138.2718119,                   0,                89.62261591,                 181.5705623,                           0,            -7.009981866e-07,              -0.001550733135,                          nan,                      0.7616471293,                        1.313142279,                                nan,           299.9882386,            300.4727643,                      0,              17152.533,             16975.62012,                       0,      0.9084792884,      0.5531715425,                 0,                 0,                 0,      0.4491676178,      0.3874556437,       0.990561203,                 0,       0.608898353
         882,     0.06131018652,      -5.226200486,      -2.895713315,      0.1751329396,                         5,      -4.328363795,               3,      -5.155957216,   1.045016945e-08,   4.612409791e-06,      0.5286014727,       4.713063827,       4.386654943,         0.7042836073,         -0.7146053484,                     0,      0.4340996081,      0.6877625508,                 0,       289.0939341,       274.4956249,                 0,       15069.39159,          12365.292,                  0,        0.1815879729,         0.1569369368,                    0,          301400.3105,           301894.6793,                     0,           117.7078466,           -138.3834563,                      0,        117.7078109,           138.27584,                   0,                89.65696049,                 181.5652501,                           0,            -6.061213246e-07,              -0.001554728864,                          nan,                      0.7616908326,                        1.313065609,                                nan,           299.9894601,            300.4815148,                      0,            17152.61236,             16975.59409,                       0,      0.9084603478,      0.5532597988,                 0,                 0,                 0,      0.4491484643,      0.3873870946,      0.9906199309,                 0,      0.6090081974
         883,     0.06127420305,      -5.237087258,      -2.901142176,      0.1589861792,                         6,      -4.621576483,               3,      -4.811026286,   1.254032441e-08,   5.534575927e-06,      0.6343217672,       5.655676593,       5.263985931,         0.7044864027,         -0.7146119933,                     0,      0.4342783111,      0.6877370693,                 0,       289.0847616,       274.5060889,                 0,       15067.54723,        12365.40856,                  0,        0.1815715092,         0.1569323466,                    0,          301399.7607,           301904.3939,                     0,           117.7524054,           -138.3893528,                      0,        117.7523744,         138.2813781,                   0,                89.69511394,                   181.55511,                           0,            -5.259262406e-07,              -0.001559839003,                          nan,                       0.761726584,                        1.312939693,                                nan,           299.9889128,            300.4911839,                      0,             17152.3082,             16975.41639,                       0,      0.9084235562,      0.5533571348,                 0,                 0,                 0,      0.4491158677,      0.3872988434,      0.9906750638,                 0,      0.6091400108
         884,     0.06123902045,      -5.245858263,       -2.90869313,      0.1459771498,                         6,       -4.15479055,               3,      -4.482102737,   1.504857179e-08,   6.641025737e-06,      0.7611861206,       6.786811911,       6.316783118,         0.7047270688,           -0.71462391,                     0,      0.4344878242,      0.6876985646,                 0,       289.0731747,       274.5180042,                 0,       15065.27609,        12365.50751,                  0,        0.1815514177,         0.1569266863,                    0,           301398.252,            301914.759,                     0,           117.8056608,           -138.3973175,                      0,        117.8056328,         138.2889377,                   0,                89.73815488,                  181.538597,                           0,            -4.752478853e-07,              -0.001565599657,                          nan,                      0.7617475728,                        1.312748511,                                nan,           299.9874112,            300.5015005,                      0,            17151.82838,             16975.03065,                       0,      0.9083592916,      0.5534623576,                 0,                 0,                 0,      0.4490646442,      0.3871839589,      0.9907198221,                 0,      0.6092989445
         885,     0.06120677686,      -5.252010485,      -2.917145806,      0.1371635714,                         7,      -4.288883729,               3,      -4.169919606,   1.805857046e-08,   7.968548319e-06,      0.9134233447,       8.144174294,       7.580139741,         0.7050204278,         -0.7146432956,                     0,      0.4347342277,      0.6876438388,                 0,       289.0596625,       274.5311472,                 0,       15062.68955,        12365.57076,                  0,        0.1815287325,         0.1569198545,                    0,          301396.6035,           301925.2851,                     0,           117.8694261,           -138.4077863,                      0,         117.869399,         138.2990019,                   0,                89.78732731,                 181.5139664,                           0,            -4.590126423e-07,              -0.001571323478,                          nan,                      0.7617526522,                        1.312474884,                                nan,           299.9857704,            300.5119773,                      0,            17151.36114,             16974.36327,                       0,      0.9082571046,      0.5535732032,                 0,                 0,                 0,       0.448989442,      0.3870355007,      0.9907460727,                 0,      0.6094895381
         886,     0.06117894577,      -5.256554734,      -2.924877915,      0.1313007979,                         8,      -4.342527021,               4,      -4.895973207,   2.167073676e-08,   9.561271576e-06,       1.096108014,       9.773009152,       9.096167689,         0.7053728052,         -0.7146708738,                     0,      0.4350209844,      0.6875691089,                 0,       289.0445829,       274.5451119,                 0,       15059.85031,        12365.57229,                  0,        0.1815039839,         0.1569117574,                    0,           301395.366,           301935.2336,                     0,           117.9444199,           -138.4208936,                      0,        117.9443922,         138.3117541,                   0,                89.84378447,                 181.4793765,                           0,            -4.706017561e-07,              -0.001576300203,                          nan,                      0.7617469794,                        1.312103788,                                nan,           299.9845387,            300.5218792,                      0,            17151.01312,             16973.32077,                       0,      0.9081067547,      0.5536859568,                 0,                 0,                 0,      0.4488848745,      0.3868475739,      0.9907446549,                 0,      0.6097146112
         887,     0.06115487815,      -5.260655597,      -2.930549266,      0.1267656443,                         9,      -4.314345512,               4,      -4.525711907,   2.600560566e-08,   1.147213435e-05,       1.315329616,       11.72761098,       10.91540123,         0.7057820586,         -0.7147039105,                     0,      0.4353485701,      0.6874696283,                 0,       289.0280494,       274.5593666,                 0,       15056.76127,        12365.48366,                  0,        0.1814771348,         0.1569023461,                    0,          301394.6853,           301943.6512,                     0,           118.0303133,           -138.4360988,                      0,        118.0302842,         138.3266788,                   0,                89.90827209,                 181.4330223,                           0,            -4.945407091e-07,              -0.001580177335,                          nan,                      0.7617390124,                        1.311627113,                                nan,           299.9838612,            300.5302574,                      0,            17150.79298,             16971.79206,                       0,      0.9078965014,      0.5537950523,                 0,                 0,                 0,       0.448744142,      0.3866142124,      0.9907040264,                 0,      0.6099759736
         888,     0.06113112823,      -5.263674937,      -2.933484103,      0.1245330824,                        10,      -4.211011887,               4,      -4.178848582,   3.120786288e-08,   1.376465459e-05,        1.57839554,       14.07313318,       13.09848147,         0.7062417793,          -0.714735238,                     0,      0.4357152097,      0.6873392446,                 0,       289.0099446,       274.5734567,                 0,       15053.39005,        12365.29377,                  0,        0.1814478679,         0.1568917502,                    0,          301394.3531,           301949.5603,                     0,           118.1262468,           -138.4519273,                      0,        118.1262164,         138.3422766,                   0,                89.98086797,                 181.3732242,                           0,            -5.154249553e-07,              -0.001583325632,                          nan,                      0.7617349537,                        1.311046982,                                nan,           299.9835306,            300.5361389,                      0,            17150.64659,              16969.6693,                       0,      0.9076072351,      0.5538919798,                 0,                 0,                 0,      0.4485556977,      0.3863253718,      0.9906058377,                 0,      0.6102771755
         889,     0.06110865416,      -5.262895206,      -2.933778279,      0.1285351346,                        10,      -3.728042254,               5,       -4.67883741,    3.74511816e-08,   1.651504865e-05,       1.894074648,       16.88775982,       15.71817777,         0.7067468797,         -0.7147550318,                     0,      0.4361184407,      0.6871702542,                 0,       288.9900012,       274.5872678,                 0,       15049.70197,        12365.03595,                  0,        0.1814159319,         0.1568804689,                    0,          301393.9699,           301952.2433,                     0,           118.2315416,           -138.4661549,                      0,        118.2315103,         138.3562484,                   0,                90.06096062,                 181.2983438,                           0,            -5.294028784e-07,              -0.001586855776,                          nan,                      0.7617339948,                        1.310373373,                                nan,           299.9831491,            300.5388093,                      0,            17150.51023,             16966.88378,                       0,      0.9072052725,      0.5539620118,                 0,                 0,                 0,      0.4482994864,      0.3859631826,      0.9904179615,                 0,       0.610624771
         890,     0.06108582166,      -5.256228542,      -2.931997807,      0.1413852898,                        10,      -3.300466718,               5,      -4.314336597,   4.494402924e-08,   1.981476395e-05,       2.272889577,       20.26531178,       18.86181332,         0.7072970324,         -0.7147546573,                     0,      0.4365570063,      0.6869538869,                 0,       288.9678952,       274.6010699,                 0,       15045.67395,        12364.79004,                  0,        0.1813812507,         0.1568693689,                    0,          301393.1386,           301951.3325,                     0,           118.3462038,           -138.4765075,                      0,        118.3461714,         138.3662268,                   0,                90.14769216,                 181.2064872,                           0,            -5.473874004e-07,              -0.001592136223,                          nan,                      0.7617288426,                        1.309615008,                                nan,           299.9823218,            300.5379027,                      0,            17150.34561,              16963.4164,                       0,      0.9066408609,      0.5539767607,                 0,                 0,                 0,      0.4479462677,      0.3855052705,      0.9900876671,                 0,      0.6110211713
         891,     0.06106599182,      -5.245053239,      -2.928533014,      0.1604265183,                        10,      -2.923437144,               6,      -4.790229124,   5.393665359e-08,   2.377349639e-05,       2.272889577,       20.26531178,       18.86181332,         0.7078955273,         -0.7147297529,                     0,      0.4370318971,      0.6866817436,                 0,       288.9434322,       274.6151787,                 0,       15041.30077,        12364.63813,                  0,         0.181343882,          0.156859315,                    0,          301391.7114,           301946.5471,                     0,           118.4707595,           -138.4814982,                      0,        118.4707247,         138.3706647,                   0,                   90.24084,                 181.0953345,                           0,            -5.868491622e-07,              -0.001600057661,                          nan,                      0.7617142567,                        1.308769709,                                nan,           299.9809012,            300.5331398,                      0,            17150.15749,             16959.25771,                       0,        0.90585601,      0.5538837152,                 0,                 0,                 0,      0.4474627975,      0.3849373269,      0.9895380412,                 0,       0.611447856
         892,     0.06104669978,      -5.232539889,      -2.923214361,       0.180987573,                        10,      -2.944222371,               6,      -4.784883435,   5.394126625e-08,   2.376899353e-05,       2.272889577,       20.26531178,       18.86181332,         0.7084841767,         -0.7146907682,                     0,       0.437490889,      0.6863971614,                 0,       288.9212941,       274.6296899,                 0,       15037.43656,        12364.69324,                  0,         0.181311185,         0.1568516864,                    0,          301391.9238,           301941.2442,                     0,           118.5906633,           -138.4818436,                      0,        118.5906256,         138.3703411,                   0,                90.33212051,                 180.9825932,                           0,            -6.354165762e-07,              -0.001609708209,                          nan,                      0.7617138373,                         1.30795799,                                nan,           299.9811127,            300.5278617,                      0,            17150.39242,             16955.19564,                       0,      0.9049983837,       0.553676822,                 0,                 0,                 0,      0.4469402339,      0.3843804828,      0.9888537516,                 0,       0.611798686
         893,     0.06102455492,      -5.225896913,      -2.919572615,      0.1928072431,                        10,      -2.956879023,               6,      -4.776665967,   5.394602283e-08,   2.376463928e-05,       2.272889577,       20.26531178,       18.86181332,         0.7090403119,           -0.71464625,                     0,      0.4379285375,      0.6861035127,                 0,       288.9007503,       274.6439476,                 0,       15033.82571,        12364.83281,                  0,        0.1812805376,         0.1568452952,                    0,          301392.7352,           301934.9665,                     0,           118.7038237,           -138.4801497,                      0,        118.7037835,         138.3679219,                   0,                90.42091211,                 180.8673754,                           0,            -6.762607678e-07,               -0.00162019387,                          nan,                      0.7617357208,                        1.307148166,                                nan,           299.9819202,            300.5216133,                      0,            17150.70361,             16951.11297,                       0,      0.9040866893,      0.5533529746,                 0,                 0,                 0,      0.4463910594,      0.3838515018,      0.9880436634,                 0,       0.612057429
         894,     0.06100403184,      -5.225732276,       -2.91789175,      0.1957782924,                        10,      -2.961693408,               6,      -4.765526616,    5.39509916e-08,   2.376037617e-05,       2.272889577,       20.26531178,       18.86181332,         0.7095576798,           -0.71459865,                     0,      0.4383413688,       0.685805233,                 0,       288.8817816,        274.657183,                 0,       15030.43104,        12364.93965,                  0,        0.1812515047,         0.1568390907,                    0,          301393.9457,           301927.1998,                     0,           118.8094704,           -138.4776882,                      0,        118.8094287,           138.36475,                   0,                90.50626805,                 180.7502385,                           0,            -7.022555792e-07,              -0.001630474992,                          nan,                       0.761776814,                        1.306331551,                                nan,           299.9831251,             300.513883,                      0,            17151.01302,             16946.91281,                       0,      0.9031387228,      0.5529180481,                 0,                 0,                 0,      0.4458271264,      0.3833609801,      0.9871232342,                 0,      0.6122182939
         895,     0.06098227098,      -5.230305183,      -2.917420527,      0.1924670293,                        10,      -2.961412358,               6,      -4.752687617,   5.395628763e-08,   2.375619257e-05,       2.272889577,       20.26531178,       18.86181332,         0.7100340177,         -0.7145443608,                     0,      0.4387254923,      0.6855056827,                 0,       288.8645674,       274.6689083,                 0,       15027.28251,        12364.94575,                  0,        0.1812243358,         0.1568324889,                    0,          301395.5414,           301917.6532,                     0,           118.9070536,           -138.4741621,                      0,        118.9070115,         138.3605861,                   0,                90.58680281,                 180.6326372,                           0,            -7.078845612e-07,              -0.001639719871,                          nan,                      0.7618289426,                        1.305520901,                                nan,           299.9847133,            300.5043811,                      0,            17151.31489,              16942.5495,                       0,      0.9021692729,      0.5523836804,                 0,                 0,                 0,      0.4452573171,       0.382913629,      0.9861106835,                 0,      0.6122838552
         896,     0.06096175674,      -5.237069743,      -2.917542922,      0.1862201725,                        10,      -2.959243169,               6,      -4.738352244,   5.396204542e-08,   2.375211693e-05,       2.272889577,       20.26531178,       18.86181332,         0.7104673893,         -0.7144750563,                     0,       0.439076867,      0.6852063129,                 0,       288.8492302,       274.6790439,                 0,       15024.41195,        12364.83617,                  0,        0.1811993385,         0.1568253468,                    0,           301397.441,           301906.3415,                     0,           118.9960397,           -138.4680147,                      0,        118.9959986,         138.3539073,                   0,                90.66100032,                 180.5163828,                           0,             -6.90561578e-07,              -0.001647461333,                          nan,                      0.7618827638,                        1.304743656,                                nan,            299.986604,            300.4931224,                      0,            17151.60395,             16938.02256,                       0,      0.9011903627,      0.5517627151,                 0,                 0,                 0,      0.4446875246,      0.3825112297,      0.9850235138,                 0,      0.6122598931
         897,     0.06093970468,      -5.243742002,      -2.918112794,      0.1799629386,                        10,      -2.957777287,               6,      -4.723020677,   5.396839566e-08,   2.374819727e-05,       2.272889577,       20.26531178,       18.86181332,         0.7108559823,         -0.7143795448,                     0,      0.4393921844,      0.6849068665,                 0,       288.8358135,       274.6878608,                 0,       15021.84186,        12364.63208,                  0,         0.181176758,         0.1568177775,                    0,          301399.5174,           301893.5391,                     0,            119.075958,           -138.4569496,                      0,        119.0759191,         138.3424302,                   0,                90.72764036,                  180.403299,                           0,            -6.527870019e-07,              -0.001653539692,                          nan,                      0.7619310523,                         1.30403448,                                nan,           299.9886707,            300.4803799,                      0,            17151.87174,             16933.35629,                       0,      0.9002121697,       0.551065747,                 0,                 0,                 0,      0.4441219513,      0.3821554576,      0.9838763206,                 0,      0.6121509635
         898,     0.06091760723,      -5.249038413,      -2.919078195,      0.1753279239,                        10,       -2.95824284,               6,       -4.70622641,   5.397544722e-08,   2.374447912e-05,       2.272889577,       20.26531178,       18.86181332,         0.7111980427,          -0.714245774,                     0,      0.4396690968,      0.6846061624,                 0,       288.8243502,       274.6958393,                 0,       15019.59227,        12364.36981,                  0,         0.181156816,         0.1568099659,                    0,           301401.682,           301879.6829,                     0,            119.146363,           -138.4384612,                      0,        119.1463272,         138.3236536,                   0,                90.78600477,                 180.2950817,                           0,            -6.007679669e-07,              -0.001657921229,                          nan,                      0.7619706535,                        1.303429146,                                nan,           299.9908251,            300.4665885,                      0,            17152.11673,             16928.58218,                       0,      0.8992442243,      0.5503000434,                 0,                 0,                 0,      0.4435647459,      0.3818494903,        0.98268066,                 0,      0.6119583852
         899,     0.06090601978,      -5.252761806,      -2.920187031,      0.1725481328,                        10,       -2.96055337,               6,      -4.686435153,    5.39832757e-08,    2.37409918e-05,       2.272889577,       20.26531178,       18.86181332,         0.7114913749,         -0.7140627381,                     0,      0.4399057476,      0.6843029894,                 0,       288.8149171,       274.7035184,                 0,       15017.68705,        12364.08577,                  0,        0.1811397527,         0.1568020622,                    0,          301403.9171,           301865.2727,                     0,           119.2067235,            -138.410274,                      0,        119.2066912,         138.2953092,                   0,                90.83578252,                 180.1932704,                           0,            -5.411033522e-07,              -0.001660527505,                          nan,                      0.7620023807,                        1.302960103,                                nan,           299.9930498,            300.4522458,                      0,            17152.34678,             16923.73116,                       0,      0.8982957954,      0.5494701104,                 0,                 0,                 0,      0.4430208789,        0.38159797,      0.9814457334,                 0,      0.6116805992
         900,     0.06088808579,       -5.25530197,      -2.920996625,      0.1711037858,                        10,      -2.964089854,               6,      -4.663216074,    5.39901275e-08,   2.373774666e-05,       2.272889577,       20.26531178,       18.86181332,         0.7117329446,         -0.7138220319,                     0,      0.4401001387,      0.6839967892,                 0,       288.8076436,       274.7113792,                 0,       15016.15486,        12363.80916,                  0,        0.1811258336,          0.156794158,                    0,          301406.2529,           301850.7945,                     0,           119.2563513,           -138.3706546,                      0,        119.2563228,         138.2556786,                   0,                90.87681143,                 180.0992399,                           0,            -4.784030374e-07,              -0.001661164338,                          nan,                      0.7620292936,                        1.302653473,                                nan,           299.9953746,            300.4378353,                      0,            17152.57387,              16918.8337,                       0,      0.8973766452,      0.5485795454,                 0,                 0,                 0,      0.4424964886,      0.3814064825,      0.9801803181,                 0,      0.6113147119
         901,     0.06230957184,      -5.257130676,       -2.92104957,      0.1703758722,                        10,      -2.968366253,               6,      -4.639438234,   5.399692619e-08,   2.373474401e-05,       2.272889577,       20.26531178,       18.86181332,         0.7119189716,         -0.7135187962,                     0,      0.4402498004,      0.6836879654,                 0,       288.8026848,       274.7197804,                 0,       15015.02638,        12363.56055,                  0,        0.1811153318,         0.1567863055,                    0,          301408.7226,           301836.6713,                     0,           119.2944285,           -138.3185808,                      0,        119.2944037,         138.2037593,                   0,                90.90884549,                 180.0141632,                           0,            -4.150037631e-07,              -0.001659557501,                          nan,                      0.7620545697,                        1.302527255,                                nan,           299.9978328,            300.4237783,                      0,            17152.80753,             16913.92269,                       0,      0.8964971228,      0.5476325185,                 0,                 0,                 0,      0.4419984494,       0.381280733,       0.978894003,                 0,      0.6108580882
         902,     0.06228606567,      -5.258620378,      -2.920068759,      0.1698806989,                        10,      -2.973066789,               6,      -4.614311469,   5.400437375e-08,    2.37319824e-05,       2.272889577,       20.26531178,       18.86181332,         0.7120454407,         -0.7131519546,                     0,      0.4403518915,      0.6833778706,                 0,       288.8001869,       274.7289355,                 0,       15014.33026,        12363.35293,                  0,        0.1811085016,         0.1567785444,                    0,          301411.3316,           301823.2383,                     0,           119.3201105,           -138.2537754,                      0,        119.3200895,         138.1392922,                   0,                   90.93146,                 179.9389607,                           0,            -3.521074983e-07,              -0.001655445408,                          nan,                       0.762080052,                        1.302590724,                                nan,           300.0004296,            300.4104082,                      0,            17153.05123,             16909.03481,                       0,       0.895667979,      0.5466346592,                 0,                 0,                 0,      0.4415336596,      0.3812258623,      0.9775977808,                 0,      0.6103094807
         903,     0.06226219469,      -5.260046131,      -2.918039968,      0.1692644889,                        10,      -2.977960091,               6,       -4.58907973,   5.401249428e-08,   2.372946501e-05,       2.272889577,       20.26531178,       18.86181332,         0.7121087137,          -0.712723814,                     0,      0.4404035754,      0.6830685749,                 0,        288.800263,       274.7389201,                 0,       15014.09002,        12363.19305,                  0,        0.1811055563,         0.1567709143,                    0,          301414.0516,            301810.734,                     0,           119.3326446,           -138.1766289,                      0,        119.3326272,         138.0626786,                   0,                90.94409806,                 179.8742593,                           0,            -2.910958866e-07,              -0.001648661686,                          nan,                        0.76210589,                        1.302844919,                                nan,           300.0031369,            300.3979624,                      0,            17153.30275,             16904.20908,                       0,      0.8948998369,      0.5455933181,                 0,                 0,                 0,      0.4411083419,      0.3812458662,      0.9763039365,                 0,      0.6096697034
         904,     0.06223858232,      -5.261565936,      -2.915267054,       0.168318827,                        10,      -2.982866964,               6,      -4.563902271,   5.402129728e-08,   2.372720114e-05,       2.272889577,       20.26531178,       18.86181332,         0.7121059525,         -0.7122392567,                     0,      0.4404024243,      0.6827625329,                 0,       288.8029856,       274.7496975,                 0,        15014.3227,        12363.08245,                  0,        0.1811066557,         0.1567634531,                    0,          301416.8332,           301799.3027,                     0,           119.3314486,           -138.0880482,                      0,        119.3314346,         137.9748274,                   0,                90.94619022,                 179.8203796,                           0,            -2.341897795e-07,              -0.001639162759,                          nan,                      0.7621310386,                        1.303283961,                                nan,           300.0059055,            300.3865846,                      0,            17153.55668,             16899.48332,                       0,      0.8942017279,      0.5445170109,                 0,                 0,                 0,       0.440727259,      0.3813427687,      0.9750247167,                 0,       0.608942025
         905,      0.0622148521,      -5.263207212,       -2.91219713,       0.167000756,                        10,      -2.987590304,               6,      -4.538868992,   5.403077847e-08,   2.372520365e-05,       2.272889577,       20.26531178,       18.86181332,         0.7120352524,         -0.7117048037,                     0,      0.4403466771,      0.6824622343,                 0,       288.8083919,        274.761151,                 0,       15015.03899,        12363.01848,                  0,        0.1811119056,         0.1567561911,                    0,          301419.6253,           301789.0043,                     0,           119.3161346,           -137.9892771,                      0,        119.3161236,         137.8769775,                   0,                90.93727103,                 179.7773461,                           0,            -1.843485533e-07,              -0.001626995205,                          nan,                       0.762154085,                        1.303896774,                                nan,           300.0086845,            300.3763344,                      0,             17153.8073,             16894.89026,                       0,      0.8935803186,      0.5434150401,                 0,                 0,                 0,      0.4403934619,      0.3815162357,      0.9737715613,                 0,      0.6081322839
         906,     0.06219234454,      -5.264910145,      -2.909189123,      0.1653843263,                        10,      -2.992057079,               6,      -4.513439595,   5.404092024e-08,   2.372348524e-05,       2.272889577,       20.26531178,       18.86181332,         0.7118955472,         -0.7111278446,                     0,      0.4402353009,      0.6821699741,                 0,       288.8164936,       274.7731074,                 0,        15016.2443,        12362.99532,                  0,        0.1811213635,         0.1567491512,                    0,          301422.3882,           301779.8222,                     0,           119.2864888,           -137.8817391,                      0,        119.2864802,         137.7705451,                   0,                90.91704395,                 179.7449283,                           0,            -1.447707331e-07,              -0.001612237826,                          nan,                      0.7621739177,                        1.304668774,                                nan,           300.0114344,            300.3671953,                      0,            17154.05041,             16890.45559,                       0,      0.8930394386,      0.5422973055,                 0,                 0,                 0,      0.4401083367,      0.3817633141,      0.9725546661,                 0,      0.6072489994
         907,     0.06217278513,      -5.266591951,      -2.906377563,      0.1635814085,                        10,      -2.996117139,               6,      -4.487878703,   5.405169116e-08,   2.372205563e-05,       2.272889577,       20.26531178,       18.86181332,         0.7116864261,         -0.7105160623,                     0,      0.4400679155,      0.6818876662,                 0,       288.8272836,       274.7853586,                 0,       15017.93972,        12363.00554,                  0,         0.181135046,         0.1567423554,                    0,          301425.0969,           301771.6735,                     0,           119.2424362,           -137.7669128,                      0,        119.2424291,         137.6570036,                   0,                90.88538852,                 179.7226738,                           0,            -1.184114417e-07,              -0.001594946602,                          nan,                      0.7621900124,                        1.305583219,                                nan,           300.0141305,            300.3590847,                      0,            17154.28364,             16886.19728,                       0,      0.8925801442,      0.5411743818,                 0,                 0,                 0,      0.4398719155,      0.3820784364,      0.9713830829,                 0,      0.6063034062
         908,     0.06215063113,      -5.268202561,      -2.903689562,      0.1616775269,                        10,      -2.999625184,               6,      -4.462278433,   5.406304442e-08,   2.372092071e-05,       2.272889577,       20.26531178,       18.86181332,         0.7114080007,         -0.7098770875,                     0,      0.4398446839,       0.681616747,                 0,       288.8407364,       274.7976758,                 0,       15020.12232,        12363.04169,                  0,        0.1811529332,         0.1567358378,                    0,          301427.7359,           301764.4164,                     0,           119.1840152,           -137.6462516,                      0,        119.1840088,         137.5378032,                   0,                90.84233141,                 179.7099403,                           0,            -1.077312466e-07,              -0.001575135764,                          nan,                      0.7622023487,                        1.306622152,                                nan,           300.0167571,            300.3518616,                      0,            17154.50574,             16882.12641,                       0,      0.8922013948,      0.5400579074,                 0,                 0,                 0,      0.4396834191,      0.3824537218,      0.9702654394,                 0,      0.6053094184
         909,     0.06212798824,      -5.269745361,      -2.900949244,      0.1597063346,                        10,      -3.002418565,               6,      -4.436955093,   5.407491535e-08,   2.372008339e-05,       2.727467493,       24.31837413,       22.63417598,         0.7110608941,         -0.7092183073,                     0,      0.4395662522,      0.6813581628,                 0,       288.8568022,       274.8098158,                 0,       15022.78473,        12363.09748,                  0,        0.1811749664,         0.1567296564,                    0,          301430.2896,           301757.8575,                     0,           119.1113774,           -137.5211381,                      0,        119.1113706,         137.4143252,                   0,                90.78801164,                 179.7059275,                           0,            -1.146476272e-07,              -0.001552800169,                          nan,                      0.7622111237,                        1.307767056,                                nan,           300.0192989,            300.3453334,                      0,            17154.71542,             16878.24878,                       0,      0.8919015175,      0.5389612673,                 0,                 0,                 0,      0.4395420529,      0.3828797286,      0.9692113691,                 0,      0.6042833841
         910,     0.06210601647,      -5.271259102,      -2.898082643,      0.1576519736,                        10,      -2.652710917,               6,      -4.018940279,   6.490466382e-08,   2.846345416e-05,      0.2727467493,       2.431837413,       2.263417598,         0.7105926922,         -0.7084704293,                     0,      0.4391883238,      0.6810943622,                 0,       288.8798792,       274.8222119,                 0,       15026.68849,        12362.98895,                  0,        0.1812075686,         0.1567212307,                    0,          301435.0938,           301751.0889,                     0,           119.0115387,           -137.3801323,                      0,        119.0115295,         137.2752869,                   0,                90.71643935,                 179.7125373,                           0,            -1.562406824e-07,              -0.001525772143,                          nan,                      0.7622491683,                        1.309139768,                                nan,           300.0240805,            300.3385965,                      0,            17155.33291,             16874.03206,                       0,      0.8916404552,      0.5376743021,                 0,                 0,                 0,      0.4394368185,      0.3834519463,      0.9680294217,                 0,      0.6030169437
         911,       0.062065842,      -5.267920591,      -2.890319602,      0.1628794005,                         4,      -4.599181379,               2,      -4.208077231,    6.49229986e-09,   2.846336564e-06,      0.3272960991,       2.918204896,       2.716101118,         0.7104704346,         -0.7083502562,                     0,      0.4391132173,      0.6810313329,                 0,       288.8773682,       274.8269697,                 0,       15026.23281,        12363.55796,                  0,        0.1812036489,          0.156725751,                    0,          301428.6445,           301751.5376,                     0,           118.9936356,           -137.3523842,                      0,        118.9936265,         137.2478113,                   0,                90.69664053,                 179.7100682,                           0,            -1.526681491e-07,              -0.001522114625,                          nan,                      0.7621974654,                        1.309383854,                                nan,           300.0176615,            300.3390431,                      0,            17154.05001,             16873.87432,                       0,      0.8916230566,      0.5376012576,                 0,                 0,                 0,      0.4394321645,      0.3834823703,      0.9679607734,                 0,      0.6029467875
         912,     0.06202493352,       -5.27468502,      -2.895725438,      0.1505832761,                         4,      -4.196002095,               3,      -5.559567534,   7.790992845e-09,    3.41553911e-06,      0.3927553189,       3.501845875,       3.259321342,         0.7103592422,         -0.7081984662,                     0,      0.4390328286,      0.6809612108,                 0,       288.8768992,       274.8312255,                 0,       15026.20321,        12363.95589,                  0,        0.1812035863,           0.15672838,                    0,          301424.0573,           301750.8717,                     0,           118.9750511,           -137.3198942,                      0,        118.9750429,         137.2157524,                   0,                90.67563934,                 179.7081962,                           0,            -1.377858475e-07,              -0.001516200857,                          nan,                       0.762140001,                        1.309676135,                                nan,           300.0130957,            300.3383803,                      0,            17153.20004,              16873.3657,                       0,      0.8916034099,      0.5375014981,                 0,                 0,                 0,      0.4394257254,      0.3835271951,      0.9678695117,                 0,      0.6028481858
         913,     0.06198892352,      -5.282353307,      -2.900764958,      0.1373615553,                         5,      -4.684157592,               3,      -5.179868866,   9.349521905e-09,   4.098565381e-06,      0.4713063827,        4.20221505,        3.91118561,         0.7102526789,         -0.7080134723,                     0,      0.4389434569,      0.6808836979,                 0,       288.8787376,        274.835171,                 0,       15026.64187,        12364.20832,                  0,         0.181207723,         0.1567293338,                    0,          301421.4206,           301749.2727,                     0,           118.9544843,           -137.2821258,                      0,        118.9544775,         137.1785941,                   0,                 90.6531755,                 179.7073434,                           0,             -1.14267547e-07,              -0.001507737544,                          nan,                      0.7620829195,                        1.310024677,                                nan,           300.0104714,            300.3367888,                      0,            17152.79356,             16872.53476,                       0,      0.8915814751,      0.5373664849,                 0,                 0,                 0,      0.4394172819,      0.3835915629,        0.96774882,                 0,       0.602711586
         914,     0.06195308208,       -5.29067488,      -2.905772439,      0.1235633494,                         5,      -4.241466903,               3,      -4.812954848,   1.121989377e-08,   4.918183438e-06,      0.5655676593,        5.04265806,       4.693422732,         0.7101387375,         -0.7077950555,                     0,      0.4388394238,       0.680799011,                 0,       288.8830098,       274.8389981,                 0,       15027.54986,        12364.35496,                  0,        0.1812159926,         0.1567290091,                    0,          301420.5772,           301746.9614,                     0,           118.9299701,           -137.2386737,                      0,        118.9299649,          137.135937,                   0,                90.62868822,                 179.7080341,                           0,            -8.798276219e-08,              -0.001496637127,                          nan,                      0.7620340955,                        1.310437206,                                nan,           300.0096319,            300.3344883,                      0,            17152.77416,             16871.43754,                       0,      0.8915572964,      0.5371877927,                 0,                 0,                 0,      0.4394069192,      0.3836806148,      0.9675920231,                 0,      0.6025275042
         915,     0.06191839356,      -5.298858568,      -2.910781942,      0.1103970661,                         6,      -4.495943161,               3,      -4.459633543,   1.346453257e-08,   5.901723206e-06,      0.6786811911,       6.051189672,       5.632107279,         0.7100012645,         -0.7075431927,                     0,      0.4387133696,      0.6807077836,                 0,       288.8896895,       274.8428026,                 0,       15028.89136,        12364.43295,                  0,        0.1812279793,          0.156727825,                    0,          301421.1251,           301744.0855,                     0,           118.8990794,            -137.189184,                      0,        118.8990755,         137.0874146,                   0,                90.60121534,                 179.7108581,                           0,            -6.613845516e-08,              -0.001483086253,                          nan,                       0.762001008,                        1.310921639,                                nan,           300.0101772,            300.3316259,                      0,             17153.0263,             16870.13323,                       0,      0.8915312041,      0.5369580934,                 0,                 0,                 0,      0.4393952486,      0.3837990542,      0.9673934918,                 0,      0.6022874925
         916,     0.06188311243,      -5.305983831,      -2.915669919,     0.09936974206,                         6,      -4.040892155,               3,      -4.120691136,    1.61583708e-08,   7.081993368e-06,      0.8144174294,       7.261427607,       6.758528734,         0.7098231196,         -0.7072569383,                     0,       0.438556997,      0.6806107216,                 0,       288.8986686,       274.8465698,                 0,       15030.61742,        12364.46549,                  0,        0.1812431598,         0.1567260867,                    0,          301422.5299,           301740.6786,                     0,           118.8592891,           -137.1332622,                      0,        118.8592858,         137.0325993,                   0,                90.56935554,                 179.7163874,                           0,            -5.541142323e-08,              -0.001467564238,                          nan,                       0.761988051,                        1.311486378,                                nan,           300.0115755,            300.3282349,                      0,            17153.41004,             16868.66344,                       0,      0.8915041629,      0.5366717173,                 0,                 0,                 0,      0.4393837141,      0.3839510843,      0.9671493005,                 0,      0.6019845331
         917,     0.06185179804,      -5.311594148,       -2.92032451,     0.09129634747,                         7,      -4.151669071,               4,      -4.860253753,   1.939136326e-08,   8.498379437e-06,      0.9773009152,       8.713713128,       8.110234481,         0.7095898364,         -0.7069345733,                     0,      0.4383620112,      0.6805082877,                 0,       288.9098728,       274.8502553,                 0,       15032.69945,        12364.46506,                  0,        0.1812612357,         0.1567239793,                    0,          301424.2933,           301736.7259,                     0,           118.8083779,           -137.0704974,                      0,        118.8083743,         136.9710332,                   0,                90.53132683,                 179.7250671,                           0,            -6.080230319e-08,              -0.001450758315,                          nan,                      0.7619944921,                        1.312139238,                                nan,           300.0133307,            300.3243007,                      0,            17153.80886,             16867.05207,                       0,      0.8914786325,      0.5363247446,                 0,                 0,                 0,      0.4393751276,      0.3841410369,      0.9668578218,                 0,      0.6016125626
         918,      0.0618223877,      -5.315734928,      -2.924417008,      0.0860379888,                         8,      -4.199032978,               4,      -4.457987289,   2.327151099e-08,   1.019815587e-05,       1.172761098,       10.45645575,       9.732281377,         0.7092916913,         -0.7065752604,                     0,       0.438120785,      0.6804006244,                 0,       288.9233887,       274.8538819,                 0,       15035.15464,         12364.4454,                  0,        0.1812823589,         0.1567216627,                    0,            301426.12,           301732.2661,                     0,           118.7446245,           -137.0006693,                      0,        118.7446195,         136.9024524,                   0,                90.48513448,                 179.7370869,                           0,            -8.479472369e-08,              -0.001433302269,                          nan,                      0.7620146063,                        1.312884348,                                nan,           300.0151488,            300.3198618,                      0,             17154.1654,             16865.32048,                       0,      0.8914592727,      0.5359147691,                 0,                 0,                 0,      0.4393741519,      0.3843740771,      0.9665199654,                 0,      0.6011657352
         919,     0.06179653978,      -5.318168662,      -2.926892144,      0.0836090078,                         9,      -4.166513207,               4,      -4.076409517,   2.792849985e-08,   1.223805392e-05,       1.407313318,        12.5477469,       11.67873765,         0.7089229767,         -0.7061803341,                     0,      0.4378265424,       0.680287698,                 0,       288.9394976,       274.8574766,                 0,       15038.04429,        12364.41991,                  0,        0.1813070912,         0.1567192862,                    0,          301427.9622,           301727.3331,                     0,           118.6667136,           -136.9239336,                      0,        118.6667061,         136.8270005,                   0,                90.42881165,                 179.7522902,                           0,            -1.268292973e-07,                -0.0014153672,                          nan,                      0.7620402944,                        1.313719438,                                nan,           300.0169823,            300.3149519,                      0,            17154.48151,             16863.48721,                       0,      0.8914537464,      0.5354411643,                 0,                 0,                 0,      0.4393877322,        0.38465668,      0.9661398764,                 0,      0.6006381896
         920,     0.06177410239,      -5.317622667,      -2.926095755,     0.08544334301,                        10,       -4.06344399,               5,       -4.52290019,   3.351807664e-08,   1.468614232e-05,       1.688775982,       15.05729629,       14.01448518,         0.7084788875,         -0.7057519992,                     0,      0.4374729922,      0.6801693037,                 0,       288.9586537,       274.8608482,                 0,       15041.45392,        12364.37932,                  0,        0.1813361771,          0.156716833,                    0,          301429.9787,           301721.7079,                     0,           118.5733643,           -136.8406551,                      0,        118.5733533,         136.7450885,                   0,                90.36069077,                 179.7702257,                           0,            -1.848961991e-07,              -0.001396270213,                          nan,                      0.7620657446,                        1.314637532,                                nan,           300.0189894,             300.309353,                      0,            17154.79175,             16861.53658,                       0,      0.8914743781,      0.5349072963,                 0,                 0,                 0,      0.4394258332,      0.3849966099,      0.9657277011,                 0,      0.6000254291
         921,     0.06175960889,       -5.31241317,      -2.921114746,     0.09366638623,                        10,      -3.600908028,               5,      -4.110646528,   4.022730619e-08,   1.762409727e-05,       2.026531178,       18.06875554,       16.81738222,         0.7079514597,         -0.7052899959,                     0,      0.4370531339,      0.6800449207,                 0,       288.9815029,       274.8634691,                 0,       15045.48296,        12364.27992,                  0,        0.1813704083,          0.156714041,                    0,          301432.4939,           301714.7714,                     0,           118.4627411,           -136.7508158,                      0,        118.4627258,         136.6568094,                   0,                90.27951186,                 179.7905066,                           0,            -2.592546527e-07,              -0.001374384063,                          nan,                      0.7620921372,                        1.315635184,                                nan,           300.0214929,             300.302449,                      0,            17155.13968,             16859.39889,                       0,      0.8915425298,      0.5343264306,                 0,                 0,                 0,       0.439503651,      0.3854028206,      0.9653069371,                 0,      0.5993280328
         922,     0.06174360433,      -5.302728842,      -2.912855679,      0.1078359416,                        10,      -3.192082154,               6,      -4.546855189,   4.828087669e-08,   2.114995965e-05,       2.431837413,       21.68250665,       20.18085866,         0.7073263895,          -0.704789804,                     0,      0.4365570562,      0.6799140188,                 0,       289.0089089,       274.8646722,                 0,       15050.25309,        12364.07789,                  0,        0.1814107065,         0.1567107304,                    0,          301435.9146,           301705.7406,                     0,           118.3318702,           -136.6534371,                      0,        118.3318492,         136.5613285,                   0,                90.18396168,                  179.813472,                           0,            -3.558772903e-07,              -0.001347607638,                          nan,                      0.7621275449,                        1.316723219,                                nan,           300.0248975,            300.2934605,                      0,            17155.56512,             16857.00175,                       0,      0.8916989413,      0.5337321966,                 0,                 0,                 0,      0.4396473007,      0.3858873407,      0.9649290232,                 0,      0.5985564991
         923,     0.06172263052,      -5.291642681,      -2.903290029,      0.1236031619,                        10,      -2.830390166,               6,      -4.114746447,   5.794864988e-08,   2.538148687e-05,      0.2431837413,       2.168250665,       2.018085866,         0.7065836472,         -0.7042446977,                     0,      0.4359703927,      0.6797768891,                 0,       289.0417423,       274.8639647,                 0,       15055.89771,        12363.78813,                  0,        0.1814581292,         0.1567073743,                    0,           301440.432,           301694.0826,                     0,           118.1767421,            -136.546609,                      0,         118.176713,         136.4568409,                   0,                 90.0715781,                 179.8405971,                           0,             -4.91692639e-07,              -0.001314401593,                          nan,                      0.7621770464,                         1.31793024,                                nan,           300.0293938,             300.281857,                      0,            17156.07681,             16854.36563,                       0,      0.8920197542,      0.5331917831,                 0,                 0,                 0,      0.4399031017,      0.3864700232,      0.9646935475,                 0,      0.5977353983
         924,     0.06168352573,      -5.282160029,      -2.894034454,      0.1369581385,                         4,      -4.840165912,               2,      -4.269666289,   5.796224354e-09,   2.538348953e-06,      0.2918204896,       2.601900798,        2.42170304,         0.7064004365,         -0.7041598972,                     0,      0.4358639004,      0.6797424097,                 0,       289.0393874,       274.8649962,                 0,       15055.39725,        12364.10639,                  0,        0.1814535764,         0.1567108265,                    0,          301432.5836,           301692.5787,                     0,           118.1490606,           -136.5265352,                      0,        118.1490321,         136.4371156,                   0,                90.04702528,                 179.8423833,                           0,            -4.822155995e-07,              -0.001309494011,                          nan,                       0.762147803,                        1.318133871,                                nan,           300.0215821,            300.2803601,                      0,             17154.4325,             16854.27891,                       0,      0.8920391684,      0.5331548598,                 0,                 0,                 0,      0.4399185629,      0.3865078417,      0.9646759408,                 0,      0.5976809973
         925,     0.06164445626,       -5.28661324,      -2.899452794,      0.1286392938,                         4,      -4.425432244,               2,      -4.000421557,   6.955658405e-09,   3.046016811e-06,      0.3501845875,       3.122280958,       2.906043648,         0.7062292542,         -0.7040516463,                     0,      0.4357495171,      0.6797031123,                 0,       289.0394542,       274.8653846,                 0,       15055.40499,        12364.31405,                  0,        0.1814536282,         0.1567132347,                    0,          301426.8624,           301689.9803,                     0,           118.1203895,           -136.5025744,                      0,        118.1203632,         136.4136483,                   0,                90.02036213,                 179.8449679,                           0,            -4.462866585e-07,              -0.001302496541,                          nan,                      0.7621070551,                        1.318379576,                                nan,           300.0158877,             300.277774,                      0,            17153.28795,             16853.95894,                       0,      0.8920664674,      0.5331100648,                 0,                 0,                 0,      0.4399395576,      0.3865567026,      0.9646568504,                 0,      0.5976124922
         926,     0.06160484628,      -5.292048254,      -2.904913045,      0.1193010993,                         4,      -4.028848384,               3,       -5.29432789,   8.347055097e-09,   3.655224403e-06,       0.420221505,       3.746737149,       3.487252377,         0.7060654614,         -0.7039176357,                     0,      0.4356238553,      0.6796582832,                 0,       289.0422716,       274.8652008,                 0,       15055.98266,        12364.42465,                  0,        0.1814588219,         0.1567147305,                    0,          301423.4403,           301686.3058,                     0,           118.0896063,           -136.4741216,                      0,        118.0895832,         136.3858579,                   0,                89.99129477,                 179.8485881,                           0,            -3.916322292e-07,              -0.001293067264,                          nan,                      0.7620595513,                        1.318674758,                                nan,           300.0124816,            300.2741166,                      0,            17152.67932,             16853.41164,                       0,      0.8921053342,        0.53305597,                 0,                 0,                 0,      0.4399686104,       0.386620401,      0.9646373723,                 0,      0.5975258185
         927,     0.06156850614,      -5.298670774,      -2.910813437,      0.1086809931,                         5,      -4.502627176,               3,      -4.920444457,   1.001683549e-08,   4.386289811e-06,       0.504265806,       4.496084579,       4.184702853,         0.7058979724,         -0.7037565174,                     0,      0.4354814894,      0.6796074056,                 0,         289.04799,       274.8645508,                 0,       15057.14068,        12364.46617,                  0,        0.1814691886,         0.1567156095,                    0,          301422.1999,           301681.6273,                     0,            118.054841,           -136.4406323,                      0,        118.0548214,         136.3532134,                   0,                89.95928801,                 179.8535278,                           0,            -3.312675385e-07,              -0.001281010092,                          nan,                      0.7620128253,                         1.31902669,                                nan,            300.011247,              300.26946,                      0,            17152.56381,             16852.66604,                       0,      0.8921606519,      0.5329917874,                 0,                 0,                 0,      0.4400090698,      0.3867032987,      0.9646198386,                 0,      0.5974168287
         928,     0.06153167169,      -5.306060169,      -2.917193989,     0.09743568592,                         5,      -4.072318706,               3,      -4.559860339,   1.202071483e-08,   5.263604218e-06,      0.6051189672,       5.395301495,       5.021643423,         0.7057100797,         -0.7035676427,                     0,      0.4353151708,      0.6795502564,                 0,       289.0565468,       274.8635319,                 0,       15058.83488,         12364.4735,                  0,        0.1814842347,         0.1567162611,                    0,          301422.7101,           301676.0302,                     0,           118.0136262,           -136.4016434,                      0,        118.0136096,         136.3152498,                   0,                89.92347481,                 179.8601128,                           0,             -2.80176418e-07,              -0.001266351607,                          nan,                      0.7619754627,                        1.319442345,                                nan,           300.0117549,            300.2638891,                      0,             17152.8181,             16851.76542,                       0,       0.892238558,      0.5329178496,                 0,                 0,                 0,      0.4400651317,      0.3868100763,      0.9646082332,                 0,      0.5972817974
         929,     0.06149886301,      -5.313244145,      -2.923874022,     0.08704763213,                         6,      -4.307525103,               3,      -4.213264096,   1.442556489e-08,    6.31645175e-06,      0.7261427607,       6.474361794,       6.025972108,         0.7054827777,         -0.7033508605,                     0,      0.4351167449,      0.6794869748,                 0,       289.0676849,       274.8622107,                 0,       15060.98353,        12364.48076,                  0,        0.1815031358,         0.1567170831,                    0,          301424.2919,           301669.5953,                     0,            117.963326,           -136.3568172,                      0,        117.9633112,         136.2716079,                   0,                89.88261693,                 179.8686885,                           0,            -2.513656893e-07,              -0.001249409536,                          nan,                      0.7619540009,                        1.319927837,                                nan,           300.0133292,            300.2574844,                      0,            17153.26714,             16850.75799,                       0,      0.8923467234,      0.5328363014,                 0,                 0,                 0,      0.4401419761,      0.3869455363,      0.9646089108,                 0,      0.5971180119
         930,     0.06146961686,      -5.319235232,      -2.930695459,     0.07897240555,                         7,       -4.43044494,               4,      -4.996028294,   1.731165056e-08,   7.579992194e-06,      0.8713713128,       7.769234153,       7.231166529,          0.705199628,          -0.703107161,                     0,       0.434878514,      0.6794182277,                 0,       289.0810787,       274.8606474,                 0,       15063.50501,        12364.51924,                  0,        0.1815251117,         0.1567184399,                    0,          301426.2187,           301662.4384,                     0,            117.901706,           -136.3061048,                      0,        117.9016911,          136.222196,                   0,                89.83517738,                 179.8795721,                           0,            -2.527420984e-07,              -0.001230803063,                          nan,                      0.7619498627,                         1.32048651,                                nan,            300.015247,            300.2503609,                      0,            17153.74074,             16849.69648,                       0,      0.8924950546,      0.5327519399,                 0,                 0,                 0,      0.4402461786,      0.3871146519,      0.9646316904,                 0,      0.5969242486
         931,     0.06144890901,      -5.323664594,      -2.937377062,     0.07357987025,                         8,      -4.478702175,               4,      -4.582425224,   2.077531655e-08,   9.096435682e-06,       1.045645575,       9.323080984,       8.677399835,         0.7048509472,         -0.7028401912,                     0,      0.4345945852,      0.6793455559,                 0,       289.0964791,       274.8589027,                 0,       15066.35443,        12364.61733,                  0,        0.1815497772,          0.156720658,                    0,           301427.936,           301654.7456,                     0,           117.8274048,           -136.2500306,                      0,        117.8273881,         136.1674827,                   0,                89.77952044,                 179.8929835,                           0,            -2.846518744e-07,               -0.00121134506,                          nan,                      0.7619579957,                        1.321115585,                                nan,           300.0169563,            300.2427042,                      0,            17154.12894,              16848.6436,                       0,      0.8926973448,      0.5326735082,                 0,                 0,                 0,      0.4403866938,      0.3873230971,      0.9646918856,                 0,       0.596701123
         932,     0.06142424405,      -5.326836952,      -2.942930827,     0.07006455375,                         9,      -4.444681689,               4,      -4.190001716,   2.493221581e-08,   1.091644569e-05,        1.25477469,       11.18769718,        10.4128798,         0.7044349701,         -0.7025570955,                     0,      0.4342616971,      0.6792716342,                 0,       289.1138002,       274.8569202,                 0,       15069.53494,        12364.78896,                  0,         0.181577223,         0.1567239443,                    0,          301429.1937,           301646.6648,                     0,           117.7400757,           -136.1898935,                      0,        117.7400558,          136.108716,                   0,                89.71422766,                 179.9089516,                           0,            -3.385416794e-07,                -0.0011917678,                          nan,                      0.7619686184,                        1.321803312,                                nan,           300.0182081,            300.2346612,                      0,            17154.40316,             16847.66003,                       0,      0.8929737116,      0.5326153858,                 0,                 0,                 0,      0.4405763397,      0.3875781611,      0.9648131258,                 0,      0.5964513612
         933,      0.0614036166,      -5.328801301,      -2.945729373,     0.06800332461,                        10,      -4.339193628,               5,      -4.663256942,   2.992118876e-08,   1.310081832e-05,       1.505729629,       13.42523662,       12.49545576,         0.7039553918,         -0.7022662608,                     0,      0.4338793309,      0.6791998715,                 0,       289.1331053,       274.8542671,                 0,       15073.07643,        12365.00378,                  0,        0.1816077687,         0.1567281551,                    0,          301430.0364,           301637.9888,                     0,           117.6401373,           -136.1274824,                      0,        117.6401137,          136.047665,                   0,                89.63848129,                 179.9272563,                           0,            -4.003986133e-07,              -0.001172341332,                          nan,                      0.7619720727,                        1.322531013,                                nan,           300.0190469,            300.2260258,                      0,            17154.59302,             16846.75718,                       0,      0.8933525621,       0.532599692,                 0,                 0,                 0,      0.4408332487,      0.3878890369,      0.9650302208,                 0,      0.5961808524
         934,     0.06138197893,      -5.328201212,      -2.945007226,     0.06928096091,                        10,      -3.840689536,               5,      -4.236335226,   3.590892271e-08,   1.572250139e-05,       1.806875554,       16.11028394,       14.99454692,          0.703416723,          -0.701971984,                     0,      0.4334489551,      0.6791330619,                 0,       289.1545784,       274.8500022,                 0,        15077.0085,        12365.16878,                  0,        0.1816416541,         0.1567326402,                    0,          301430.7354,           301627.9035,                     0,           117.5281984,           -136.0641379,                      0,        117.5281714,         135.9857045,                   0,                89.55238085,                 179.9475517,                           0,            -4.606934525e-07,              -0.001152555182,                          nan,                      0.7619652362,                        1.323282858,                                nan,           300.0197425,            300.2159877,                      0,             17154.7478,             16845.85058,                       0,      0.8938703692,       0.532659769,                 0,                 0,                 0,      0.4411815583,      0.3882645327,      0.9653917957,                 0,      0.5959027029
         935,     0.06136099669,      -5.323286435,      -2.942086969,     0.07664048905,                        10,       -3.39570966,               6,      -4.699239622,   4.309554122e-08,   1.886903546e-05,       2.168250665,       19.33234073,        17.9934563,         0.7028196981,         -0.7016707879,                     0,      0.4329720574,       0.679072149,                 0,       289.1785551,       274.8430065,                 0,       15081.35824,        12365.17114,                  0,        0.1816789928,         0.1567366001,                    0,          301431.7214,           301615.2513,                     0,           117.4043219,           -135.9997202,                      0,        117.4042912,         135.9227866,                   0,                89.45681544,                 179.9698385,                           0,            -5.227747392e-07,              -0.001131057526,                          nan,                      0.7619552446,                        1.324059364,                                nan,            300.020724,            300.2033948,                      0,            17154.91419,             16844.79831,                       0,      0.8945682797,      0.5328475839,                 0,                 0,                 0,      0.4416507152,      0.3887058883,       0.965964123,                 0,       0.595647751
         936,     0.06134038036,      -5.315028799,      -2.939157584,     0.08892362951,                        10,      -3.004038216,               6,      -4.254413948,   5.172129398e-08,   2.264551702e-05,       2.601900798,       23.19880887,       21.59214756,         0.7021595781,         -0.7013546168,                     0,      0.4324476429,      0.6790169012,                 0,       289.2054375,       274.8326059,                 0,        15086.1563,        12364.97368,                  0,        0.1817198999,         0.1567399457,                    0,          301433.3704,           301599.2652,                     0,           117.2676589,            -135.932525,                      0,        117.2676236,         135.8573322,                   0,                89.35250042,                 179.9951176,                           0,            -6.023452666e-07,              -0.001106019292,                          nan,                       0.761953706,                        1.324883351,                                nan,           300.0223652,            300.1874834,                      0,            17155.11814,               16843.542,                       0,       0.895489758,      0.5332458663,                 0,                 0,                 0,      0.4422738682,      0.3891975454,      0.9668393514,                 0,      0.5954795815
         937,     0.06131973731,      -5.306551783,      -2.937485514,      0.1018804428,                        10,      -2.656787142,               7,       -4.59667095,   6.207454302e-08,   2.717818417e-05,      0.2601900798,       2.319880887,       2.159214756,         0.7014307241,         -0.7010191113,                     0,      0.4318724188,      0.6789682354,                 0,        289.235265,       274.8187757,                 0,       15091.40152,        12364.66697,                  0,        0.1817643339,         0.1567438438,                    0,          301435.5655,           301579.9775,                     0,           117.1173145,           -135.8605197,                      0,        117.1172722,         135.7874074,                   0,                89.23876495,                 180.0254456,                           0,            -7.222447818e-07,              -0.001075995447,                          nan,                      0.7619607533,                         1.32578896,                                nan,           300.0245501,             300.168286,                      0,            17155.32656,             16842.21605,                       0,      0.8966884415,      0.5339749448,                 0,                 0,                 0,      0.4430877368,      0.3897092533,      0.9681457022,                 0,      0.5954966296
         938,     0.06128117551,      -5.298632812,      -2.936923797,       0.114602704,                         4,      -4.599275331,               2,      -4.070754972,   6.208440998e-09,   2.718224472e-06,      0.3122280958,       2.783857065,       2.591057707,         0.7012496348,         -0.7009602019,                     0,      0.4317697344,      0.6789481859,                 0,       289.2332582,       274.8173166,                 0,       15090.94633,        12364.81312,                  0,        0.1817601132,         0.1567465313,                    0,          301428.3194,           301576.8315,                     0,           117.0897913,           -135.8461515,                      0,        117.0897503,         135.7733929,                   0,                89.21628232,                 180.0276324,                           0,             -7.01249238e-07,              -0.001070905126,                          nan,                      0.7619478399,                        1.325941914,                                nan,           300.0173379,            300.1651547,                      0,             17153.7825,             16842.10631,                       0,      0.8967598682,       0.534007734,                 0,                 0,                 0,      0.4431341041,      0.3897462014,      0.9682150689,                 0,      0.5954857626
         939,     0.06124316021,      -5.304150522,      -2.943056685,       0.105557095,                         4,      -4.201549688,               3,       -5.42712162,   7.450277364e-09,   3.261942162e-06,      0.3746737149,       3.340628478,       3.109269248,          0.701083498,         -0.7008840104,                     0,      0.4316609658,      0.6789252415,                 0,       289.2335617,       274.8149519,                 0,       15090.98999,        12364.87501,                  0,        0.1817604487,         0.1567486598,                    0,          301423.1769,           301572.4528,                     0,           117.0618265,           -135.8287099,                      0,        117.0617884,         135.7564264,                   0,                89.19192822,                 180.0306318,                           0,            -6.516680917e-07,              -0.001064049492,                          nan,                      0.7619217977,                        1.326129721,                                nan,           300.0122194,            300.1607966,                      0,             17152.7449,             16841.82949,                       0,      0.8968552645,      0.5340601766,                 0,                 0,                 0,       0.443196749,       0.389790307,      0.9683145946,                 0,      0.5954808962
         940,     0.06120748077,      -5.310755622,      -2.949234535,     0.09551618709,                         5,      -4.700294929,               3,      -5.046956703,   8.940536719e-09,   3.914438231e-06,      0.4496084579,       4.008754173,       3.731123098,         0.7009279784,         -0.7007892723,                     0,      0.4315434224,      0.6788990417,                 0,       289.2363758,       274.8117139,                 0,       15091.56959,        12364.87244,                  0,        0.1817656613,         0.1567504631,                    0,          301420.2117,           301566.8455,                     0,           117.0324926,           -135.8077197,                      0,        117.0324585,         135.7360485,                   0,                89.16548882,                 180.0346986,                           0,            -5.830750226e-07,              -0.001055202561,                          nan,                      0.7618868301,                        1.326358772,                                nan,           300.0092681,            300.1552155,                      0,              17152.229,             16841.40584,                       0,      0.8969841986,      0.5341424046,                 0,                 0,                 0,      0.4432824519,      0.3898430415,      0.9684581375,                 0,      0.5954869723
         941,      0.0611718776,      -5.318155897,      -2.955945186,     0.08485012042,                         5,      -4.263538961,               3,      -4.679618264,   1.072892235e-08,   4.697485844e-06,      0.5395301495,       4.810505008,       4.477347718,         0.7007728392,         -0.7006757779,                     0,      0.4314128317,      0.6788695002,                 0,       289.2416908,       274.8076767,                 0,        15092.6642,        12364.83767,                  0,        0.1817755049,          0.156752309,                    0,          301419.1997,           301560.0808,                     0,           117.0002432,             -135.78281,                      0,        117.0002133,         135.7118946,                   0,                89.13658446,                 180.0401376,                           0,            -5.099122742e-07,              -0.001044269287,                          nan,                      0.7618497602,                        1.326634914,                                nan,           300.0082609,            300.1484825,                      0,            17152.16834,             16840.87699,                       0,        0.89715818,      0.5342657919,                 0,                 0,                 0,      0.4433991691,      0.3899066678,      0.9686617195,                 0,      0.5955090237
         942,     0.06114044274,      -5.325439928,      -2.963208391,      0.0748235366,                         6,      -4.530906587,               3,      -4.325999974,   1.287508339e-08,   5.637221547e-06,      0.6474361794,       5.772606009,       5.372817261,         0.7006034937,         -0.7005443623,                     0,      0.4312638629,      0.6788369426,                 0,       289.2492493,       274.8029262,                 0,       15094.19462,         12364.8083,                  0,        0.1817891869,          0.156754628,                    0,          301419.6061,           301552.2748,                     0,           116.9631575,           -135.7537789,                      0,        116.9631313,         135.6837577,                   0,                89.10462724,                 180.0472924,                           0,            -4.473007722e-07,              -0.001031324357,                          nan,                      0.7618180725,                        1.326962751,                                nan,           300.0086654,             300.140713,                      0,             17152.4197,             16840.29837,                       0,      0.8973898554,      0.5344420899,                 0,                 0,                 0,      0.4435553856,      0.3899841249,      0.9689423525,                 0,        0.59555174
         943,      0.0611088607,      -5.331523875,      -2.970772633,     0.06694764267,                         6,       -4.07710845,               4,      -5.158698903,   1.545060515e-08,   6.765021022e-06,      0.7769234153,       6.927127211,       6.447380713,         0.7004049358,         -0.7003971846,                     0,      0.4310913094,      0.6788022654,                 0,       289.2585991,       274.7975488,                 0,       15096.04628,        12364.82082,                  0,        0.1818056109,         0.1567578354,                    0,          301420.6995,           301543.5883,                     0,           116.9194402,           -135.7207167,                      0,        116.9194165,         135.6517105,                   0,                89.06885272,                 180.0565099,                           0,            -4.061849697e-07,              -0.001016627136,                          nan,                      0.7617969316,                        1.327344191,                                nan,           300.0097536,            300.1320672,                      0,            17152.80099,             16839.73279,                       0,      0.8976919823,       0.534683237,                 0,                 0,                 0,      0.4437594116,      0.3900783265,       0.969317264,                 0,      0.5956199314
         944,     0.06107954106,      -5.335904813,      -2.978449705,     0.06181781908,                         7,       -4.19193578,               4,      -4.734751337,   1.854139782e-08,   8.118548575e-06,      0.9323080984,       8.312552654,       7.736856856,         0.7001667827,         -0.7002386831,                     0,      0.4308916238,       0.678767222,                 0,       289.2692176,       274.7916286,                 0,       15098.10803,        12364.90689,                  0,        0.1818237664,         0.1567622856,                    0,           301421.759,           301534.2467,                     0,            116.868012,           -135.6842279,                      0,        116.8679893,         135.6163284,                   0,                 89.0284616,                 180.0680878,                           0,             -3.89632859e-07,              -0.001000595033,                          nan,                      0.7617865437,                        1.327775865,                                nan,           300.0108082,            300.1227693,                      0,            17153.15071,             16839.24967,                       0,      0.8980769903,      0.5350025323,                 0,                 0,                 0,      0.4440191119,      0.3901911008,      0.9698045653,                 0,      0.5957201199
         945,     0.06105473288,      -5.338970602,      -2.985979454,     0.05863832507,                         8,      -4.232600893,               4,      -4.332081226,   2.225056343e-08,   9.743013688e-06,       1.118769718,       9.975063184,       9.284228227,         0.6998868116,         -0.7000767174,                     0,      0.4306641705,      0.6787347776,                 0,       289.2806733,       274.7851879,                 0,       15100.30662,        12365.08703,                  0,        0.1818430422,         0.1567682257,                    0,          301422.3048,            301524.502,                     0,           116.8088974,           -135.6456813,                      0,        116.8088745,         135.5789466,                   0,                88.98288236,                 180.0822008,                           0,            -3.915124654e-07,             -0.0009837136443,                          nan,                      0.7617818655,                        1.328246053,                                nan,           300.0113514,            300.1130702,                      0,            17153.37957,             16838.92208,                       0,      0.8985581618,      0.5354169375,                 0,                 0,                 0,      0.4443424916,      0.3903227353,       0.970425798,                 0,       0.595862305
         946,     0.06103226378,      -5.341260807,        -2.9925105,     0.05639983603,                         9,      -4.203342316,               5,      -4.839537382,   2.670183727e-08,   1.169267631e-05,       1.342523662,       11.97007582,       11.14107387,         0.6995708169,         -0.6999219308,                     0,      0.4304116231,      0.6787091239,                 0,       289.2927115,        274.777996,                 0,       15102.61308,        12365.35129,                  0,        0.1818632493,         0.1567756574,                    0,           301422.207,           301514.4246,                     0,           116.7431865,           -135.6071896,                      0,        116.7431632,         135.5416486,                   0,                 88.9320809,                 180.0988303,                           0,            -3.990863944e-07,             -0.0009663968928,                          nan,                      0.7617754945,                        1.328734247,                                nan,           300.0112541,              300.10304,                      0,            17153.48162,             16838.80048,                       0,       0.899153118,      0.5359496425,                 0,                 0,                 0,      0.4447393549,      0.3904731941,      0.9712100872,                 0,      0.5960604837
         947,     0.06101195148,      -5.342295233,      -2.996907937,     0.05571266808,                        10,      -4.109481137,               5,      -4.396388127,   3.204371859e-08,   1.403265362e-05,       1.611028394,       14.36409099,       13.36928865,         0.6992289441,         -0.6997834685,                     0,      0.4301393791,      0.6786946738,                 0,       289.3052329,       274.7693439,                 0,       15105.01935,        12365.63248,                  0,        0.1818843528,         0.1567841278,                    0,           301421.634,           301503.5789,                     0,           116.6725963,            -135.570946,                      0,         116.672573,         135.5066117,                   0,                88.87679837,                 180.1177439,                           0,            -4.005989411e-07,             -0.0009488620208,                          nan,                      0.7617625642,                        1.329217384,                                nan,           300.0106837,             300.092245,                      0,            17153.50179,             16838.86093,                       0,      0.8998881301,      0.5366315011,                 0,                 0,                 0,      0.4452234384,      0.3906446783,      0.9721978965,                 0,      0.5963313474
         948,     0.06099152034,      -5.340568379,      -2.999096524,     0.05886373234,                        10,        -3.6419289,               6,       -4.88843732,   3.845396851e-08,   1.684109067e-05,       1.933234073,       17.23690918,       16.04314638,         0.6988711749,         -0.6996625802,                     0,      0.4298543196,      0.6786939635,                 0,       289.3182009,       274.7581244,                 0,       15107.50766,        12365.81037,                  0,        0.1819061616,         0.1567927384,                    0,          301420.8931,           301490.9487,                     0,           116.5989174,           -135.5379716,                      0,        116.5988944,         135.4748579,                   0,                88.81853957,                 180.1386292,                           0,            -3.935888669e-07,             -0.0009310891677,                          nan,                      0.7617442688,                        1.329683101,                                nan,           300.0099463,             300.079674,                      0,            17153.48868,             16838.97863,                       0,      0.9007995112,      0.5375011932,                 0,                 0,                 0,      0.4458135544,      0.3908426345,      0.9734419998,                 0,      0.5966934779
         949,     0.06097210189,      -5.335292535,      -3.000439179,     0.06721825362,                        10,      -3.226547887,               6,      -4.428305934,   4.614611017e-08,   2.021176978e-05,       2.319880887,       20.68429102,       19.25177565,         0.6985052828,         -0.6995500298,                     0,      0.4295635835,      0.6787059422,                 0,       289.3315064,         274.74345,                 0,       15110.03233,         12365.7824,                  0,        0.1819281937,         0.1568006912,                    0,          301420.2284,           301475.4842,                     0,           116.5237582,           -135.5071456,                      0,        116.5237357,         135.4452818,                   0,                88.75916295,                 180.1614464,                           0,            -3.855940521e-07,             -0.0009128631528,                          nan,                       0.761726033,                        1.330141915,                                nan,           300.0092848,            300.0642819,                      0,            17153.46162,             16838.99837,                       0,      0.9019287179,      0.5386068088,                 0,                 0,                 0,      0.4465319257,      0.3910708983,      0.9750057739,                 0,      0.5971722577
         950,     0.06095200095,      -5.327373825,       -3.00250773,     0.07971218908,                        10,      -2.860094302,               6,      -4.003780611,   5.537694516e-08,   2.425725001e-05,      0.2319880887,       2.068429102,       1.925177565,         0.6981392358,         -0.6994321055,                     0,      0.4292745849,      0.6787268219,                 0,       289.3447537,       274.7253875,                 0,       15112.50596,        12365.56004,                  0,        0.1819496461,         0.1568080933,                    0,          301419.5984,           301456.9737,                     0,           116.4489639,           -135.4756873,                      0,        116.4489414,          135.415123,                   0,                88.70025223,                 180.1867846,                           0,            -3.863460725e-07,             -0.0008938992397,                          nan,                       0.761709391,                         1.33062527,                                nan,           300.0086577,             300.045858,                      0,            17153.39526,             16838.87958,                       0,      0.9033095693,       0.540004952,                 0,                 0,                 0,      0.4473970117,      0.3913220704,      0.9769547397,                 0,      0.5978071863
         951,     0.06228215242,      -5.317657477,      -3.005650407,     0.09529555895,                         4,      -4.796327853,               2,      -4.179877078,   5.537825917e-09,   2.426053116e-06,      0.2783857065,       2.482114922,       2.310213078,         0.6980543049,         -0.6994073092,                     0,      0.4292284177,      0.6787209747,                 0,       289.3442811,       274.7229579,                 0,       15112.36593,         12365.5556,                  0,        0.1819482575,         0.1568094217,                    0,          301416.8013,           301453.8487,                     0,           116.4356827,           -135.4694174,                      0,        116.4356613,         135.4090427,                   0,                88.69151125,                  180.188083,                           0,            -3.670505327e-07,             -0.0008911415999,                          nan,                      0.7617211965,                        1.330694608,                                nan,           300.0058737,            300.0427477,                      0,            17152.77729,             16838.77805,                       0,       0.903391188,      0.5400722485,                 0,                 0,                 0,      0.4474452273,       0.391346215,      0.9770577323,                 0,      0.5978276694
         952,      0.0622436745,       -5.32143876,      -3.009774693,     0.08915974346,                         4,      -4.395327767,               3,      -5.604918938,   6.645387306e-09,   2.911345228e-06,      0.3340628478,       2.978537907,       2.772255694,         0.6979743211,         -0.6993756466,                     0,      0.4291792247,      0.6787144242,                 0,       289.3446985,       274.7198259,                 0,       15112.41877,        12365.51913,                  0,        0.1819486312,         0.1568107405,                    0,          301414.7806,            301449.889,                     0,           116.4220981,           -135.4617255,                      0,        116.4220782,         135.4016001,                   0,                88.68183754,                 180.1898865,                           0,            -3.408093897e-07,             -0.0008875142988,                          nan,                      0.7617269755,                        1.330781072,                                nan,           300.0038624,            300.0388065,                      0,            17152.34819,             16838.61707,                       0,      0.9034984598,      0.5401692497,                 0,                 0,                 0,      0.4475095317,      0.3913727652,      0.9771998996,                 0,      0.5978640515
         953,      0.0622077934,      -5.326348609,      -3.013876371,      0.0818407876,                         4,      -4.012613085,               3,      -5.218165486,   7.974459715e-09,   3.493727853e-06,      0.4008754173,       3.574245488,       3.326706833,          0.697898825,         -0.6993363306,                     0,      0.4291264103,      0.6787070783,                 0,       289.3460732,       274.7159414,                 0,       15112.68052,        12365.45735,                  0,        0.1819509183,         0.1568121632,                    0,          301413.5765,           301445.0305,                     0,           116.4080375,           -135.4523474,                      0,        116.4080195,         135.3925389,                   0,                88.67115032,                 180.1923469,                           0,            -3.095395528e-07,             -0.0008828984794,                          nan,                      0.7617271621,                        1.330888308,                                nan,            300.002664,            300.0339707,                      0,            17152.12025,             16838.40349,                       0,      0.9036414346,      0.5403094947,                 0,                 0,                 0,      0.4475965077,      0.3914015111,      0.9773981019,                 0,      0.5979246568
         954,     0.06217280545,      -5.332042324,      -3.018081548,     0.07378719806,                         5,      -4.484730124,               3,      -4.843740234,   9.569344127e-09,   4.192629959e-06,      0.4810505008,       4.289094586,       3.992048199,         0.6978253825,         -0.6992888718,                     0,      0.4290689917,       0.678698918,                 0,       289.3483814,       274.7112835,                 0,       15113.14349,        12365.38267,                  0,        0.1819550409,         0.1568138597,                    0,          301413.1154,           301439.2466,                     0,           116.3931455,            -135.441033,                      0,        116.3931295,          135.381614,                   0,                88.65935295,                 180.1956489,                           0,            -2.761543938e-07,             -0.0008772223185,                          nan,                      0.7617232508,                        1.331020096,                                nan,            300.002205,            300.0282139,                      0,            17152.07497,             16838.15323,                       0,      0.9038323542,      0.5405077613,                 0,                 0,                 0,      0.4477139141,      0.3914332353,      0.9776715127,                 0,      0.5980177173
         955,     0.06213690052,      -5.337759065,      -3.022356683,       0.066020724,                         5,      -4.065627292,               3,      -4.482674749,   1.148320023e-08,   5.031369212e-06,      0.5772606009,       5.146913503,       4.790457839,         0.6977499308,         -0.6992331239,                     0,      0.4290058015,      0.6786900501,                 0,       289.3514873,       274.7058592,                 0,       15113.77289,        12365.31134,                  0,        0.1819606655,          0.156816033,                    0,          301413.1977,           301432.5514,                     0,           116.3769587,           -135.4275777,                      0,        116.3769445,         135.3686216,                   0,                88.64633994,                  180.200006,                           0,            -2.438639438e-07,              -0.000870477125,                          nan,                      0.7617173687,                        1.331180032,                                nan,            300.002287,            300.0215501,                      0,            17152.16128,              16837.8895,                       0,      0.9040847673,      0.5407783253,                 0,                 0,                 0,      0.4478699834,      0.3914700646,      0.9780396986,                 0,      0.5981500241
         956,     0.06210317315,      -5.342647447,      -3.026605897,     0.05968296669,                         6,      -4.330900758,               3,      -4.135783256,   1.377981698e-08,    6.03793059e-06,      0.6927127211,       6.176296203,       5.748549407,         0.6976681095,         -0.6991694264,                     0,      0.4289359751,      0.6786807758,                 0,       289.3551416,       274.6997046,                 0,       15114.51148,        12365.26094,                  0,        0.1819672596,          0.156818886,                    0,          301413.5207,           301425.0069,                     0,            116.359091,           -135.4118803,                      0,        116.3590785,         135.3534555,                   0,                88.63202705,                 180.2056445,                           0,            -2.152058313e-07,             -0.0008627345098,                          nan,                      0.7617113182,                        1.331370846,                                nan,           300.0026085,            300.0140408,                      0,            17152.30563,              16837.6405,                       0,      0.9044119885,      0.5411335906,                 0,                 0,                 0,      0.4480724581,      0.3915150738,       0.978520595,                 0,      0.5983264236
         957,     0.06207260282,      -5.346328894,      -3.030807225,     0.05522012211,                         7,      -4.479643429,               4,      -4.934853916,   1.653573681e-08,   7.245901116e-06,      0.8312552654,       7.411555444,       6.898259288,         0.6975773177,         -0.6990991434,                     0,      0.4288596573,      0.6786717376,                 0,       289.3590207,       274.6928924,                 0,       15115.29253,        12365.24903,                  0,        0.1819742234,         0.1568226002,                    0,          301413.7546,           301416.7416,                     0,           116.3394927,           -135.3940674,                      0,        116.3394816,         135.3362308,                   0,                88.61642591,                 180.2127707,                           0,            -1.912086937e-07,              -0.000854160865,                          nan,                      0.7617055252,                        1.331592949,                                nan,           300.0028412,            300.0058142,                      0,            17152.43376,             16837.43993,                       0,      0.9048252991,      0.5415838723,                 0,                 0,                 0,       0.448327653,      0.3915709859,      0.9791292436,                 0,       0.598550762
         958,     0.06204315808,      -5.349091942,      -3.035016136,     0.05210089968,                         7,      -4.012032266,               4,      -4.520606457,   1.984280424e-08,   8.695591876e-06,      0.9975063184,       8.893866533,       8.277911146,         0.6974786066,         -0.6990256584,                     0,      0.4287786837,      0.6786641925,                 0,       289.3627873,       274.6855248,                 0,       15116.05523,        12365.29246,                  0,        0.1819810368,         0.1568273301,                    0,          301413.6399,           301407.9657,                     0,           116.3186718,           -135.3746908,                      0,        116.3186618,          135.317482,                   0,                88.59976207,                 180.2215279,                           0,            -1.711393354e-07,             -0.0008450144202,                          nan,                      0.7616986017,                        1.331842163,                                nan,            300.002727,            299.9970794,                      0,            17152.49493,             16837.33034,                       0,      0.9053326456,      0.5421384443,                 0,                 0,                 0,      0.4486398626,      0.3916385024,       0.979877837,                 0,       0.598827897
         959,     0.06201675354,      -5.351207606,       -3.03910307,     0.04983362529,                         8,      -4.050836924,               4,      -4.128149413,   2.381122348e-08,     1.0435385e-05,       1.197007582,       10.67263984,       9.933493375,          0.697377287,         -0.6989551956,                     0,      0.4286969188,      0.6786603274,                 0,       289.3661482,       274.6776681,                 0,       15116.75328,         12365.4021,                  0,        0.1819873269,         0.1568331739,                    0,          301413.0637,           301398.9227,                     0,            116.297752,           -135.3549081,                      0,        116.2977431,          135.298345,                   0,                88.58261279,                 180.2319563,                           0,            -1.531466172e-07,             -0.0008355996444,                          nan,                      0.7616881498,                         1.33210762,                                nan,           300.0021536,            299.9880788,                      0,            17152.47498,             16837.36069,                       0,      0.9059388932,      0.5428073503,                 0,                 0,                 0,       0.449011408,       0.391715407,       0.980777313,                 0,      0.5991655225
         960,      0.0619950206,      -5.351982514,       -3.04261722,     0.04937121993,                         9,      -4.026302585,               5,      -4.609557808,   2.857322616e-08,   1.252335003e-05,       1.436409099,       12.80716781,       11.92019205,         0.6972818425,         -0.6988960415,                     0,       0.428620087,      0.6786632724,                 0,       289.3688659,       274.6692052,                 0,       15117.35021,        12365.56796,                  0,        0.1819928039,         0.1568400683,                    0,          301412.0642,           301389.7278,                     0,            116.278333,           -135.3364134,                      0,        116.2783252,         135.2804953,                   0,                88.56600088,                 180.2439795,                           0,            -1.356345567e-07,             -0.0008261861121,                          nan,                       0.761672485,                        1.332372262,                                nan,           300.0011587,            299.9789269,                      0,            17152.38939,             16837.56593,                       0,      0.9066479241,      0.5436022422,                 0,                 0,                 0,      0.4494432226,      0.3917977269,       0.981839293,                 0,       0.599573691
         961,     0.06197282661,      -5.350063344,      -3.045030694,     0.05269481786,                        10,      -3.946960952,               5,      -4.182495608,   3.428746693e-08,   1.502918072e-05,       1.723690918,       15.36860137,       14.30423046,         0.6972021017,         -0.6988551588,                     0,      0.4285552876,      0.6786763324,                 0,       289.3707049,       274.6597129,                 0,       15117.80378,        12365.74281,                  0,        0.1819971078,         0.1568476519,                    0,          301410.7497,           301380.1733,                     0,           116.2622834,           -135.3208936,                      0,        116.2622766,         135.2656069,                   0,                88.55137051,                 180.2574449,                           0,             -1.18349637e-07,             -0.0008169530823,                          nan,                      0.7616517854,                        1.332618461,                                nan,           299.9998504,            299.9694172,                      0,            17152.26068,             16837.93254,                       0,      0.9074653198,      0.5445349573,                 0,                 0,                 0,       0.449935536,       0.391882729,      0.9830765753,                 0,      0.6000614518
         962,     0.06195354901,      -5.344942496,      -3.046068503,     0.06063639954,                        10,      -3.507699432,               6,       -4.65712937,   4.114428182e-08,   1.803651116e-05,       2.068429102,       18.44232164,       17.16507655,         0.6971485193,          -0.698833621,                     0,      0.4285107897,      0.6787013991,                 0,        289.371317,       274.6485923,                 0,       15118.04711,        12365.85045,                  0,        0.1819996523,         0.1568552973,                    0,          301409.1694,           301369.7497,                     0,           116.2517205,           -135.3091192,                      0,        116.2517146,         135.2544414,                   0,                88.54045081,                 180.2722266,                           0,            -1.020375434e-07,              -0.000808027575,                          nan,                      0.7616270535,                         1.33283776,                                nan,           299.9982775,            299.9590423,                      0,            17152.09503,             16838.38571,                       0,      0.9083985389,      0.5456135835,                 0,                 0,                 0,      0.4504875886,      0.3919714451,      0.9845001139,                 0,      0.6006323878
         963,      0.0619331721,      -5.337412106,      -3.045722669,     0.07221793783,                        10,      -3.116513194,               6,      -4.215984677,   4.937196357e-08,   2.164568331e-05,       2.482114922,       22.13078597,       20.59809186,          0.697133665,         -0.6988247803,                     0,      0.4284967136,      0.6787374998,                 0,        289.370113,       274.6355353,                 0,       15117.97389,        12365.83342,                  0,         0.181999528,         0.1568624508,                    0,          301407.2136,           301358.0477,                     0,           116.2493205,           -135.3003057,                      0,        116.2493155,          135.246202,                   0,                88.53517847,                 180.2883412,                           0,            -8.701825993e-08,             -0.0007995971883,                          nan,                      0.7615974176,                        1.333038108,                                nan,           299.9963308,            299.9473951,                      0,            17151.87219,             16838.83329,                       0,      0.9094495849,      0.5468386146,                 0,                 0,                 0,      0.4510940524,      0.3920651697,      0.9861115153,                 0,       0.601285243
         964,     0.06191219503,      -5.328463957,       -3.04366349,     0.08619007495,                        10,      -2.766978392,               7,      -4.573352005,   5.924425807e-08,   2.597706014e-05,      0.2482114922,       2.213078597,       2.059809186,         0.6971748994,         -0.6988178464,                     0,      0.4285265264,       0.678780901,                 0,       289.3662091,        274.620968,                 0,       15117.43406,        12365.70493,                  0,        0.1819954846,         0.1568690385,                    0,          301404.6326,           301345.2567,                     0,           116.2587772,           -135.2924678,                      0,        116.2587729,         135.2388804,                   0,                88.53791518,                 180.3059307,                           0,            -7.270382141e-08,             -0.0007920153099,                          nan,                      0.7615590028,                        1.333240339,                                nan,            299.993762,             299.934664,                      0,            17151.55559,             16839.23963,                       0,      0.9105934103,      0.5481944202,                 0,                 0,                 0,      0.4517330732,        0.39215345,      0.9878831677,                 0,      0.6020188747
         965,     0.06187378706,      -5.318408253,      -3.038504735,      0.1021792649,                         4,      -4.678446463,               2,      -4.033846931,   5.924116727e-09,   2.597916682e-06,      0.2978537907,       2.655694317,       2.471771023,         0.6971891435,         -0.6988083006,                     0,      0.4285368529,      0.6787796368,                 0,       289.3669162,       274.6186189,                 0,       15117.54905,        12365.65703,                  0,        0.1819964242,         0.1568697648,                    0,          301405.8837,           301342.5793,                     0,           116.2605516,           -135.2898697,                      0,        116.2605477,         135.2363653,                   0,                88.54169247,                 180.3062936,                           0,            -6.717698975e-08,             -0.0007908037562,                          nan,                      0.7615798675,                        1.333267818,                                nan,           299.9950072,            299.9319991,                      0,            17151.78853,              16839.1501,                       0,      0.9106529693,       0.548249819,                 0,                 0,                 0,      0.4517624417,      0.3921672565,       0.987963328,                 0,      0.6020403354
         966,     0.06183630124,      -5.323277148,      -3.041619399,     0.09441429011,                         4,      -4.282301189,               3,      -5.418215463,   7.108889302e-09,    3.11757973e-06,      0.3574245488,        3.18683318,       2.966125228,         0.6972025712,         -0.6987972684,                     0,      0.4285484166,      0.6787786895,                 0,       289.3672699,       274.6158663,                 0,       15117.59552,        12365.60964,                  0,        0.1819967612,          0.156870724,                    0,          301406.8284,           301339.4786,                     0,           116.2625747,           -135.2867433,                      0,        116.2625711,         135.2333465,                   0,                88.54569217,                 180.3070236,                           0,            -6.185560431e-08,             -0.0007892319286,                          nan,                      0.7616010151,                        1.333302978,                                nan,           299.9959474,            299.9289129,                      0,            17151.95602,             16839.06312,                       0,      0.9107320721,      0.5483333508,                 0,                 0,                 0,      0.4518030215,      0.3921795615,      0.9880777107,                 0,      0.6020797638
         967,      0.0618013594,      -5.329794653,      -3.044092006,     0.08468983667,                         5,      -4.804434665,               3,      -5.036669928,   8.530595071e-09,   3.741202407e-06,      0.4289094586,       3.824199816,       3.559350274,         0.6972167884,         -0.6987848757,                     0,      0.4285622751,      0.6787783005,                 0,       289.3671653,       274.6126875,                 0,       15117.55617,        12365.56788,                  0,        0.1819963533,          0.156871994,                    0,            301407.41,           301335.9472,                     0,           116.2652053,            -135.283044,                      0,         116.265202,         135.2297807,                   0,                 88.5499949,                 180.3082499,                           0,            -5.622486432e-08,             -0.0007872812129,                          nan,                      0.7616207891,                        1.333347204,                                nan,           299.9965263,            299.9253981,                      0,            17152.04893,             16838.98887,                       0,      0.9108388004,      0.5484579254,                 0,                 0,                 0,      0.4518597134,      0.3921889702,      0.9882414826,                 0,      0.6021459836
         968,     0.06176646739,      -5.337475241,      -3.046049291,     0.07357961315,                         5,      -4.363891346,               3,        -4.6679868,   1.023661145e-08,   4.489581209e-06,      0.5146913503,       4.589039779,       4.271220329,         0.6972347025,         -0.6987715017,                     0,      0.4285801254,      0.6787788243,                 0,        289.366497,       274.6090794,                 0,        15117.4162,        12365.53852,                  0,        0.1819950886,         0.1568736624,                    0,          301407.6035,            301332.008,                     0,           116.2689996,           -135.2787723,                      0,        116.2689967,         135.2256666,                   0,                88.55478147,                 180.3101222,                           0,            -4.980166479e-08,             -0.0007849751159,                          nan,                      0.7616371001,                        1.333401615,                                nan,           299.9967189,            299.9214772,                      0,             17152.0673,             16838.94162,                       0,      0.9109826051,      0.5486362812,                 0,                 0,                 0,      0.4519378255,      0.3921952815,      0.9884705039,                 0,      0.6022467149
         969,     0.06173504629,      -5.345238693,      -3.047599067,     0.06251211813,                         6,      -4.665416635,               3,      -4.313138064,   1.228378693e-08,    5.38766961e-06,      0.6176296203,       5.506847735,       5.125464394,         0.6972605517,         -0.6987578161,                     0,        0.42860441,      0.6787807519,                 0,       289.3651612,       274.6050573,                 0,       15117.16304,        12365.52855,                  0,        0.1819928809,         0.1568758091,                    0,          301407.4224,           301327.7146,                     0,           116.2747194,           -135.2739976,                      0,         116.274717,         135.2210687,                   0,                88.56038297,                 180.3128005,                           0,             -4.22061357e-08,             -0.0007823913024,                          nan,                       0.761647805,                        1.333466762,                                nan,           299.9965387,             299.917204,                      0,            17152.02111,             16838.93818,                       0,       0.911173056,      0.5488786351,                 0,                 0,                 0,      0.4520421523,      0.3921999165,       0.988778701,                 0,       0.602386815
         970,      0.0617025174,      -5.351911817,      -3.048789442,     0.05313381466,                         6,      -4.204693676,               4,      -5.170939462,   1.474033332e-08,   6.465407674e-06,      0.7411555444,       6.608217282,       6.150557273,         0.6972996531,         -0.6987447155,                     0,      0.4286383667,      0.6787847102,                 0,        289.363045,       274.6006438,                 0,       15116.78293,        12365.54224,                  0,        0.1819896359,         0.1568784754,                    0,          301406.9105,           301323.1404,                     0,            116.283312,           -135.2688742,                      0,        116.2833101,         135.2161315,                   0,                88.56733096,                 180.3164362,                           0,            -3.330510501e-08,             -0.0007796689015,                          nan,                      0.7616512716,                        1.333542339,                                nan,           299.9960292,            299.9126512,                      0,            17151.92693,             16838.99397,                       0,      0.9114177582,      0.5491907899,                 0,                 0,                 0,      0.4521757823,      0.3922054084,      0.9891752985,                 0,      0.6025675767
         971,     0.06167350031,      -5.357066669,      -3.049575718,     0.04611149609,                         7,      -4.345962706,               4,      -4.745337911,   1.768809588e-08,   7.758718509e-06,      0.8893866533,       7.929860738,       7.380668728,         0.6973579439,         -0.6987331736,                     0,      0.4286860145,      0.6787914133,                 0,       289.3600104,       274.5958567,                 0,       15116.25566,        12365.57808,                  0,        0.1819851966,         0.1568816313,                    0,          301406.1246,           301318.3607,                     0,           116.2958681,           -135.2636396,                      0,        116.2958667,          135.211079,                   0,                88.57639757,                 180.3211437,                           0,            -2.354639694e-08,             -0.0007770056687,                          nan,                      0.7616469965,                        1.333626985,                                nan,            299.995247,            299.9078939,                      0,            17151.80171,             16839.11818,                       0,       0.911719553,      0.5495732423,                 0,                 0,                 0,      0.4523387468,      0.3922137165,      0.9896624134,                 0,      0.6027876011
         972,     0.06164632497,      -5.361187298,      -3.049837495,     0.04080666818,                         8,      -4.395518497,               4,      -4.341488866,   2.122527795e-08,   9.310706636e-06,       1.067263984,       9.515832886,       8.856802473,         0.6974415477,         -0.6987241683,                     0,      0.4287520919,      0.6788015745,                 0,        289.355878,       274.5907095,                 0,        15115.5499,        12365.62808,                  0,        0.1819792989,         0.1568851665,                    0,          301405.1143,           301313.4478,                     0,           116.3135784,           -135.2586058,                      0,        116.3135776,         135.2062077,                   0,                88.58861091,                 180.3269704,                           0,            -1.438189345e-08,             -0.0007746331077,                          nan,                      0.7616360252,                        1.333718129,                                nan,           299.9942414,             299.903004,                      0,            17151.65699,             16839.31168,                       0,      0.9120738011,      0.5500213338,                 0,                 0,                 0,      0.4525267125,      0.3922239732,      0.9902335286,                 0,       0.603044768
         973,     0.06162210801,      -5.364489926,      -3.049505354,     0.03691077369,                         9,      -4.366146578,               5,      -4.870018668,   2.546971243e-08,   1.117309974e-05,       1.280716781,       11.41899946,       10.62816297,         0.6975565382,         -0.6987189154,                     0,      0.4288419049,      0.6788158506,                 0,        289.350429,       274.5852347,                 0,       15114.62353,        12365.68175,                  0,        0.1819715729,         0.1568889277,                    0,          301403.9165,           301308.4921,                     0,           116.3376938,           -135.2541677,                      0,        116.3376933,          135.201898,                   0,                88.60522324,                 180.3338808,                           0,            -8.306929478e-09,              -0.000772762099,                          nan,                      0.7616209391,                        1.333811755,                                nan,           299.9930492,            299.8980715,                      0,            17151.49773,             16839.57144,                       0,      0.9124664598,       0.550525818,                 0,                 0,                 0,      0.4527297613,      0.3922306112,      0.9908727791,                 0,      0.6033381415
         974,     0.06160068174,      -5.365708361,      -3.048552949,      0.0362048987,                        10,      -4.274970281,               5,      -4.425854562,   3.056279175e-08,   1.340798013e-05,       1.536860137,       13.70279936,       12.75379556,         0.6977091097,         -0.6987193372,                     0,      0.4289611391,      0.6788349009,                 0,       289.3433997,       274.5795021,                 0,       15113.42585,        12365.73183,                  0,        0.1819615739,         0.1568927814,                    0,           301402.541,           301303.6257,                     0,           116.3695337,            -135.250832,                      0,        116.3695333,         135.1986475,                   0,                88.62759114,                 180.3417746,                           0,            -8.130450202e-09,             -0.0007715209546,                          nan,                       0.761604766,                         1.33390221,                                nan,           299.9916801,            299.8932279,                      0,            17151.32298,             16839.89905,                       0,      0.9128733606,      0.5510726707,                 0,                 0,                 0,      0.4529312402,      0.3922229036,       0.991554363,                 0,      0.6036682573
         975,     0.06158163074,      -5.362909036,      -3.046667928,     0.04140062083,                        10,      -3.791793378,               5,      -4.016754188,   3.667418997e-08,   1.608985616e-05,       1.844232164,       16.44335923,       15.30455467,         0.6979066749,         -0.6987281647,                     0,      0.4291160729,       0.678859493,                 0,       289.3344075,       274.5735967,                 0,       15111.89145,        12365.77577,                  0,        0.1819487548,         0.1568966457,                    0,          301400.9034,           301299.0046,                     0,           116.4106874,           -135.2492079,                      0,        116.4106865,         135.1970624,                   0,                 88.6570003,                 180.3505338,                           0,            -1.576824027e-08,             -0.0007709531267,                          nan,                      0.7615881579,                        1.333982636,                                nan,           299.9900502,            299.8886283,                      0,            17151.12107,             16840.30379,                       0,      0.9132603259,      0.5516408735,                 0,                 0,                 0,      0.4531066226,      0.3921863999,      0.9922408498,                 0,      0.6040346415
         976,     0.06156428178,      -5.355674926,      -3.043072985,      0.0529666714,                        10,      -3.364153372,               6,      -4.486006017,   4.400753745e-08,   1.930812854e-05,       2.213078597,       19.73203107,       18.36546561,         0.6981604165,         -0.6987480917,                     0,      0.4293149636,      0.6788903565,                 0,       289.3228023,       274.5675792,                 0,       15109.92002,        12365.81149,                  0,        0.1819323158,         0.1569004609,                    0,          301398.7402,           301294.7527,                     0,           116.4635362,            -135.249881,                      0,        116.4635343,         135.1977226,                   0,                88.69469794,                 180.3600349,                           0,            -3.151751871e-08,             -0.0007711404261,                          nan,                      0.7615662573,                        1.334046398,                                nan,           299.9878972,            299.8843963,                      0,            17150.86045,             16840.79469,                       0,      0.9135823126,      0.5521981283,                 0,                 0,                 0,      0.4532220603,      0.3921048418,      0.9928792514,                 0,      0.6044317198
         977,     0.06154477556,      -5.345751374,      -3.036757117,     0.06830732946,                        10,      -2.984861152,               6,      -4.068938194,   5.280724905e-08,   2.317002082e-05,       2.213078597,       19.73203107,       18.36546561,         0.6984881812,         -0.6987805018,                     0,      0.4295705341,      0.6789276124,                 0,       289.3076067,       274.5615186,                 0,       15107.36074,        12365.83613,                  0,        0.1819110547,         0.1569041544,                    0,          301395.6715,           301290.9563,                     0,           116.5318341,           -135.2532174,                      0,        116.5318308,         135.2009724,                   0,                88.74250332,                 180.3700632,                           0,            -5.604927367e-08,             -0.0007724023789,                          nan,                      0.7615301563,                        1.334088506,                                nan,           299.9848428,            299.8806177,                      0,            17150.49686,             16841.37098,                       0,      0.9137766433,      0.5526932726,                 0,                 0,                 0,      0.4532306718,      0.3919593751,      0.9933908877,                 0,      0.6048450424
         978,     0.06152351839,      -5.335485376,       -3.02663538,      0.0841910142,                        10,      -3.001313687,               6,       -4.07905391,   5.280565073e-08,   2.317006315e-05,       2.655694317,       23.67843729,       22.03855873,          0.698868441,         -0.6988198954,                     0,      0.4298626933,      0.6789650927,                 0,       289.2914396,       274.5559291,                 0,       15104.67755,        12365.83776,                  0,          0.18188891,         0.1569072934,                    0,          301393.4254,           301287.7034,                     0,           116.6094741,           -135.2585148,                      0,         116.609469,         135.2061062,                   0,                88.79821862,                 180.3788281,                           0,            -8.634690463e-08,             -0.0007747901634,                          nan,                      0.7615009258,                        1.334102676,                                nan,           299.9826072,            299.8773801,                      0,            17150.35769,             16841.92489,                       0,      0.9137852803,      0.5530133601,                 0,                 0,                 0,      0.4531160583,      0.3917722762,      0.9936507427,                 0,       0.605189613
         979,     0.06150363224,       -5.33112301,      -3.016937173,     0.09174577315,                        10,      -2.648637777,               7,      -4.445095975,   6.336564884e-08,   2.780383835e-05,      0.2655694317,       2.367843729,       2.203855873,          0.699343064,         -0.6988721876,                     0,      0.4302334727,      0.6790079121,                 0,       289.2696564,       274.5507583,                 0,       15100.99649,        12365.86471,                  0,        0.1818582765,          0.156910515,                    0,          301389.2685,            301285.336,                     0,           116.7083308,           -135.2664787,                      0,        116.7083228,         135.2137703,                   0,                88.86795758,                  180.387846,                           0,             -1.36926856e-07,             -0.0007791737104,                          nan,                      0.7614534716,                         1.33409375,                                nan,           299.9784697,            299.8750238,                      0,            17149.86971,             16842.60125,                       0,      0.9135474046,      0.5531670277,                 0,                 0,                 0,      0.4528120898,      0.3914899317,      0.9936288313,                 0,      0.6055154061
         980,     0.06146669337,      -5.327883893,      -3.003493191,     0.09847600129,                         4,       -4.57561812,               3,      -5.684337599,   6.336563224e-09,   2.780299263e-06,       0.318683318,       2.841412474,       2.644627048,          0.699465341,         -0.6988788289,                     0,      0.4303054476,      0.6790123947,                 0,       289.2718028,       274.5491456,                 0,       15101.40874,        12365.80177,                  0,        0.1818618918,         0.1569106224,                    0,          301395.1051,           301283.9051,                     0,           116.7264152,           -135.2677127,                      0,        116.7264073,         135.2149862,                   0,                 88.8856147,                  180.387987,                           0,            -1.353730437e-07,             -0.0007794353792,                          nan,                      0.7614867683,                        1.334082797,                                nan,            299.984279,            299.8735995,                      0,            17151.05495,              16842.5782,                       0,      0.9135224695,      0.5531509237,                 0,                 0,                 0,      0.4527836473,      0.3914798553,      0.9936009106,                 0,      0.6055143055
         981,     0.06143029593,      -5.335090211,      -3.007564522,      0.0870867217,                         4,      -4.171117074,               3,      -5.296387998,   7.603887508e-09,   3.336381329e-06,      0.3824199816,       3.409694969,       3.173552457,         0.6995767795,         -0.6988887083,                     0,      0.4303820787,      0.6790183331,                 0,       289.2721134,       274.5475186,                 0,        15101.4322,        12365.76143,                  0,        0.1818619792,         0.1569110241,                    0,          301399.2623,           301282.5703,                     0,           116.7449538,           -135.2693482,                      0,        116.7449466,         135.2165876,                   0,                88.90452786,                 180.3884135,                           0,            -1.231276366e-07,             -0.0007799305546,                          nan,                       0.761527847,                        1.334070152,                                nan,           299.9884168,             299.872271,                      0,            17151.84518,             16842.60804,                       0,      0.9134900206,      0.5531398166,                 0,                 0,                 0,      0.4527484173,      0.3914607738,      0.9935724115,                 0,      0.6055236556
         982,     0.06139625412,      -5.343875431,       -3.01062352,      0.0737955341,                         5,      -4.653037261,               3,      -4.920893978,   9.124684721e-09,   4.003679673e-06,      0.4589039779,       4.091633963,       3.808262949,         0.6996824276,         -0.6989026405,                     0,      0.4304663638,      0.6790262455,                 0,       289.2703637,       274.5458902,                 0,       15101.02944,        12365.74492,                  0,         0.181858229,         0.1569117282,                    0,          301401.6565,           301281.3854,                     0,           116.7649895,            -135.271543,                      0,        116.7649834,         135.2187287,                   0,                88.92492012,                 180.3892249,                           0,            -1.038548834e-07,             -0.0007807112658,                          nan,                      0.7615718129,                        1.334055028,                                nan,           299.9907998,            299.8710917,                      0,            17152.22771,             16842.70023,                       0,      0.9134471584,      0.5531361475,                 0,                 0,                 0,      0.4527039548,      0.3914289015,      0.9935435188,                 0,      0.6055480521
         983,     0.06136177734,      -5.353621583,      -3.013302657,     0.05931287813,                         5,      -4.209695313,               3,      -4.558986151,   1.094965507e-08,   4.804429377e-06,      0.5506847735,       4.909960756,       4.569915538,         0.6997924142,         -0.6989216787,                     0,      0.4305629991,      0.6790367846,                 0,       289.2664644,       274.5442813,                 0,        15100.2027,        12365.75215,                  0,        0.1818507241,         0.1569127211,                    0,          301402.4299,            301280.423,                     0,           116.7881613,           -135.2745194,                      0,        116.7881565,         135.2216283,                   0,                88.94724359,                 180.3905308,                           0,            -8.363385107e-08,             -0.0007818293316,                          nan,                      0.7616118474,                        1.334036079,                                nan,           299.9915695,            299.8701338,                      0,            17152.25191,             16842.86441,                       0,      0.9133899888,        0.55314022,                 0,                 0,                 0,      0.4526466151,      0.3913809567,      0.9935121144,                 0,      0.6055904124
         984,     0.06133112294,      -5.363001696,      -3.015838736,     0.04545994062,                         6,       -4.46503653,               3,       -4.21180747,   1.313964336e-08,   5.765304626e-06,      0.6608217282,       5.891952907,       5.483898646,         0.6999207561,         -0.6989472925,                     0,      0.4306780974,      0.6790507776,                 0,       289.2604813,       274.5427178,                 0,       15098.99183,        12365.78183,                  0,        0.1818399028,         0.1569139709,                    0,          301401.9573,           301279.7749,                     0,           116.8165299,           -135.2785972,                      0,        116.8165258,          135.225602,                   0,                88.97225915,                 180.3924417,                           0,             -6.89686106e-08,             -0.0007833428007,                          nan,                      0.7616410309,                        1.334011008,                                nan,           299.9910991,            299.8694887,                      0,            17152.02401,             16843.11124,                       0,      0.9133130974,      0.5531488446,                 0,                 0,                 0,      0.4525711717,      0.3913145653,      0.9934723797,                 0,        0.60565084
         985,     0.06129955548,      -5.370722555,      -3.017978189,     0.03422716074,                         6,      -4.012664072,               4,      -5.053127868,   1.576767197e-08,   6.918303261e-06,      0.7929860738,       7.070343488,       6.580678375,         0.7000824444,         -0.6989813041,                     0,      0.4308184572,      0.6790692268,                 0,       289.2525789,       274.5412046,                 0,       15097.45388,        12365.82925,                  0,        0.1818263484,         0.1569154149,                    0,          301400.7512,           301279.5232,                     0,           116.8522254,           -135.2841926,                      0,        116.8522216,         135.2310612,                   0,                 89.0010629,                 180.3950546,                           0,            -6.475892989e-08,             -0.0007853237831,                          nan,                      0.7616548634,                        1.333976478,                                nan,           299.9898987,            299.8692382,                      0,             17151.6767,             16843.44955,                       0,      0.9132085338,      0.5531542366,                 0,                 0,                 0,      0.4524703381,      0.3912281201,      0.9934133046,                 0,      0.6057260923
         986,      0.0612706463,      -5.376528252,      -3.019222892,     0.02625195303,                         7,      -4.135684439,               4,      -4.638411571,   1.892138383e-08,   8.301810206e-06,      0.9515832886,       8.484412186,        7.89681405,          0.700289862,         -0.6990252261,                     0,      0.4309906023,      0.6790931525,                 0,       289.2429162,       274.5396775,                 0,       15095.63202,        12365.88133,                  0,        0.1818104801,          0.156916923,                    0,          301399.3053,           301279.6763,                     0,            116.897049,           -135.2917226,                      0,        116.8970448,         135.2384164,                   0,                89.03502643,                 180.3984348,                           0,            -7.306217753e-08,             -0.0007878632966,                          nan,                      0.7616533558,                        1.333928921,                                nan,           299.9884595,            299.8693906,                      0,            17151.32423,             16843.87721,                       0,      0.9130640024,      0.5531431132,                 0,                 0,                 0,      0.4523339518,      0.3911198899,      0.9933168718,                 0,      0.6058097918
         987,     0.06124454383,      -5.381169007,      -3.019202837,     0.02063576388,                         8,       -4.17501866,               4,      -4.246259428,   2.270597959e-08,   9.961877626e-06,       1.141899946,       10.18129462,        9.47617686,         0.7005505543,         -0.6990790359,                     0,      0.4312000808,      0.6791232145,                 0,       289.2315168,       274.5379826,                 0,       15093.52909,        12365.91364,                  0,        0.1817923172,         0.1569182734,                    0,          301397.9238,           301280.1175,                     0,            116.952252,           -135.3013893,                      0,        116.9522465,         135.2478619,                   0,                89.07563705,                 180.4026095,                           0,            -9.271415968e-08,             -0.0007910764387,                          nan,                      0.7616410945,                        1.333866628,                                nan,           299.9870845,            299.8698297,                      0,            17151.02549,              16844.3716,                       0,      0.9128606376,      0.5530959166,                 0,                 0,                 0,      0.4521477402,      0.3909867192,      0.9931560915,                 0,      0.6058930508
         988,     0.06122124287,      -5.384906662,      -3.017803209,     0.01697944749,                         9,      -4.140802608,               5,      -4.767446531,   2.724775187e-08,   1.195376487e-05,       1.370279936,       12.21755355,       11.37141223,         0.7008678003,         -0.6991404259,                     0,      0.4314513526,      0.6791592965,                 0,       289.2182084,       274.5359631,                 0,       15091.10426,        12365.90029,                  0,        0.1817714755,         0.1569192278,                    0,          301396.6531,           301280.6682,                     0,           117.0186337,           -135.3129701,                      0,        117.0186267,         135.2591653,                   0,                89.12428019,                 180.4075998,                           0,            -1.201784875e-07,              -0.000795105975,                          nan,                      0.7616247322,                        1.333792053,                                nan,           299.9858198,            299.8703778,                      0,            17150.77898,             16844.89665,                       0,      0.9125711635,      0.5529861801,                 0,                 0,                 0,       0.451891896,      0.3908229493,       0.992893381,                 0,      0.6059649945
         989,     0.06120111051,      -5.386162227,      -3.014979111,     0.01733946888,                        10,       -4.05237163,               5,      -4.343316214,   3.269834191e-08,   1.434378483e-05,       1.644335923,       14.66106426,       13.64569468,         0.7012438309,         -0.6992060916,                     0,      0.4317484112,      0.6792005919,                 0,        289.202617,       274.5336488,                 0,       15088.28784,        12365.83928,                  0,        0.1817473495,         0.1569197445,                    0,           301395.307,           301281.3022,                     0,           117.0969633,           -135.3258811,                      0,        117.0969544,         135.2717317,                   0,                89.18203298,                 180.4135073,                           0,            -1.526845328e-07,             -0.0008001205846,                          nan,                       0.761608476,                        1.333711819,                                nan,             299.98448,            299.8710088,                      0,            17150.54587,             16845.43856,                       0,      0.9121601366,      0.5527799862,                 0,                 0,                 0,       0.451540366,      0.3906209395,      0.9924802817,                 0,      0.6060119972
         990,     0.06118098769,      -5.382464452,       -3.01057352,     0.02484113048,                        10,      -3.589972134,               6,      -4.865302078,   3.923986824e-08,   1.721150872e-05,       1.973203107,       17.59327711,       16.37483361,         0.7016841405,         -0.6992751651,                     0,      0.4320962606,       0.679246574,                 0,       289.1841531,       274.5313609,                 0,       15084.99168,        12365.77189,                  0,        0.1817192468,         0.1569201652,                    0,          301393.5264,           301282.3334,                     0,           117.1886145,           -135.3396807,                      0,        117.1886032,         135.2851062,                   0,                89.24965514,                 180.4205918,                           0,            -1.920928916e-07,             -0.0008063193979,                          nan,                      0.7615898875,                        1.333632334,                                nan,           299.9827077,            299.8720352,                      0,            17150.27661,             16846.04663,                       0,      0.9115866141,      0.5524345005,                 0,                 0,                 0,      0.4510614971,      0.3903740778,       0.991857909,                 0,      0.6060142744
         991,     0.06116177026,       -5.37370973,      -3.004114932,     0.03907608649,                        10,      -3.180203212,               6,       -4.43407094,   4.709110375e-08,   2.065238873e-05,       2.367843729,       21.11193253,       19.64980034,         0.7022007566,         -0.6993521665,                     0,      0.4325031658,      0.6792982632,                 0,       289.1620069,       274.5295151,                 0,       15081.10473,        12365.76432,                  0,        0.1816863369,         0.1569210936,                    0,          301390.8878,           301284.2966,                     0,           117.2961458,           -135.3547511,                      0,        117.2961314,         135.2996521,                   0,                89.32808991,                 180.4291771,                           0,            -2.459358038e-07,             -0.0008139766755,                          nan,                      0.7615604101,                         1.33355241,                                nan,           299.9800815,            299.8739892,                      0,            17149.92847,             16846.82733,                       0,      0.9108055468,      0.5518946664,                 0,                 0,                 0,      0.4504192049,      0.3900798927,      0.9909551676,                 0,      0.6059412663
         992,     0.06114209305,      -5.363455122,      -2.994884224,     0.05482175355,                        10,      -2.816938967,               6,       -4.04236271,    5.65149096e-08,   2.478087543e-05,      0.2367843729,       2.111193253,       1.964980034,         0.7028118909,         -0.6994462879,                     0,       0.432982249,      0.6793584021,                 0,       289.1353177,       274.5282328,                 0,       15076.49906,        12365.85479,                  0,        0.1816476164,         0.1569229474,                    0,          301387.1613,           301287.5343,                     0,           117.4232678,           -135.3725562,                      0,        117.4232486,          135.316805,                   0,                89.41947593,                 180.4393209,                           0,            -3.278906392e-07,             -0.0008235011675,                          nan,                      0.7615142403,                        1.333458331,                                nan,           299.9763725,            299.8772118,                      0,            17149.48844,             16847.87522,                       0,       0.909762632,       0.551089865,                 0,                 0,                 0,      0.4495728089,       0.389737982,      0.9896829752,                 0,      0.6057512647
         993,     0.06110643863,      -5.355170935,      -2.982563385,     0.06764388326,                         4,      -4.765519067,               2,      -4.109391168,   5.652266797e-09,   2.477845719e-06,      0.2841412474,       2.533431904,        2.35797604,         0.7029614046,         -0.6994632039,                     0,      0.4330680787,      0.6793681331,                 0,       289.1372058,       274.5273463,                 0,       15076.89978,        12365.79915,                  0,        0.1816512585,         0.1569227336,                    0,          301393.4481,           301287.2914,                     0,           117.4458906,           -135.3760886,                      0,        117.4458718,         135.3202896,                   0,                89.43885695,                 180.4402448,                           0,            -3.196214841e-07,             -0.0008241852951,                          nan,                      0.7615325731,                         1.33343082,                                nan,           299.9826298,              299.87697,                      0,             17150.8044,             16847.94018,                       0,      0.9096987372,      0.5510316712,                 0,                 0,                 0,      0.4495168235,      0.3897224201,      0.9895979641,                 0,      0.6057298408
         994,     0.06107062704,      -5.360708251,      -2.985955858,     0.05865051644,                         4,      -4.357497736,               3,      -5.602408656,   6.782826466e-09,   2.973391406e-06,      0.3409694969,       3.040118284,       2.829571249,         0.7031017695,         -0.6994854235,                     0,      0.4331603767,      0.6793803468,                 0,       289.1371727,       274.5265583,                 0,       15076.89807,        12365.76968,                  0,        0.1816512589,         0.1569227976,                    0,          301398.0584,           301287.3484,                     0,           117.4693371,           -135.3804673,                      0,        117.4693199,         135.3245854,                   0,                89.45998679,                 180.4415733,                           0,            -2.944620369e-07,             -0.0008253832943,                          nan,                       0.761560439,                        1.333398309,                                nan,           299.9872185,            299.8770268,                      0,             17151.7276,             16848.07989,                       0,      0.9096141504,      0.5509577528,                 0,                 0,                 0,      0.4494447816,      0.3896999272,      0.9894879053,                 0,      0.6057049053
         995,     0.06103842861,      -5.367553379,      -2.988389819,     0.04801534863,                         5,      -4.879881627,               3,      -5.219191413,   8.139543418e-09,   3.568031917e-06,      0.4091633963,       3.648141941,       3.395485498,         0.7032363577,         -0.6995140704,                     0,      0.4332617965,      0.6793957497,                 0,        289.134944,       274.5258769,                 0,       15076.44149,        12365.76738,                  0,        0.1816471582,         0.1569231475,                    0,            301400.84,           301287.7685,                     0,           117.4944702,           -135.3859145,                      0,        117.4944551,         135.3299084,                   0,                89.48310904,                 180.4434264,                           0,            -2.575940057e-07,             -0.0008271840993,                          nan,                       0.761594315,                        1.333359554,                                nan,           299.9899871,            299.8774449,                      0,            17152.22496,             16848.30651,                       0,      0.9095008292,      0.5508624368,                 0,                 0,                 0,      0.4493508545,      0.3896675436,      0.9893434125,                 0,       0.605675574
         996,     0.06100418796,      -5.375457696,      -2.990400444,     0.03594424875,                         5,      -4.431780856,               3,      -4.848998507,   9.767668927e-09,   4.281575479e-06,      0.4909960756,       4.377770329,       4.074582598,         0.7033736989,         -0.6995504302,                     0,      0.4333766476,      0.6794151881,                 0,       289.1303754,       274.5253039,                 0,       15075.51685,        12365.79072,                  0,         0.181638888,         0.1569237625,                    0,          301401.8599,           301288.6183,                     0,           117.5227621,            -135.392706,                      0,        117.5227493,           135.33653,                   0,                 89.5086532,                 180.4459391,                           0,            -2.175185329e-07,             -0.0008296514512,                          nan,                      0.7616283124,                        1.333312884,                                nan,           299.9910022,            299.8782907,                      0,             17152.3247,             16848.63077,                       0,      0.9093490992,      0.5507382236,                 0,                 0,                 0,      0.4492278025,      0.3896221182,      0.9891526577,                 0,      0.6056400386
         997,     0.06097090311,      -5.383493533,      -2.992267863,     0.02366652714,                         5,      -4.009921076,               3,      -4.493061803,   1.172151452e-08,   5.137784045e-06,      0.5891952907,       5.253324395,       4.889499118,         0.7035270064,         -0.6995961801,                     0,      0.4335107781,       0.679439693,                 0,       289.1234907,       274.5248395,                 0,       15074.15444,         12365.8368,                  0,        0.1816267977,         0.1569246048,                    0,          301401.4378,           301289.9768,                     0,           117.5561977,           -135.4012055,                      0,        117.5561869,          135.344811,                   0,                89.53731133,                 180.4492576,                           0,            -1.838321895e-07,             -0.0008328255713,                          nan,                      0.7616554575,                        1.333255825,                                nan,            299.990582,            299.8796428,                      0,            17152.11996,             16849.06412,                       0,      0.9091481047,      0.5505757419,                 0,                 0,                 0,      0.4490672149,      0.3895606944,      0.9889016075,                 0,       0.605595215
         998,     0.06093936196,      -5.390453216,      -2.993959158,     0.01299251854,                         6,      -4.264805749,               3,      -4.152545073,   1.406627008e-08,   6.165159851e-06,      0.7070343488,       6.303989274,       5.867398941,          0.703711755,         -0.6996536362,                     0,      0.4336709342,      0.6794705452,                 0,        289.114464,       274.5244747,                 0,       15072.41507,        12365.90192,                  0,        0.1816115103,         0.1569256319,                    0,          301400.0958,           301291.9315,                     0,           117.5969641,           -135.4119024,                      0,        117.5969544,          135.355239,                   0,                89.57007925,                 180.4535329,                           0,            -1.645900942e-07,             -0.0008367289296,                          nan,                      0.7616700595,                        1.333184694,                                nan,           299.9892464,            299.8815884,                      0,            17151.74772,             16849.62071,                       0,      0.9088862833,      0.5503637404,                 0,                 0,                 0,      0.4488598852,      0.3894808929,      0.9885743051,                 0,      0.6055364136
         999,      0.0609110927,      -5.395682391,      -2.995329474,    0.005123432443,                         7,      -4.413803507,               4,      -4.983845781,   1.687987854e-08,   7.397889637e-06,      0.8484412186,       7.564787129,       7.040878729,         0.7039419242,         -0.6997255974,                     0,      0.4338637512,      0.6795092789,                 0,       289.1035218,       274.5241518,                 0,       15070.36034,         12365.9789,                  0,        0.1815936251,         0.1569267851,                    0,          301398.4059,            301294.536,                     0,           117.6470137,           -135.4253921,                      0,         117.647004,         135.3684084,                   0,                89.60821966,                 180.4589166,                           0,            -1.643325461e-07,             -0.0008413750306,                          nan,                      0.7616702219,                        1.333094765,                                nan,           299.9875644,            299.8841807,                      0,            17151.34484,             16850.31376,                       0,      0.9085514976,      0.5500888553,                 0,                 0,                 0,      0.4485960681,      0.3893811569,      0.9881527651,                 0,      0.6054569903
        1000,     0.06088734875,      -5.399543722,      -2.996281585,   -0.000179363494,                         8,      -4.469367987,               4,      -4.577123937,   2.025635411e-08,   8.876980867e-06,       1.018129462,       9.077744555,       8.449054475,         0.7042266111,         -0.6998142375,                     0,      0.4340947447,      0.6795574466,                 0,       289.0908209,       274.5237022,                 0,       15068.02135,        12366.05013,                  0,        0.1815734178,         0.1569279374,                    0,          301396.8116,           301297.7233,                     0,           117.7076933,           -135.4422088,                      0,        117.7076825,         135.3848514,                   0,                89.65313154,                  180.465557,                           0,            -1.828729823e-07,             -0.0008467843855,                          nan,                       0.761659134,                        1.332981904,                                nan,           299.9859776,            299.8873531,                      0,            17151.00241,             16851.14266,                       0,      0.9081302081,      0.5497349049,                 0,                 0,                 0,      0.4482651697,      0.3892605221,      0.9876159103,                 0,      0.6053481097
        1001,      0.0621267495,      -5.402806024,      -2.996674322,   -0.003883292538,                         9,      -4.447778907,               4,      -4.192908742,   2.430845134e-08,   1.065163023e-05,       1.221755355,       10.89329347,       10.13886537,         0.7045689695,         -0.6999190361,                     0,      0.4343677299,      0.6796160197,                 0,       289.0763642,       274.5228253,                 0,       15065.38592,        12366.08279,                  0,        0.1815507389,         0.1569288452,                    0,          301395.5111,           301301.2374,                     0,           117.7796321,           -135.4624703,                      0,        117.7796195,         135.4046814,                   0,                89.70613389,                 180.4736055,                           0,            -2.149459857e-07,             -0.0008530262233,                          nan,                      0.7616439439,                        1.332846129,                                nan,           299.9846832,            299.8908507,                      0,            17150.74531,             16852.07761,                       0,      0.9076055166,      0.5492819332,                 0,                 0,                 0,      0.4478546786,      0.3891176395,      0.9869376265,                 0,      0.6051989804
        1002,     0.06218160339,      -5.405358873,      -2.996165997,   -0.005877650155,                        10,      -4.361995426,               5,      -4.712702403,   2.917149704e-08,   1.278086972e-05,       1.466106426,       13.07195216,       12.16663844,         0.7049681056,         -0.7000350722,                     0,      0.4346848353,      0.6796846313,                 0,       289.0600015,       274.5212114,                 0,        15062.4126,         12366.0399,                  0,        0.1815251827,         0.1569292177,                    0,          301394.4585,           301304.7115,                     0,           117.8629504,           -135.4854947,                      0,        117.8629355,         135.4272047,                   0,                89.76820012,                 180.4832506,                           0,            -2.525110931e-07,             -0.0008602768116,                          nan,                      0.7616321429,                        1.332695679,                                nan,           299.9836355,            299.8943086,                      0,            17150.54831,             16853.06342,                       0,      0.9069551473,      0.5487056303,                 0,                 0,                 0,       0.447348797,      0.3889495208,      0.9860850765,                 0,      0.6049975371
        1003,     0.06218374552,      -5.405408617,      -2.994481601,   -0.003826476342,                        10,      -3.865074939,               5,      -4.302210503,   3.500800844e-08,   1.533553982e-05,       1.759327711,       15.68634259,       14.59996613,         0.7054228762,          -0.700153875,                     0,      0.4350471881,      0.6797613432,                 0,       289.0414516,       274.5188056,                 0,        15059.0527,        12365.91144,                  0,        0.1814963378,         0.1569289604,                    0,          301393.4217,           301307.9405,                     0,           117.9577326,           -135.5097564,                      0,        117.9577154,         135.4508757,                   0,                89.83973033,                  180.494787,                           0,            -2.907804957e-07,              -0.000868837352,                          nan,                      0.7616265712,                        1.332547952,                                nan,           299.9826035,            299.8975224,                      0,            17150.36792,              16854.0586,                       0,      0.9061521937,       0.547977479,                 0,                 0,                 0,      0.4467279693,      0.3887520438,      0.9850192709,                 0,      0.6047300695
        1004,     0.06216578816,      -5.400831845,      -2.991628176,    0.004828707811,                        10,      -3.418215874,               6,       -4.82576655,   4.201320894e-08,   1.840064399e-05,       2.111193253,       18.82361111,       17.51995936,         0.7059358474,         -0.7002677918,                     0,      0.4354565438,      0.6798436675,                 0,       289.0202703,       274.5159912,                 0,       15055.25264,        12365.74297,                  0,         0.181463836,         0.1569284323,                    0,          301392.0311,           301311.1601,                     0,           118.0646586,           -135.5335004,                      0,        118.0646389,         135.4739171,                   0,                89.92062561,                 180.5086729,                           0,            -3.333626686e-07,             -0.0008790481954,                          nan,                      0.7616219932,                        1.332423811,                                nan,           299.9812195,            299.9007269,                      0,            17150.16158,             16855.08958,                       0,      0.9051717094,      0.5470648273,                 0,                 0,                 0,      0.4459705399,      0.3885251509,      0.9836991185,                 0,      0.6043768509
        1005,     0.06214635596,      -5.392529596,      -2.987552608,     0.01826946692,                        10,      -3.022594749,               6,       -4.40455321,   5.042169278e-08,   2.207814582e-05,       2.533431904,       22.58833333,       21.02395123,         0.7065154039,         -0.7003755501,                     0,      0.4359175966,      0.6799306169,                 0,       288.9958644,       274.5134103,                 0,       15050.94312,        12365.62343,                  0,        0.1814272126,         0.1569283951,                    0,          301389.9116,           301315.0042,                     0,           118.1854486,           -135.5558471,                      0,        118.1854255,         135.4954346,                   0,                90.01100909,                 180.5254648,                           0,            -3.917329154e-07,             -0.0008911315805,                          nan,                      0.7616083685,                        1.332336144,                                nan,           299.9791098,            299.9045531,                      0,            17149.89851,             16856.26439,                       0,      0.9040023585,      0.5459302464,                 0,                 0,                 0,      0.4450568933,      0.3882825061,      0.9820879765,                 0,      0.6039035643
        1006,     0.06212524816,      -5.384417199,      -2.982016257,     0.03097754982,                        10,      -2.671349442,               6,      -4.016038091,   6.051547817e-08,   2.649029467e-05,      0.2533431904,       2.258833333,       2.102395123,         0.7071734447,         -0.7004844022,                     0,      0.4364387564,      0.6800242261,                 0,       288.9677589,       274.5114591,                 0,       15046.05544,        12365.62526,                  0,        0.1813859351,         0.1569295406,                    0,           301387.001,           301320.0655,                     0,             118.32246,           -135.5776069,                      0,        118.3224315,         135.5162367,                   0,                90.11230461,                 180.5455861,                           0,             -4.82623883e-07,             -0.0009051097829,                          nan,                      0.7615825968,                        1.332280105,                                nan,           299.9762129,            299.9095906,                      0,            17149.58638,              16857.7131,                       0,      0.9026569751,      0.5445354482,                 0,                 0,                 0,      0.4439757375,      0.3880575209,      0.9801631647,                 0,      0.6032584506
        1007,     0.06208833006,      -5.378505359,      -2.975170034,     0.04066292154,                         4,      -4.587246248,               3,      -5.893876592,   6.052808512e-09,     2.6486353e-06,      0.3040118284,            2.7106,       2.522874148,         0.7073361522,         -0.7005057775,                     0,      0.4365321589,      0.6800392335,                 0,        288.969665,        274.510895,                 0,       15046.47003,        12365.58621,                  0,        0.1813897371,         0.1569293539,                    0,          301393.7233,            301320.573,                     0,            118.347199,           -135.5820145,                      0,        118.3471713,         135.5205693,                   0,                 90.1331669,                 180.5481579,                           0,            -4.680835655e-07,             -0.0009061872973,                          nan,                      0.7615996723,                         1.33225649,                                nan,           299.9829037,            299.9100958,                      0,             17151.0019,             16857.87991,                       0,      0.9025867143,      0.5444575859,                 0,                 0,                 0,      0.4439127138,      0.3880488139,      0.9800586501,                 0,      0.6032191448
        1008,     0.06205254509,      -5.385473576,      -2.978632575,     0.02972744093,                         4,      -4.184783439,               3,       -5.50223795,   7.263494541e-09,   3.178290772e-06,      0.3648141941,           3.25272,       3.027448977,         0.7074864201,         -0.7005320171,                     0,      0.4366316464,      0.6800579828,                 0,       288.9694552,       274.5103853,                 0,       15046.43402,        12365.56872,                  0,         0.181389435,          0.156929414,                    0,          301398.5481,           301321.4303,                     0,           118.3725319,           -135.5872364,                      0,        118.3725063,         135.5256647,                   0,                90.15577397,                 180.5516284,                           0,            -4.319053131e-07,             -0.0009080172272,                          nan,                      0.7616276512,                        1.332232008,                                nan,           299.9877059,            299.9109491,                      0,            17151.96544,             16858.13579,                       0,      0.9024921035,      0.5443527336,                 0,                 0,                 0,      0.4438299803,      0.3880370928,      0.9799179098,                 0,      0.6031662011
        1009,     0.06201829584,      -5.393342414,      -2.981244795,     0.01782010641,                         5,      -4.705339158,               3,      -5.122550502,   8.716376783e-09,    3.81384492e-06,      0.4377770329,          3.903264,       3.632938773,         0.7076282878,         -0.7005636959,                     0,      0.4367399389,      0.6800813079,                 0,       288.9668975,       274.5099154,                 0,       15045.90442,        12365.57195,                  0,        0.1813846563,         0.1569297185,                    0,          301401.3715,           301322.6859,                     0,           118.3993802,            -135.593397,                      0,        118.3993576,         135.5316423,                   0,                90.18034613,                 180.5562292,                           0,            -3.814292561e-07,             -0.0009106734138,                          nan,                      0.7616624614,                        1.332207197,                                nan,           299.9905161,            299.9121988,                      0,            17152.45546,             16858.49248,                       0,      0.9023630541,      0.5442096303,                 0,                 0,                 0,      0.4437198659,      0.3880211563,      0.9797258726,                 0,      0.6030938743
        1010,     0.06198422948,      -5.401529655,      -2.983674971,    0.005609907143,                         5,      -4.265809786,               3,      -4.755981606,   1.045992285e-08,   4.576461291e-06,      0.5253324395,         4.6839168,       4.359526527,         0.7077713488,         -0.7006014968,                     0,      0.4368613902,      0.6801101347,                 0,       288.9619301,       274.5094674,                 0,       15044.88702,        12365.59367,                  0,        0.1813755091,         0.1569302484,                    0,          301402.3502,           301324.3914,                     0,           118.4292819,           -135.6006491,                      0,        118.4292625,         135.5386539,                   0,                90.20728483,                 180.5622109,                           0,            -3.278591696e-07,             -0.0009141704457,                          nan,                      0.7616975987,                        1.332182412,                                nan,           299.9914902,            299.9138964,                      0,            17152.52253,              16858.9609,                       0,       0.902188104,       0.544015611,                 0,                 0,                 0,      0.4435734597,      0.3879995616,      0.9794655176,                 0,      0.6029957706
        1011,     0.06195253132,      -5.408935717,      -2.986193519,   -0.005406094991,                         6,      -4.562006895,               3,      -4.403716816,   1.255230742e-08,   5.491527375e-06,      0.6303989274,        5.62070016,       5.231431833,         0.7079296403,         -0.7006465683,                     0,      0.4370016445,      0.6801455314,                 0,       288.9546972,       274.5090287,                 0,       15043.43767,        12365.63233,                  0,        0.1813625758,         0.1569309904,                    0,          301401.9216,           301326.6147,                     0,           118.4642096,           -135.6092263,                      0,        118.4641928,         135.5469347,                   0,                90.23723423,                 180.5698285,                           0,            -2.830626138e-07,             -0.0009184818985,                          nan,                      0.7617258183,                        1.332157226,                                nan,           299.9910636,            299.9161093,                      0,            17152.28737,             16859.55489,                       0,      0.9019557527,      0.5437578172,                 0,                 0,                 0,       0.443381437,      0.3879709523,      0.9791196473,                 0,      0.6028652909
        1012,     0.06192076456,      -5.414578123,       -2.98879213,    -0.01374390725,                         6,      -4.110705736,               3,      -4.066815043,   1.506336027e-08,   6.589495614e-06,      0.7564787129,       6.744840191,       6.277718199,         0.7081183889,          -0.700700959,                     0,      0.4371667167,       0.680188818,                 0,        288.945506,       274.5085877,                 0,       15041.64304,        12365.68863,                  0,        0.1813467083,         0.1569319587,                    0,          301400.7121,           301329.4436,                     0,           118.5061592,           -135.6195118,                      0,        118.5061441,         135.5568695,                   0,                90.27108551,                 180.5793318,                           0,            -2.559025044e-07,             -0.0009235815697,                          nan,                      0.7617418171,                        1.332129699,                                nan,           299.9898598,            299.9189249,                      0,            17151.90974,             16860.29498,                       0,      0.9016563027,      0.5434242688,                 0,                 0,                 0,      0.4431351499,      0.3879348743,      0.9786728552,                 0,      0.6026955806
        1013,     0.06189198738,      -5.418339977,      -2.991524389,    -0.01907576122,                         7,      -4.253654658,               4,      -4.889495574,   1.807690772e-08,   7.906893537e-06,      0.9077744555,        8.09380823,       7.533261839,         0.7083496125,         -0.7007676677,                     0,      0.4373617317,      0.6802416572,                 0,       288.9347153,       274.5080979,                 0,        15039.5859,        12365.76291,                  0,        0.1813286786,          0.156933184,                    0,          301399.3577,           301332.9527,                     0,           118.5566416,           -135.6320632,                      0,        118.5566268,          135.569014,                   0,                90.30988838,                 180.5909627,                           0,             -2.49511236e-07,             -0.0009294929015,                          nan,                      0.7617447528,                        1.332096158,                                nan,           299.9885117,            299.9224176,                      0,              17151.536,             16861.20642,                       0,       0.901283581,       0.543004139,                 0,                 0,                 0,      0.4428275249,      0.3878929779,       0.978112788,                 0,      0.6024786764
        1014,     0.06186577803,      -5.420991385,      -2.994588758,     -0.0223934778,                         8,       -4.30875622,               4,      -4.484658028,   2.169358901e-08,   9.487538893e-06,       1.089329347,       9.712569876,       9.039914207,         0.7086288441,         -0.7008496468,                     0,      0.4375898653,      0.6803059517,                 0,       288.9225873,       274.5074101,                 0,       15037.31231,        12365.84662,                  0,        0.1813088768,         0.1569346432,                    0,          301398.2949,           301337.1221,                     0,           118.6163315,           -135.6474858,                      0,         118.616316,          135.583965,                   0,                90.35465315,                 180.6049715,                           0,            -2.602007992e-07,             -0.0009363375752,                          nan,                      0.7617388245,                        1.332052588,                                nan,           299.9874539,            299.9265674,                      0,            17151.25107,             16862.30592,                       0,      0.9008359524,       0.542487441,                 0,                 0,                 0,      0.4424534317,      0.3878500141,      0.9774305107,                 0,      0.6022044742
        1015,     0.06184453819,      -5.423280842,      -2.997926994,    -0.02475519989,                         9,      -4.282329761,               4,      -4.101266183,   2.603424598e-08,   1.138400176e-05,       1.307195216,       11.65508385,       10.84789705,          0.708954994,         -0.7009475916,                     0,      0.4378519799,      0.6803833613,                 0,       288.9092035,       274.5062369,                 0,       15034.82301,        12365.91347,                  0,        0.1812872604,         0.1569361681,                    0,          301397.6547,            301341.761,                     0,           118.6850778,           -135.6660891,                      0,        118.6850612,         135.6020139,                   0,                90.40609637,                 180.6216537,                           0,            -2.788338773e-07,             -0.0009443784888,                          nan,                      0.7617310504,                        1.331998313,                                nan,           299.9868167,            299.9311846,                      0,             17151.0649,             16863.58242,                       0,      0.9003160991,      0.5418647125,                 0,                 0,                 0,       0.442009372,      0.3878138509,      0.9766201217,                 0,      0.6018605166
        1016,     0.06182469902,      -5.424872475,      -3.000980922,    -0.02575965938,                        10,      -4.185786535,               5,      -4.619791805,   3.124400515e-08,   1.365936076e-05,       1.568634259,       13.98610062,       13.01747646,         0.7093234439,         -0.7010576004,                     0,       0.438147084,      0.6804744952,                 0,       288.8944736,       274.5042445,                 0,       15032.09227,        12365.92376,                  0,        0.1812635752,         0.1569374464,                    0,           301397.295,           301346.5485,                     0,            118.762278,           -135.6874348,                      0,        118.7622604,         135.6226942,                   0,                90.46441121,                 180.6413985,                           0,            -2.960158644e-07,             -0.0009540340537,                          nan,                       0.761726923,                        1.331940791,                                nan,           299.9864587,            299.9359497,                      0,            17150.93851,              16864.9911,                       0,      0.8997303629,      0.5411275595,                 0,                 0,                 0,      0.4414930467,      0.3877946195,      0.9756787866,                 0,      0.6014330313
        1017,     0.06180401248,      -5.424171436,      -3.003206691,    -0.02331526452,                        10,      -3.697047389,               5,      -4.212866617,   3.749719472e-08,   1.638930822e-05,       1.882361111,       16.78332075,       15.62097175,         0.7097303755,          -0.701170819,                     0,       0.438473477,      0.6805782616,                 0,       288.8781882,       274.5012907,                 0,       15029.09237,        12365.84921,                  0,        0.1812376177,         0.1569382007,                    0,          301396.9138,           301351.2476,                     0,           118.8474319,           -135.7101065,                      0,        118.8474136,          135.644556,                   0,                90.52920606,                 180.6647152,                           0,            -3.091520244e-07,             -0.0009658039894,                          nan,                       0.761726346,                        1.331898017,                                nan,           299.9860793,            299.9406268,                      0,            17150.82347,             16866.47783,                       0,      0.8990902138,      0.5402702225,                 0,                 0,                 0,      0.4409038543,      0.3878049341,      0.9746088749,                 0,       0.600907689
        1018,     0.06178492385,      -5.419970132,      -3.004612716,    -0.01599804993,                        10,      -3.260487121,               6,      -4.721129309,   4.500326667e-08,   1.966466659e-05,       2.258833333,       20.13998489,        18.7451661,         0.7101757062,         -0.7012766215,                     0,      0.4388303105,       0.680692141,                 0,       288.8600725,       274.4976481,                 0,       15025.80232,        12365.70417,                  0,        0.1812093061,         0.1569384556,                    0,          301396.1841,            301355.971,                     0,           118.9405871,           -135.7320708,                      0,        118.9405678,         135.6655422,                   0,                90.59982031,                 180.6921975,                           0,            -3.247297838e-07,             -0.0009800539583,                          nan,                      0.7617234556,                        1.331894559,                                nan,            299.985353,            299.9453281,                      0,            17150.68768,             16868.02574,                       0,      0.8984176723,      0.5392904353,                 0,                 0,                 0,      0.4402446772,      0.3878636849,      0.9734219277,                 0,      0.6002669492
        1019,     0.06176526627,      -5.413381964,      -3.005499696,   -0.005567794395,                        10,      -2.875659262,               6,      -4.297654439,   5.401391711e-08,   2.359438881e-05,      0.2258833333,       2.013998489,        1.87451661,         0.7106625821,         -0.7013681507,                     0,      0.4392186507,      0.6808136986,                 0,       288.8399238,       274.4939536,                 0,       15022.21128,        12365.55017,                  0,        0.1811786362,         0.1569386257,                    0,           301394.952,           301361.2387,                     0,           119.0422823,           -135.7516416,                      0,        119.0422613,         135.6839704,                   0,                90.67605503,                 180.7244205,                           0,            -3.537108774e-07,             -0.0009967379559,                          nan,                      0.7617131432,                        1.331951151,                                nan,           299.9841266,            299.9505712,                      0,            17150.53011,             16869.68343,                       0,      0.8977537378,      0.5381921335,                 0,                 0,                 0,      0.4395249529,      0.3880011007,      0.9721459212,                 0,      0.5994874885
        1020,     0.06172903585,      -5.406295582,       -3.00603953,    0.005549967789,                         4,      -4.840416217,               2,      -4.108854293,   5.402633104e-09,   2.359095195e-06,           0.27106,       2.416798187,       2.249419932,         0.7107767269,         -0.7013883572,                     0,      0.4392837067,      0.6808319454,                 0,       288.8409141,       274.4933468,                 0,       15022.44236,        12365.51497,                  0,        0.1811808022,         0.1569385129,                    0,          301399.3022,            301361.949,                     0,           119.0599758,           -135.7558123,                      0,        119.0599557,         135.6880385,                   0,                90.68983014,                 180.7284413,                           0,            -3.374991381e-07,             -0.0009982170625,                          nan,                       0.761715638,                        1.331940849,                                nan,           299.9884564,            299.9512782,                      0,            17151.45456,             16869.90549,                       0,      0.8977270057,       0.538139609,                 0,                 0,                 0,      0.4394852347,      0.3880116653,      0.9720879401,                 0,      0.5994468314
        1021,     0.06169435098,      -5.410815054,      -3.008577809,   -0.001643342867,                         4,      -4.428629116,               3,      -5.721518252,   6.483304599e-09,   2.830841237e-06,          0.325272,       2.900157825,       2.699303918,         0.7108850865,         -0.7014118322,                     0,      0.4393538215,      0.6808545203,                 0,       288.8405706,       274.4926895,                 0,       15022.39365,         12365.4888,                  0,        0.1811804303,         0.1569385478,                    0,          301402.5189,            301362.939,                     0,           119.0783667,           -135.7605817,                      0,        119.0783482,         135.6926497,                   0,                90.70496421,                 180.7337072,                           0,             -3.10712622e-07,              -0.001000512515,                          nan,                      0.7617250789,                        1.331934395,                                nan,           299.9916581,            299.9522635,                      0,            17152.11104,             16870.20847,                       0,      0.8976904514,      0.5380669604,                 0,                 0,                 0,      0.4394334359,      0.3880266115,      0.9720079985,                 0,      0.5993903128
        1022,     0.06165983715,      -5.415896547,      -3.010564887,   -0.009317350033,                         4,      -4.037206302,               3,      -5.333500607,   7.780173719e-09,   3.396907386e-06,         0.3903264,        3.48018939,       3.239164702,         0.7109891617,         -0.7014385179,                     0,      0.4394304932,      0.6808822261,                 0,       288.8387178,       274.4919628,                 0,       15022.02924,        12365.47094,                  0,        0.1811771976,         0.1569387318,                    0,          301404.4956,           301364.2501,                     0,             119.09792,           -135.7659497,                      0,        119.0979035,         135.6977977,                   0,                90.72161375,                 180.7405277,                           0,            -2.766561991e-07,              -0.001003711024,                          nan,                      0.7617398046,                        1.331934127,                                nan,           299.9936255,            299.9535685,                      0,            17152.47378,             16870.60387,                       0,      0.8976393577,      0.5379651305,                 0,                 0,                 0,      0.4393647645,      0.3880476756,      0.9718960333,                 0,      0.5993109882
        1023,     0.06162790898,      -5.421197102,      -3.012368291,     -0.0170600632,                         5,      -4.551977719,               3,      -4.957759781,   9.336507204e-09,   4.076146136e-06,        0.46839168,       4.176227268,       3.886997643,         0.7110937318,         -0.7014681528,                     0,      0.4395161586,      0.6809158663,                 0,       288.8352806,       274.4911474,                 0,       15021.34159,        12365.45949,                  0,        0.1811710601,         0.1569390514,                    0,          301405.2783,           301365.9235,                     0,           119.1194666,           -135.7718818,                      0,        119.1194523,         135.7034472,                   0,                90.74002492,                 180.7492424,                           0,            -2.404320016e-07,              -0.001007828643,                          nan,                      0.7617565659,                        1.331942896,                                nan,           299.9944046,             299.955234,                      0,            17152.55891,             16871.10139,                       0,       0.897568313,      0.5378242655,                 0,                 0,                 0,      0.4392736718,       0.388076524,      0.9717409267,                 0,      0.5992014844
        1024,     0.06159698449,      -5.426075447,      -3.014199126,    -0.02401808602,                         5,      -4.126062143,               3,      -4.595489411,   1.120423662e-08,   4.891175506e-06,       0.562070016,       5.011472721,       4.664397171,         0.7112066403,         -0.7015003492,                     0,      0.4396140879,      0.6809562188,                 0,       288.8303117,       274.4902268,                 0,        15020.3561,        12365.45219,                  0,        0.1811622908,         0.1569394861,                    0,          301405.0893,            301368.001,                     0,            119.144143,           -135.7783191,                      0,        119.1441306,         135.7095418,                   0,                 90.7605665,                 180.7602054,                           0,            -2.077222133e-07,              -0.001012825432,                          nan,                      0.7617711928,                        1.331963862,                                nan,           299.9942165,            299.9573018,                      0,             17152.4287,             16871.70954,                       0,       0.897472105,      0.5376351398,                 0,                 0,                 0,      0.4391544812,       0.388114601,      0.9715321813,                 0,      0.5990549866
        1025,     0.06156780536,      -5.429917609,      -3.016157546,    -0.02933703291,                         6,      -4.407320426,               3,      -4.247824907,   1.344569618e-08,   5.869129644e-06,      0.6744840191,       6.013767265,       5.597276605,         0.7113372187,         -0.7015348024,                     0,      0.4397278979,      0.6810040385,                 0,       288.8239932,       274.4891944,                 0,       15019.12498,        12365.44804,                  0,        0.1811514051,         0.1569400256,                    0,          301404.3034,           301370.5333,                     0,           119.1731755,           -135.7852081,                      0,        119.1731646,         135.7160315,                   0,                90.78373908,                 180.7737644,                           0,            -1.832315973e-07,              -0.001018652339,                          nan,                      0.7617800483,                        1.332000077,                                nan,           299.9934343,            299.9598223,                      0,            17152.17956,             16872.43811,                       0,      0.8973471015,       0.537390416,                 0,                 0,                 0,      0.4390022342,      0.3881634638,      0.9712617593,                 0,      0.5988657178
        1026,     0.06154223856,      -5.432558504,       -3.01842508,    -0.03277842566,                         7,      -4.575057072,               4,      -5.134988715,    1.61357105e-08,   7.042559103e-06,       0.809380823,       7.216520719,       6.716731926,           0.71149364,         -0.7015715859,                     0,      0.4398607685,      0.6810601134,                 0,       288.8165792,       274.4880553,                 0,       15017.70875,        12365.44885,                  0,        0.1811389731,         0.1569406895,                    0,          301403.3488,           301373.5861,                     0,           119.2075603,           -135.7925487,                      0,        119.2075502,         135.7229154,                   0,                90.81013066,                 180.7902464,                           0,            -1.693942482e-07,              -0.001025319879,                          nan,                      0.7617817034,                        1.332053956,                                nan,           299.9924842,            299.9628608,                      0,            17151.91301,             16873.30131,                       0,      0.8971930877,      0.5370853815,                 0,                 0,                 0,       0.438813603,      0.3882257973,      0.9709257819,                 0,      0.5986285326
        1027,       0.061515832,      -5.434342087,      -3.021337595,    -0.03483706026,                         7,       -4.10178342,               4,      -4.714459198,   1.936410349e-08,   8.450511805e-06,      0.9712569876,       8.659824862,       8.060078312,         0.7116803121,         -0.7016113407,                     0,      0.4400146247,      0.6811253479,                 0,       288.8083112,       274.4868208,                 0,       15016.15396,        12365.45928,                  0,        0.1811254048,         0.1569415304,                    0,          301402.5765,           301377.2405,                     0,            119.247768,            -135.800434,                      0,        119.2477581,         135.7302783,                   0,                90.84030847,                 180.8099549,                           0,            -1.656297453e-07,              -0.001032950243,                          nan,                      0.7617779142,                          1.3321269,                                nan,           299.9917155,             299.966498,                      0,            17151.70192,             16874.31906,                       0,      0.8970151068,      0.5367180341,                 0,                 0,                 0,      0.4385875678,      0.3883068265,      0.9705257124,                 0,      0.5983377872
        1028,     0.06149208435,      -5.435628092,       -3.02509643,    -0.03604926266,                         8,      -4.147495876,               4,      -4.315713793,   2.323871418e-08,    1.01398321e-05,       1.165508385,       10.39178983,       9.672093974,         0.7118967726,         -0.7016550547,                     0,      0.4401896347,      0.6812008157,                 0,       288.7993487,       274.4854888,                 0,       15014.48106,        12365.48312,                  0,        0.1811108467,         0.1569425983,                    0,          301402.1625,           301381.5748,                     0,           119.2936263,           -135.8090388,                      0,        119.2936162,         135.7382789,                   0,                90.87466088,                 180.8331904,                           0,             -1.68365788e-07,              -0.001041778513,                          nan,                      0.7617730415,                        1.332219562,                                nan,           299.9913034,            299.9708121,                      0,            17151.57151,             16875.51266,                       0,      0.8968246539,      0.5362890096,                 0,                 0,                 0,      0.4383256253,      0.3884153101,      0.9700690225,                 0,      0.5979864707
        1029,        0.06147281,      -5.436205327,      -3.029404545,    -0.03615227838,                         9,      -4.112615176,               5,      -4.872160171,   2.788902201e-08,   1.216672248e-05,       1.398610062,        12.4701478,       11.60651277,          0.712138724,          -0.701703149,                     0,      0.4403841775,      0.6812876525,                 0,       288.7897609,       274.4840145,                 0,       15012.69174,        12365.51612,                  0,        0.1810952753,         0.1569438654,                    0,          301402.0973,           301386.6256,                     0,           119.3444317,           -135.8185012,                      0,        119.3444214,         135.7470356,                   0,                90.91322921,                 180.8602824,                           0,            -1.724378283e-07,              -0.001052092124,                          nan,                      0.7617719215,                        1.332333201,                                nan,           299.9912386,            299.9758392,                      0,            17151.50739,             16876.89333,                       0,      0.8966398923,      0.5358026791,                 0,                 0,                 0,      0.4380316788,      0.3885630478,      0.9695701961,                 0,      0.5975672995
        1030,      0.0614553838,      -5.435285211,      -3.033605977,    -0.03407422506,                        10,      -4.011238675,               5,      -4.445136698,   3.347050175e-08,   1.459862061e-05,       1.678332075,       14.96417736,       13.92781532,         0.7124003678,         -0.7017539192,                     0,      0.4405951808,      0.6813866527,                 0,       288.7795796,          274.4823,                 0,       15010.78907,         12365.5395,                  0,        0.1810787076,         0.1569451496,                    0,          301402.2582,           301392.3452,                     0,            119.399203,           -135.8286772,                      0,        119.3991926,         135.7563879,                   0,                90.95558724,                 180.8916051,                           0,            -1.740481523e-07,               -0.00106413598,                          nan,                      0.7617772389,                        1.332472143,                                nan,           299.9913986,            299.9815321,                      0,            17151.48194,              16878.4473,                       0,       0.896485617,      0.5352698848,                 0,                 0,                 0,      0.4377120615,      0.3887631931,      0.9690528833,                 0,      0.5970758199
        1031,     0.06144195601,      -5.432213363,      -3.037282792,    -0.02893863816,                        10,      -3.538217456,               5,      -4.048491446,   4.016984878e-08,   1.751645327e-05,       2.013998489,       17.95701283,       16.71337839,         0.7126763931,         -0.7018020494,                     0,      0.4408186471,      0.6814975787,                 0,       288.7688551,        274.480244,                 0,       15008.79214,        12365.52215,                  0,        0.1810613424,         0.1569461131,                    0,          301402.4939,           301398.6052,                     0,           119.4569208,           -135.8388437,                      0,        119.4569105,         135.7656056,                   0,                91.00084633,                 180.9275447,                           0,            -1.733070354e-07,              -0.001078018039,                          nan,                      0.7617880454,                        1.332646394,                                nan,           299.9916333,            299.9877628,                      0,            17151.47645,             16880.12866,                       0,      0.8963958047,      0.5347128784,                 0,                 0,                 0,      0.4373768678,      0.3890292892,      0.9685553743,                 0,      0.5965142581
        1032,     0.06142918751,      -5.427132418,      -3.040456188,    -0.02093968651,                        10,      -3.119739361,               6,      -4.534361734,   4.821123578e-08,   2.101733646e-05,       2.416798187,        21.5484154,       20.05605406,         0.7129623204,         -0.7018387408,                     0,       0.441050135,      0.6816186745,                 0,       288.7577129,       274.4778795,                 0,       15006.73908,         12365.4387,                  0,        0.1810435605,         0.1569464138,                    0,          301402.7093,           301405.3106,                     0,            119.516585,           -135.8475814,                      0,        119.5165747,         135.7732782,                   0,                91.04787548,                 180.9684613,                           0,            -1.736298199e-07,              -0.001093619629,                          nan,                      0.7618012459,                        1.332872444,                                nan,           299.9918476,            299.9944368,                      0,            17151.48934,             16881.87667,                       0,      0.8964218562,       0.534170952,                 0,                 0,                 0,       0.437043651,      0.3893784136,      0.9681400732,                 0,      0.5958923785
        1033,     0.06141415948,      -5.420473177,      -3.043098239,    -0.01051425873,                        10,      -2.752150843,               6,      -4.122271084,   5.786378023e-08,   2.521780289e-05,      0.2416798187,        2.15484154,       2.005605406,         0.7132526137,         -0.7018545371,                     0,      0.4412845295,      0.6817472227,                 0,       288.7464746,       274.4755155,                 0,       15004.69273,        12365.29545,                  0,        0.1810259184,         0.1569459538,                    0,          301402.9785,           301412.5958,                     0,           119.5769013,           -135.8530984,                      0,        119.5768906,         135.7776424,                   0,                91.09563585,                 181.0147576,                           0,            -1.785082331e-07,              -0.001110537709,                          nan,                      0.7618163958,                        1.333170575,                                nan,           299.9921156,            300.0016879,                      0,            17151.54037,             16883.65905,                       0,      0.8966448054,      0.5337078677,                 0,                 0,                 0,      0.4367436696,      0.3898363875,      0.9679068065,                 0,      0.5952277474
        1034,     0.06138276744,      -5.411659013,      -3.044392798,    0.003424303499,                         4,      -4.744828221,               2,      -4.025248077,   5.787534379e-09,   2.521472457e-06,      0.2900157825,       2.585809848,       2.406726488,         0.7133206869,         -0.7018664701,                     0,       0.441323002,      0.6817665557,                 0,         288.74689,       274.4751521,                 0,       15004.80783,        12365.30697,                  0,        0.1810270467,         0.1569462932,                    0,          301405.3821,           301413.6594,                     0,           119.5875667,           -135.8552488,                      0,        119.5875566,         135.7797085,                   0,                91.10344152,                 181.0208853,                           0,            -1.695419283e-07,               -0.00111176218,                          nan,                      0.7618137217,                        1.333195418,                                nan,            299.994508,            300.0027465,                      0,            17152.06432,              16883.9618,                       0,      0.8966785972,      0.5337082063,                 0,                 0,                 0,      0.4367340603,      0.3898630627,      0.9679275533,                 0,      0.5952056936
        1035,     0.06134968958,      -5.416057714,      -3.047085485,   -0.003438916259,                         4,      -4.339181672,               3,      -5.544479937,   6.945201349e-09,   3.025685413e-06,       0.348018939,       3.102971818,       2.888071785,         0.7133842832,         -0.7018784851,                     0,      0.4413639711,       0.681790844,                 0,       288.7465385,       274.4746653,                 0,       15004.75753,        12365.30967,                  0,        0.1810266603,         0.1569465961,                    0,          301407.1132,           301414.9718,                     0,           119.5984817,           -135.8575346,                      0,        119.5984723,         135.7818577,                   0,                91.11199361,                 181.0288272,                           0,            -1.565215998e-07,              -0.001113752016,                          nan,                      0.7618156973,                        1.333232806,                                nan,           299.9962309,            300.0040527,                      0,            17152.42469,             16884.33114,                       0,      0.8967189682,      0.5336996805,                 0,                 0,                 0,       0.436719805,      0.3899003434,      0.9679452356,                 0,      0.5951693891
        1036,     0.06132411688,      -5.421310722,      -3.049298093,    -0.01117060837,                         5,      -4.893064488,               3,      -5.161858233,   8.334464449e-09,   3.630710708e-06,      0.4176227268,       3.723566181,       3.465686142,         0.7134441312,         -0.7018899726,                     0,      0.4414080567,      0.6818209161,                 0,       288.7453631,       274.4740562,                 0,       15004.52906,        12365.30406,                  0,        0.1810246408,         0.1569468678,                    0,           301408.144,           301416.5985,                     0,           119.6098471,           -135.8598384,                      0,        119.6098386,         135.7839713,                   0,                91.12135251,                 181.0390048,                           0,            -1.407108091e-07,              -0.001116532982,                          nan,                      0.7618215487,                        1.333287008,                                nan,           299.9972569,            300.0056718,                      0,            17152.61322,             16884.78057,                       0,      0.8967667334,      0.5336764073,                 0,                 0,                 0,      0.4366985081,      0.3899524426,      0.9679556675,                 0,      0.5951117358
        1037,     0.06129528796,      -5.427141526,      -3.051145157,    -0.01945343653,                         5,      -4.441469012,               3,      -4.792157683,    1.00016655e-08,   4.356701278e-06,      0.5011472721,       4.468279418,       4.158823371,         0.7135027083,         -0.7019000472,                     0,      0.4414562493,      0.6818575426,                 0,        288.743382,       274.4733288,                 0,       15004.12962,        12365.29061,                  0,        0.1810210638,         0.1569471114,                    0,          301408.5443,           301418.6036,                     0,           119.6220289,           -135.8619835,                      0,        119.6220215,         135.7858756,                   0,                91.13160203,                 181.0518675,                           0,            -1.239571742e-07,              -0.001120057542,                          nan,                      0.7618296441,                        1.333363037,                                nan,           299.9976554,            300.0076676,                      0,            17152.64824,             16885.32237,                       0,      0.8968233364,      0.5336334979,                 0,                 0,                 0,      0.4366678249,      0.3900234714,       0.967955835,                 0,      0.5950263293
        1038,     0.06126407834,      -5.432897305,      -3.052683166,    -0.02742511565,                         5,       -4.01824057,               3,       -4.43649748,   1.200242214e-08,   5.227838136e-06,      0.6013767265,       5.361935301,       4.990588045,         0.7135638517,         -0.7019074326,                     0,      0.4415097239,      0.6819013519,                 0,       288.7407063,       274.4724865,                 0,       15003.58831,        12365.26914,                  0,        0.1810162105,         0.1569473209,                    0,          301408.4906,           301421.0392,                     0,           119.6354851,           -135.8637225,                      0,        119.6354786,         135.7873282,                   0,                91.14284907,                 181.0678624,                           0,            -1.081964568e-07,              -0.001124256865,                          nan,                      0.7618379608,                        1.333466567,                                nan,           299.9976018,            300.0100917,                      0,            17152.57501,             16885.96545,                       0,        0.89689163,      0.5335688937,                 0,                 0,                 0,      0.4366261417,      0.3901169465,      0.9679458292,                 0,        0.59490899
        1039,     0.06123633038,      -5.437843924,      -3.054030075,    -0.03405968123,                         6,      -4.275852757,               3,      -4.095897665,   1.440348527e-08,   6.273135146e-06,      0.7216520719,       6.434322361,       5.988705654,         0.7136315467,          -0.701910445,                     0,       0.441569418,      0.6819527573,                 0,       288.7375349,       274.4715382,                 0,       15002.95102,        12365.23938,                  0,        0.1810105098,         0.1569474869,                    0,          301408.2382,           301423.9463,                     0,           119.6506009,           -135.8647404,                      0,        119.6505952,         135.7880136,                   0,                91.15520017,                 181.0873993,                           0,            -9.484497054e-08,              -0.001129140632,                          nan,                      0.7618449368,                        1.333603715,                                nan,           299.9973507,            300.0129852,                      0,            17152.45556,             16886.71542,                       0,      0.8969771977,      0.5334848038,                 0,                 0,                 0,       0.436573415,      0.3902359708,       0.967930791,                 0,      0.5947584902
        1040,     0.06120950029,      -5.441673319,      -3.055472524,      -0.038896088,                         7,      -4.425537969,               4,      -4.937176508,   1.728496882e-08,   7.527404387e-06,      0.8659824862,       7.721186834,       7.186446785,         0.7137082043,           -0.70190726,                     0,      0.4416354596,      0.6820119549,                 0,        288.734116,       274.4705203,                 0,       15002.26867,         12365.2041,                  0,        0.1810044206,         0.1569476231,                    0,          301408.0531,           301427.3802,                     0,           119.6674777,           -135.8646954,                      0,        119.6674726,         135.7875771,                   0,                91.16870083,                 181.1108242,                           0,            -8.435417853e-08,              -0.001134900307,                          nan,                      0.7618503074,                        1.333780512,                                nan,           299.9971664,            300.0164031,                      0,            17152.34943,             16887.57898,                       0,      0.8970902772,       0.533388455,                 0,                 0,                 0,      0.4365120689,      0.3903843089,      0.9679226729,                 0,      0.5945761185
        1041,     0.06118581017,      -5.444648461,      -3.057381665,    -0.04229607998,                         8,      -4.483124073,               4,      -4.527847458,   2.074302615e-08,   9.032414475e-06,       1.039178983,         9.2654242,       8.623736142,         0.7137932302,         -0.7018965194,                     0,      0.4417066544,      0.6820790441,                 0,        288.730695,       274.4695323,                 0,       15001.58486,        12365.17316,                  0,        0.1809983148,         0.1569477983,                    0,          301408.1305,           301431.4578,                     0,             119.68577,           -135.8633115,                      0,        119.6857654,          135.785716,                   0,                91.18323869,                 181.1384128,                           0,             -7.61617498e-08,              -0.001141931974,                          nan,                      0.7618553333,                        1.334001971,                                nan,           299.9972435,            300.0204616,                      0,            17152.29431,             16888.57135,                       0,      0.8972479972,      0.5332923014,                 0,                 0,                 0,      0.4364478051,      0.3905680389,      0.9679417617,                 0,      0.5943644378
        1042,      0.0611864977,      -5.446907214,       -3.05991108,     -0.0444925994,                         9,      -4.456000301,               4,      -4.141099524,   2.489306203e-08,   1.083828049e-05,        1.24701478,       11.11850904,       10.34848337,          0.713882749,         -0.7018780558,                     0,      0.4417802743,      0.6821542975,                 0,       288.7274742,       274.4687431,                 0,       15000.93066,        12365.16359,                  0,        0.1809924407,         0.1569481324,                    0,          301408.5417,           301436.3859,                     0,           119.7046638,           -135.8605092,                      0,        119.7046596,         135.7823184,                   0,                91.19843571,                 181.1703927,                           0,            -6.913345585e-08,              -0.001150714324,                          nan,                      0.7618620361,                        1.334270874,                                nan,           299.9976528,            300.0253666,                      0,            17152.29788,              16889.7203,                       0,      0.8974761442,      0.5332144379,                 0,                 0,                 0,      0.4363901951,      0.3907967081,      0.9680180779,                 0,      0.5941265864
        1043,     0.06120079061,      -5.447623426,      -3.062800216,    -0.04439014236,                        10,      -4.356455814,               5,      -4.673759879,   2.987358593e-08,    1.30051328e-05,       1.496417736,       13.34221085,       12.41818004,         0.7139706005,         -0.7018529877,                     0,      0.4418522108,      0.6822384413,                 0,       288.7246175,       274.4683211,                 0,       15000.33115,        12365.18895,                  0,        0.1809869982,         0.1569487009,                    0,          301409.2472,           301442.4054,                     0,           119.7229938,           -135.8564795,                      0,          119.72299,         135.7775534,                   0,                91.21358255,                 181.2069817,                           0,            -6.232602612e-08,              -0.001161567048,                          nan,                      0.7618719054,                        1.334587177,                                nan,            299.998355,            300.0313579,                      0,            17152.34689,             16891.05548,                       0,      0.8978095277,      0.5331796979,                 0,                 0,                 0,      0.4363529472,       0.391082958,      0.9681924696,                 0,      0.5938672752
        1044,     0.06118936775,      -5.445501744,       -3.06550334,    -0.04023704918,                        10,      -3.850894047,               5,      -4.263907141,   3.585083203e-08,   1.560512318e-05,       1.795701283,       16.01065302,       14.90181605,         0.7140496093,         -0.7018223024,                     0,      0.4419172372,      0.6823325863,                 0,       288.7223137,       274.4682887,                 0,       14999.82061,        12365.23907,                  0,        0.1809822823,         0.1569493611,                    0,          301410.1762,            301449.626,                     0,           119.7393613,           -135.8515349,                      0,         119.739358,         135.7717365,                   0,                91.22765873,                 181.2484123,                           0,            -5.553493643e-08,              -0.001174443644,                          nan,                      0.7618853171,                        1.334949504,                                nan,           299.9992796,            300.0385447,                      0,            17152.42714,              16892.5795,                       0,      0.8982910334,      0.5332216599,                 0,                 0,                 0,      0.4363540448,      0.3914405545,      0.9685176362,                 0,      0.5935956611
        1045,     0.06117256396,      -5.440219859,      -3.067526409,    -0.03163172795,                        10,      -3.401418199,               6,      -4.774203839,   4.302429317e-08,   1.872483939e-05,        2.15484154,       19.21278362,       17.88217926,         0.7141116749,         -0.7017841014,                     0,      0.4419688857,      0.6824375244,                 0,       288.7208829,       274.4684391,                 0,       14999.45913,        12365.26834,                  0,        0.1809788177,         0.1569496517,                    0,          301411.3309,           301457.8801,                     0,           119.7520606,           -135.8456593,                      0,        119.7520577,         135.7648807,                   0,                91.23940544,                 181.2949417,                           0,            -4.911672746e-08,              -0.001188917173,                          nan,                      0.7619026112,                        1.335359636,                                nan,           300.0004289,            300.0467602,                      0,            17152.54127,             16894.24131,                       0,      0.8989711171,      0.5333852609,                 0,                 0,                 0,      0.4364162732,      0.3918824027,      0.9690598993,                 0,       0.593328585
        1046,     0.06116039465,      -5.432408486,      -3.068478546,    -0.01943700189,                        10,      -3.006047319,               6,      -4.351102133,   5.163162477e-08,   2.246821031e-05,       2.585809848,       23.05534035,       21.45861512,           0.71414613,         -0.7017317068,                     0,      0.4419985644,      0.6825528705,                 0,       288.7208798,       274.4684915,                 0,       14999.34459,        12365.21758,                  0,        0.1809774376,         0.1569489818,                    0,          301412.8496,           301466.8279,                     0,           119.7587508,           -135.8379947,                      0,        119.7587482,         135.7561719,                   0,                91.24730471,                 181.3469558,                           0,            -4.336568193e-08,              -0.001204349429,                          nan,                      0.7619260059,                        1.335828444,                                nan,           300.0019405,            300.0556661,                      0,            17152.71342,             16895.95313,                       0,      0.8999102172,      0.5337318866,                 0,                 0,                 0,      0.4365690367,      0.3924193808,      0.9699047146,                 0,      0.5930945959
        1047,     0.06115726479,      -5.422177405,      -3.067424599,   -0.003727174382,                        10,      -2.660253371,               7,      -4.701190486,   6.195988241e-08,   2.695999475e-05,      0.2585809848,       2.305534035,       2.145861512,          0.714137449,         -0.7016553223,                     0,      0.4419941289,       0.682677339,                 0,       288.7231345,       274.4684276,                 0,       14999.61642,        12365.06548,                  0,        0.1809793041,         0.1569470922,                    0,          301414.9758,           301476.3461,                     0,           119.7560592,           -135.8267863,                      0,        119.7560569,         135.7438998,                   0,                 91.2493146,                 181.4052846,                           0,            -3.845244734e-08,              -0.001220101662,                          nan,                      0.7619599123,                        1.336378908,                                nan,           300.0040567,            300.0651398,                      0,            17152.97895,             16897.66479,                       0,      0.9011832126,      0.5343482744,                 0,                 0,                 0,       0.436851624,       0.393058491,      0.9711664551,                 0,      0.5929407771
        1048,     0.06113045253,      -5.408603231,      -3.062520002,     0.01678545228,                         4,      -4.650105935,               3,      -5.787147518,   6.196121267e-09,   2.695830542e-06,      0.3102971818,       2.766640842,       2.575033814,         0.7141319093,         -0.7016549522,                     0,       0.441989374,      0.6826955093,                 0,       288.7226199,       274.4684163,                 0,         14999.539,        12365.12221,                  0,        0.1809786927,         0.1569478031,                    0,          301414.1947,           301477.7126,                     0,           119.7555345,           -135.8261696,                      0,        119.7555323,         135.7432392,                   0,                91.24710957,                 181.4132165,                           0,            -3.594760434e-08,              -0.001220753331,                          nan,                      0.7619448371,                        1.336443845,                                nan,           300.0032792,            300.0664998,                      0,            17152.84184,             16898.01259,                       0,      0.9012797176,      0.5344204338,                 0,                 0,                 0,      0.4368790409,      0.3930915304,       0.971282337,                 0,       0.592957351
        1049,     0.06110046971,      -5.414252877,      -3.066237534,    0.008118898549,                         4,      -4.245513722,               3,      -5.398011836,    7.43532528e-09,   3.234929878e-06,      0.3723566181,        3.31996901,       3.090040577,         0.7141267381,         -0.7016504471,                     0,      0.4419838934,      0.6827187439,                 0,       288.7223218,       274.4682314,                 0,       14999.50174,        12365.14702,                  0,          0.18097843,         0.1569482135,                    0,          301413.6023,           301479.2825,                     0,           119.7548407,           -135.8250844,                      0,        119.7548387,          135.742067,                   0,                91.24481167,                 181.4234368,                           0,            -3.327339693e-08,              -0.001222042243,                          nan,                      0.7619300618,                        1.336530677,                                nan,           300.0026897,            300.0680624,                      0,            17152.74324,             16898.39763,                       0,      0.9014016789,      0.5345024024,                 0,                 0,                 0,      0.4369123251,      0.3931388754,      0.9714214479,                 0,      0.5929680574
        1050,     0.06107030343,      -5.421783455,      -3.069436296,   -0.002864680065,                         5,      -4.759305281,               3,      -5.021045922,   8.922364711e-09,   3.881827525e-06,      0.4468279418,       3.983962812,       3.708048692,         0.7141207002,          -0.701640711,                     0,      0.4419768705,      0.6827478057,                 0,       288.7223231,       274.4679164,                 0,       14999.51771,        12365.14454,                  0,        0.1809786219,         0.1569483569,                    0,          301413.2435,            301481.163,                     0,           119.7537007,           -135.8232887,                      0,        119.7536989,         135.7401433,                   0,                91.24236133,                 181.4364578,                           0,            -3.009437677e-08,              -0.001223942174,                          nan,                      0.7619168523,                        1.336645544,                                nan,           300.0023325,            300.0699341,                      0,            17152.68976,             16898.83798,                       0,       0.901556901,       0.534595019,                 0,                 0,                 0,      0.4369529149,      0.3932062259,      0.9715891848,                 0,      0.5929686949
        1051,     0.06228643336,      -5.430854309,       -3.07206406,    -0.01584667575,                         5,        -4.3073909,               3,      -4.657281847,   1.070680555e-08,   4.658080025e-06,      0.5361935301,       4.780755374,        4.44965843,         0.7141116348,         -0.7016244013,                     0,      0.4419669788,      0.6827833749,                 0,       288.7227163,       274.4675215,                 0,        14999.6001,        12365.12116,                  0,        0.1809793695,         0.1569482845,                    0,          301413.1466,           301483.4614,                     0,           119.7516852,           -135.8204721,                      0,        119.7516837,         135.7371629,                   0,                91.23961639,                 181.4528176,                           0,            -2.616983752e-08,               -0.00122637863,                          nan,                      0.7619067524,                         1.33679542,                                nan,           300.0022361,            300.0722217,                      0,            17152.68293,             16899.35245,                       0,      0.9017547687,      0.5347018199,                 0,                 0,                 0,      0.4370030628,      0.3932989043,      0.9717940476,                 0,      0.5929570194
        1052,     0.06226623922,      -5.440292243,      -3.074100702,    -0.02931417738,                         6,      -4.584166276,               3,      -4.307610351,   1.284812602e-08,   5.589557274e-06,      0.6434322361,       5.736906449,       5.339590116,         0.7140963959,         -0.7015996521,                     0,       0.441952272,       0.682825947,                 0,       288.7236035,       274.4670879,                 0,       14999.76277,        12365.08224,                  0,        0.1809807761,         0.1569480394,                    0,          301413.3186,            301486.261,                     0,           119.7481983,           -135.8162352,                      0,         119.748197,         135.7327283,                   0,                91.23630877,                 181.4730412,                           0,            -2.144466038e-08,              -0.001229326571,                          nan,                       0.761901315,                        1.336988091,                                nan,           300.0024073,            300.0750082,                      0,            17152.71873,             16899.95546,                       0,       0.902006212,      0.5348303352,                 0,                 0,                 0,       0.437066166,       0.393421042,      0.9720486498,                 0,      0.5929342039
        1053,     0.06224083055,      -5.448603224,      -3.075595654,    -0.04112515593,                         6,      -4.117777179,               4,      -5.166505457,   1.541769758e-08,   6.707306492e-06,      0.7721186834,       6.884287739,        6.40750814,         0.7140709467,         -0.7015639605,                     0,      0.4419300936,      0.6828757437,                 0,       288.7251059,       274.4666527,                 0,        15000.0228,        12365.03182,                  0,        0.1809829718,         0.1569476507,                    0,          301413.7497,           301489.6188,                     0,           119.7424771,           -135.8100887,                      0,        119.7424762,         135.7263394,                   0,                91.23199868,                 181.4975966,                           0,            -1.615798528e-08,              -0.001232949418,                          nan,                      0.7619017211,                        1.337231943,                                nan,           300.0028363,            300.0783503,                      0,            17152.78954,             16900.65553,                       0,      0.9023240657,      0.5349928469,                 0,                 0,                 0,      0.4371471423,       0.393575406,      0.9723705393,                 0,      0.5929054396
        1054,     0.06221566294,      -5.455063975,      -3.076653399,    -0.05002016345,                         7,      -4.251132392,               4,      -4.745030986,   1.850116098e-08,   8.048588171e-06,        0.92654242,       8.261145287,       7.689009768,         0.7140305713,         -0.7015145849,                     0,      0.4418970277,       0.682932717,                 0,       288.7273731,       274.4662864,                 0,       15000.40379,        12364.97672,                  0,        0.1809861474,         0.1569471645,                    0,          301414.4209,           301493.6086,                     0,           119.7336049,           -135.8015148,                      0,        119.7336042,         135.7174487,                   0,                91.22603377,                 181.5268623,                           0,              -1.1006694e-08,              -0.001237690002,                          nan,                      0.7619083579,                        1.337535181,                                nan,           300.0035044,            300.0823215,                      0,            17152.88748,             16901.46131,                       0,      0.9027241431,      0.5352065187,                 0,                 0,                 0,      0.4372529022,      0.3937641743,      0.9727829518,                 0,      0.5928793672
        1055,      0.0621938233,       -5.46012695,      -3.077329178,    -0.05637430618,                         8,      -4.297075245,               4,      -4.345331729,   2.220127615e-08,    9.65811712e-06,       1.111850904,       9.913374344,       9.226811721,         0.7139700734,          -0.701449642,                     0,      0.4418488898,       0.682996761,                 0,       288.7305925,       274.4661447,                 0,       15000.93847,        12364.93299,                  0,        0.1809905805,         0.1569466954,                    0,          301415.3135,           301498.3942,                     0,           119.7205272,           -135.7901266,                      0,        119.7205268,          135.705626,                   0,                91.21752613,                 181.5611216,                           0,            -7.279651548e-09,              -0.001244189183,                          nan,                       0.761920521,                         1.33790416,                                nan,           300.0043928,            300.0870846,                      0,            17153.00725,             16902.39353,                       0,      0.9032268752,      0.5354937012,                 0,                 0,                 0,      0.4373929882,      0.3939900551,      0.9733160476,                 0,      0.5928673248
        1056,     0.06217671012,      -5.464034832,      -3.077575923,    -0.06041584822,                         9,      -4.266709784,               5,      -4.914512846,    2.66413409e-08,   1.158954907e-05,       1.334221085,       11.89604921,       11.07217407,         0.7138838829,         -0.7013694576,                     0,      0.4417808064,      0.6830681669,                 0,       288.7349859,       274.4664649,                 0,       15001.66824,        12364.92552,                  0,        0.1809966312,         0.1569464238,                    0,          301416.4095,           301504.2597,                     0,           119.7020726,           -135.7758983,                      0,        119.7020722,         135.6908092,                   0,                91.20536913,                 181.6005923,                           0,            -6.695710875e-09,              -0.001252983736,                          nan,                      0.7619364262,                         1.33834114,                                nan,           300.0054837,            300.0929226,                      0,            17153.14648,             16903.49107,                       0,      0.9038587201,      0.5358826921,                 0,                 0,                 0,      0.4375802634,       0.394256947,      0.9740083703,                 0,      0.5928832462
        1057,     0.06215870624,      -5.465197274,      -3.077277516,    -0.05998839559,                        10,      -4.176474077,               5,      -4.488402018,   3.196929238e-08,   1.390726433e-05,       1.601065302,       14.27525906,       13.28660888,         0.7137658649,         -0.7012769752,                     0,      0.4416873027,      0.6831481486,                 0,       288.7408248,       274.4674352,                 0,       15002.64322,        12364.97181,                  0,        0.1810047342,         0.1569464629,                    0,          301417.7119,           301511.5051,                     0,           119.6769266,           -135.7593127,                      0,         119.676926,          135.673478,                   0,                91.18832689,                 181.6454949,                           0,            -1.082728474e-08,              -0.001264112615,                          nan,                      0.7619541206,                        1.338843063,                                nan,           300.0067801,            300.1001342,                      0,            17153.30663,             16904.79588,                       0,       0.904652403,      0.5364089878,                 0,                 0,                 0,      0.4378315183,      0.3945693715,      0.9749079872,                 0,      0.5929448549
        1058,     0.06214191992,      -5.461134002,      -3.076271041,    -0.05195611221,                        10,      -3.700599419,               5,      -4.091420029,   3.836262924e-08,   1.668851487e-05,       1.921278362,       17.13031087,       15.94393065,         0.7136082923,         -0.7011761112,                     0,      0.4415619621,      0.6832390211,                 0,       288.7485101,       274.4689812,                 0,       15003.93097,        12365.05548,                  0,        0.1810154525,         0.1569466458,                    0,          301419.3114,           301520.2233,                     0,           119.6434232,           -135.7412005,                      0,        119.6434219,         135.6545073,                   0,                91.16515083,                 181.6961608,                           0,            -2.050962711e-08,              -0.001276922624,                          nan,                       0.761973783,                        1.339403786,                                nan,            300.008372,            300.1088115,                      0,            17153.49954,             16906.31893,                       0,      0.9056457696,        0.53711673,                 0,                 0,                 0,      0.4381679993,      0.3949306848,       0.976072946,                 0,      0.5930759553
        1059,     0.06212607877,      -5.451348337,      -3.074211917,    -0.03623735291,                        10,      -3.276637776,               6,      -4.585175151,   4.603432272e-08,   2.002601845e-05,       2.305534035,       20.55637304,       19.13271679,         0.7133995341,         -0.7010686498,                     0,      0.4413960137,      0.6833438041,                 0,       288.7587096,       274.4706876,                 0,       15005.63627,        12365.11812,                  0,        0.1810296317,         0.1569464679,                    0,          301421.4568,           301530.1809,                     0,           119.5990569,           -135.7222073,                      0,        119.5990548,         135.6346199,                   0,                91.13448446,                 181.7532276,                           0,            -3.603818988e-08,              -0.001290268753,                          nan,                      0.7620000395,                        1.340020916,                                nan,           300.0105074,            300.1187226,                      0,             17153.7557,             16908.02274,                       0,      0.9068793303,       0.538059475,                 0,                 0,                 0,      0.4386153046,       0.395340657,      0.9775703981,                 0,      0.5933087866
        1060,     0.06211120094,      -5.438080964,       -3.07006066,     -0.0163867398,                        10,      -2.902700607,               6,       -4.17326878,   5.523992248e-08,    2.40310957e-05,      0.2305534035,       2.055637304,       1.913271679,         0.7131215067,          -0.700952428,                     0,      0.4411760606,      0.6834657777,                 0,       288.7724071,       274.4720443,                 0,       15007.91471,        12365.09548,                  0,        0.1810485306,         0.1569454062,                    0,          301424.4911,            301541.054,                     0,           119.5399706,           -135.7022173,                      0,        119.5399671,         135.6137794,                   0,                91.09427958,                 181.8179845,                           0,             -5.93722006e-08,              -0.001302985973,                          nan,                      0.7620403605,                        1.340704354,                                nan,           300.0135275,            300.1295448,                      0,            17154.11658,             16909.86458,                       0,      0.9083912783,      0.5393009038,                 0,                 0,                 0,      0.4392008975,      0.3957910802,      0.9794741448,                 0,      0.5936878928
        1061,     0.06207821055,      -5.423860773,      -3.061767372,    0.004252261984,                         4,      -4.889010104,               2,      -4.120221632,   5.523842655e-09,   2.403120688e-06,      0.2766640842,       2.466764765,       2.295926014,         0.7130526139,         -0.7009445387,                     0,      0.4411348343,      0.6834815272,                 0,       288.7712973,       274.4721717,                 0,       15007.70055,        12365.14167,                  0,         0.181046643,         0.1569459059,                    0,           301421.222,           301542.3927,                     0,           119.5296682,           -135.7002618,                      0,        119.5296646,          135.611823,                   0,                91.08415166,                 181.8260155,                           0,            -5.983184503e-08,              -0.001303018352,                          nan,                      0.7620213107,                        1.340782916,                                nan,           300.0102737,            300.1308772,                      0,             17153.4514,             16910.16242,                       0,      0.9084965988,      0.5394037998,                 0,                 0,                 0,      0.4392443545,      0.3958125061,      0.9796198188,                 0,      0.5937323271
        1062,     0.06204564102,      -5.429731857,       -3.06579784,   -0.004992293276,                         4,      -4.471653347,               3,      -5.592963231,   6.628581296e-09,    2.88371835e-06,       0.331996901,       2.960117718,       2.755111217,         0.7129873775,         -0.7009315596,                     0,      0.4410900131,      0.6835018703,                 0,       288.7711553,       274.4721363,                 0,        15007.6842,        12365.15515,                  0,        0.1810465349,         0.1569460874,                    0,          301418.7793,           301543.9089,                     0,           119.5188032,           -135.6976392,                      0,        119.5187999,         135.6091732,                   0,                  91.073157,                 181.8363134,                           0,            -5.636117117e-08,              -0.001303443864,                          nan,                      0.7619985902,                        1.340885053,                                nan,           300.0078424,            300.1323863,                      0,            17152.97572,             16910.48815,                       0,       0.908630322,      0.5395284533,                 0,                 0,                 0,      0.4392989224,      0.3958433407,       0.979800012,                 0,      0.5937821358
        1063,     0.06201258929,      -5.437557607,      -3.069351317,    -0.01674047851,                         4,      -4.070444493,               3,      -5.208053957,   7.954257192e-09,   3.460429257e-06,      0.3983962812,       3.552141261,        3.30613346,         0.7129237197,         -0.7009125933,                     0,      0.4410399531,       0.683527657,                 0,       288.7721619,       274.4719803,                 0,       15007.89888,        12365.14114,                  0,        0.1810484936,         0.1569459926,                    0,          301417.2676,           301545.7145,                     0,           119.5068383,           -135.6941373,                      0,        119.5068353,           135.60562,                   0,                91.06115455,                  181.849405,                           0,            -4.949650301e-08,              -0.001304232723,                          nan,                      0.7619744453,                        1.341016729,                                nan,           300.0063378,            300.1341834,                      0,            17152.71071,              16910.8619,                       0,       0.908801717,      0.5396805916,                 0,                 0,                 0,      0.4393681131,      0.3958874869,      0.9800248974,                 0,      0.5938375571
        1064,      0.0619822861,      -5.447198731,       -3.07255325,    -0.03098454058,                         5,      -4.555122209,               3,      -4.835397541,   9.545054725e-09,   4.152478487e-06,      0.4780755374,       4.262569513,       3.967360153,         0.7128568035,         -0.7008866987,                     0,      0.4409819874,      0.6835597576,                 0,       288.7744507,       274.4717572,                 0,         15008.362,        12365.10768,                  0,        0.1810526454,         0.1569456927,                    0,          301416.6899,           301547.9347,                     0,           119.4928797,           -135.6895048,                      0,        119.4928773,         135.6009175,                   0,                91.04787504,                 181.8658655,                           0,             -4.06926548e-08,              -0.001305308346,                          nan,                      0.7619523198,                        1.341184623,                                nan,           300.0057628,            300.1363932,                      0,             17152.6491,             16911.30768,                       0,      0.9090217232,      0.5398683503,                 0,                 0,                 0,      0.4394563734,      0.3959487164,      0.9803075757,                 0,      0.5939003838
        1065,     0.06195322017,      -5.457634781,       -3.07538378,     -0.0464727741,                         5,       -4.11428141,               3,      -4.475881587,    1.14539944e-08,   4.982940618e-06,      0.5736906449,       5.115083416,       4.760832183,         0.7127790588,         -0.7008526299,                     0,       0.440912355,      0.6835989892,                 0,        288.778097,       274.4715118,                 0,       15009.07354,        12365.06253,                  0,        0.1810589429,         0.1569452592,                    0,          301416.9323,           301550.6805,                     0,           119.4756908,           -135.6834338,                      0,        119.4756889,         135.5947615,                   0,                91.03285939,                 181.8862875,                           0,            -3.203350696e-08,              -0.001306619153,                          nan,                      0.7619362584,                        1.341396124,                                nan,           300.0060041,            300.1391262,                      0,            17152.75254,             16911.84795,                       0,      0.9093023779,      0.5401027687,                 0,                 0,                 0,      0.4395690363,       0.396029915,      0.9806641228,                 0,      0.5939748776
        1066,       0.061928406,      -5.467253759,      -3.077619663,    -0.06090908096,                         6,      -4.378659156,               3,      -4.130300093,   1.374469973e-08,   5.979512507e-06,      0.6884287739,       6.138100099,        5.71299862,         0.7126811268,         -0.7008085958,                     0,      0.4408263669,      0.6836460175,                 0,       288.7831248,       274.4712732,                 0,       15010.02201,         12365.0109,                  0,        0.1810672321,         0.1569447411,                    0,          301417.7804,           301554.0335,                     0,           119.4538059,           -135.6755459,                      0,        119.4538044,         135.5867682,                   0,                91.01540535,                 181.9112411,                           0,            -2.585012127e-08,              -0.001308247646,                          nan,                      0.7619297336,                        1.341659245,                                nan,           300.0068482,            300.1424635,                      0,            17152.96013,             16912.49932,                       0,      0.9096561611,      0.5403977804,                 0,                 0,                 0,      0.4397121488,      0.3961325664,      0.9811131853,                 0,      0.5940681804
        1067,     0.06190184036,      -5.474915943,       -3.07887175,    -0.07234053112,                         7,      -4.535765905,               4,      -4.943244069,   1.649351718e-08,   7.175440349e-06,      0.8261145287,       7.365720119,       6.855598344,         0.7125534624,         -0.7007523651,                     0,      0.4407187263,      0.6837013012,                 0,        288.789558,       274.4710727,                 0,       15011.19921,        12364.95698,                  0,        0.1810773989,          0.156944173,                    0,          301418.9886,           301558.0617,                     0,            119.425702,           -135.6654158,                      0,        119.4257006,         135.5764918,                   0,                90.99454384,                 181.9412343,                           0,            -2.448293757e-08,               -0.00131050172,                          nan,                      0.7619343526,                        1.341982168,                                nan,           300.0080507,            300.1464729,                      0,             17153.2086,             16913.27399,                       0,      0.9100956414,      0.5407700078,                 0,                 0,                 0,      0.4398923129,      0.3962565958,      0.9816756022,                 0,      0.5941903061
        1068,      0.0618755551,       -5.48083765,      -3.078712304,    -0.08059505461,                         7,       -4.05370062,               4,      -4.528668715,    1.97920598e-08,   8.610629892e-06,      0.9913374344,       8.838864143,       8.226718012,         0.7123878707,         -0.7006819421,                     0,      0.4405838757,      0.6837651604,                 0,       288.7974814,       274.4709869,                 0,       15012.61632,        12364.90918,                  0,        0.1810895247,          0.156943618,                    0,          301420.3619,            301562.873,                     0,           119.3899544,           -135.6526632,                      0,        119.3899527,         135.5635178,                   0,                90.96905604,                 181.9766929,                           0,             -3.00630123e-08,              -0.001313885887,                          nan,                      0.7619490084,                        1.342372165,                                nan,           300.0094176,            300.1512616,                      0,             17153.4542,             16914.18809,                       0,      0.9106335815,      0.5412386439,                 0,                 0,                 0,      0.4401166374,      0.3964005249,      0.9823743753,                 0,      0.5943539256
        1069,     0.06185137523,      -5.485825174,      -3.076811105,    -0.08648621169,                         8,      -4.095845252,               4,      -4.135670056,   2.375025929e-08,   1.033297459e-05,       1.189604921,       10.60663697,       9.872061615,         0.7121781203,         -0.7005967106,                     0,       0.440416233,       0.683838059,                 0,       288.8070758,       274.4711661,                 0,       15014.31077,        12364.88424,                  0,        0.1811039474,         0.1569432027,                    0,          301421.8047,           301568.6674,                     0,           119.3452991,           -135.6371194,                      0,        119.3452965,          135.547645,                   0,                90.93753932,                 182.0179756,                           0,            -4.399721176e-08,              -0.001318886048,                          nan,                      0.7619700314,                        1.342833922,                                nan,           300.0108536,            300.1570289,                      0,            17153.68304,             16915.27145,                       0,       0.911283279,      0.5418257367,                 0,                 0,                 0,      0.4403927634,      0.3965615706,      0.9832351013,                 0,      0.5945744306
        1070,     0.06183088973,      -5.489231397,      -3.073047093,    -0.08902771675,                         9,      -4.064265906,               5,      -4.691302388,   2.850002878e-08,   1.239994581e-05,       1.427525906,       12.72796437,       11.84647394,         0.7119192601,         -0.7004984122,                     0,      0.4402102761,      0.6839211006,                 0,       288.8186177,       274.4717884,                 0,       15016.33993,        12364.90226,                  0,        0.1811211849,         0.1569430795,                    0,           301423.325,           301575.7249,                     0,           119.2905692,           -135.6190106,                      0,        119.2905652,         135.5290904,                   0,                90.89853768,                 182.0654419,                           0,            -6.653605877e-08,              -0.001325631296,                          nan,                      0.7619926815,                        1.343367991,                                nan,           300.0123669,            300.1640533,                      0,             17153.9047,             16916.56776,                       0,      0.9120581612,      0.5425568646,                 0,                 0,                 0,      0.4407286707,      0.3967349138,      0.9842862637,                 0,      0.5948709059
        1071,     0.06183067743,      -5.488141365,       -3.06762599,    -0.08437257278,                        10,      -3.976873364,               5,      -4.273317792,    3.41996605e-08,   1.488050301e-05,       1.713031087,       15.27355724,       14.21576873,         0.7116058192,         -0.7003912889,                     0,      0.4399603345,      0.6840166501,                 0,       288.8324876,       274.4729339,                 0,       15018.77245,        12364.97183,                  0,        0.1811418259,           0.15694331,                    0,          301425.0329,           301584.3114,                     0,           119.2244661,            -135.599055,                      0,        119.2244603,         135.5086039,                   0,                90.85072814,                 182.1195952,                           0,            -9.754226782e-08,              -0.001333650953,                          nan,                      0.7620141697,                        1.343970715,                                nan,           300.0140668,            300.1725996,                      0,            17154.14025,             16918.12287,                       0,      0.9129696931,      0.5434617598,                 0,                 0,                 0,      0.4411319634,      0.3969116572,      0.9855584616,                 0,      0.5952681277
        1072,      0.0618242931,       -5.47974019,      -3.061035704,    -0.06941913626,                        10,      -3.524119547,               6,      -4.795999533,   4.103910923e-08,    1.78573995e-05,       2.055637304,       18.32826869,       17.05892247,         0.7112290265,         -0.7002814625,                     0,      0.4396594763,      0.6841289635,                 0,       288.8492716,       274.4744707,                 0,       15021.69717,        12365.07842,                  0,        0.1811665733,         0.1569437844,                    0,          301427.1891,           301594.5981,                     0,           119.1450661,           -135.5784155,                      0,        119.1450578,         135.4874159,                   0,                90.79298575,                 182.1813319,                           0,            -1.383149468e-07,              -0.001341940895,                          nan,                      0.7620373634,                        1.344636553,                                nan,           300.0162129,            300.1828382,                      0,            17154.42118,             16919.97753,                       0,       0.914022285,        0.54457457,                 0,                 0,                 0,      0.4416084312,      0.3970746161,      0.9870815311,                 0,      0.5958001013
        1073,     0.06181583054,      -5.465215381,      -3.053430068,     -0.0469750385,                        10,      -3.123812061,               6,      -4.365634117,   4.924634643e-08,   2.142997761e-05,       2.466764765,       21.99392242,       20.47070696,         0.7107737037,         -0.7001763375,                     0,      0.4392970993,      0.6842647085,                 0,       288.8698685,       274.4760686,                 0,       15025.24505,        12365.19175,                  0,         0.181196441,         0.1569443073,                    0,          301430.1956,           301606.7141,                     0,           119.0491723,           -135.5585483,                      0,        119.0491608,         135.4670611,                   0,                90.72392407,                 182.2522626,                           0,            -1.935608867e-07,              -0.001349325784,                          nan,                      0.7620710929,                        1.345362195,                                nan,           300.0192053,            300.1948975,                      0,            17154.78996,             16922.18518,                       0,      0.9152036048,      0.5459320532,                 0,                 0,                 0,       0.442158929,      0.3971917057,      0.9888772391,                 0,       0.596514317
        1074,      0.0618018373,      -5.449637843,      -3.043883593,    -0.02429873876,                        10,      -2.769679194,               7,      -4.748755529,   5.909500984e-08,   2.571755514e-05,      0.2466764765,       2.199392242,       2.047070696,          0.710217352,         -0.7000844293,                     0,      0.4388567137,      0.6844331152,                 0,       288.8953696,       274.4773462,                 0,       15029.58779,        12365.28936,                  0,        0.1812328127,         0.1569448138,                    0,          301434.3571,           301620.9213,                     0,           118.9321273,           -135.5410295,                      0,        118.9321109,         135.4491792,                   0,                90.64084199,                 182.3349453,                           0,            -2.754417775e-07,              -0.001354854339,                          nan,                       0.762122536,                        1.346150241,                                nan,           300.0233473,            300.2090382,                      0,            17155.27619,              16924.8475,                       0,      0.9164674911,      0.5475665156,                 0,                 0,                 0,      0.4427717995,      0.3972066285,       0.990943311,                 0,      0.5974751105
        1075,     0.06177658225,      -5.436626798,      -3.030761867,   -0.005531306405,                         4,      -4.717743923,               3,      -5.770146964,   5.909468337e-09,   2.571957769e-06,      0.2960117718,       2.639270691,       2.456484836,         0.7100784776,         -0.7000785458,                     0,      0.4387752693,       0.684451833,                 0,       288.8934529,       274.4772953,                 0,        15029.1958,        12365.29996,                  0,        0.1812292886,         0.1569449638,                    0,          301428.2078,           301622.2827,                     0,            118.911182,            -135.539604,                      0,        118.9111658,         135.4478398,                   0,                90.62172509,                 182.3438263,                           0,            -2.726183818e-07,              -0.001353599815,                          nan,                      0.7620960107,                        1.346229121,                                nan,           300.0172268,            300.2103932,                      0,             17154.0023,             16925.13837,                       0,       0.916544624,      0.5476823283,                 0,                 0,                 0,      0.4428110827,      0.3971978044,      0.9910821786,                 0,      0.5975511873
        1076,     0.06174951569,       -5.44614765,      -3.035610446,     -0.0201264541,                         4,      -4.302999821,               3,      -5.378306354,   7.091358163e-09,   3.086361427e-06,      0.3552141261,       3.167124829,       2.947781803,         0.7099491662,         -0.7000684846,                     0,      0.4386878044,      0.6844763762,                 0,         288.89343,       274.4770755,                 0,       15029.20024,        12365.28082,                  0,        0.1812293568,         0.1569448363,                    0,          301423.7285,           301623.9052,                     0,           118.8894791,           -135.5376232,                      0,         118.889464,         135.4459354,                   0,                90.60102721,                 182.3554171,                           0,            -2.536009691e-07,              -0.001352492224,                          nan,                      0.7620610286,                        1.346333624,                                nan,           300.0127685,            300.2120081,                      0,            17153.11998,             16925.47831,                       0,      0.9166433581,      0.5478263375,                 0,                 0,                 0,       0.442860738,      0.3971890769,      0.9912565658,                 0,      0.5976439285
        1077,     0.06172010649,      -5.457760776,      -3.039778712,    -0.03738587903,                         5,      -4.825913464,               3,      -4.998207534,   8.509624671e-09,   3.703656134e-06,      0.4262569513,       3.800549795,       3.537338163,         0.7098253967,         -0.7000538732,                     0,      0.4385914805,      0.6845079988,                 0,        288.895572,       274.4767372,                 0,       15029.65057,        12365.24122,                  0,        0.1812334434,           0.15694452,                    0,          301421.0577,           301625.9395,                     0,           118.8660674,           -135.5349359,                      0,        118.8660542,         135.4433171,                   0,                90.57851569,                 182.3703721,                           0,            -2.226269035e-07,              -0.001351501253,                          nan,                      0.7620217254,                        1.346470066,                                nan,           300.0101101,             300.214033,                      0,            17152.65685,             16925.89871,                       0,      0.9167712034,      0.5480077353,                 0,                 0,                 0,      0.4429243337,      0.3971808494,      0.9914783357,                 0,       0.597758452
        1078,     0.06169015839,      -5.470819643,      -3.043908381,    -0.05670319887,                         5,      -4.366190245,               3,      -4.630848178,   1.021154344e-08,   4.444430314e-06,      0.5115083416,       4.560659754,       4.244805796,         0.7096979162,         -0.7000344208,                     0,      0.4384817208,      0.6845480757,                 0,       288.9000246,       274.4763395,                 0,       15030.55804,        12365.19294,                  0,        0.1812415928,         0.1569441301,                    0,          301420.1144,           301628.5543,                     0,           118.8393711,           -135.5313824,                      0,        118.8393599,         135.4398285,                   0,                90.55374654,                 182.3894099,                           0,             -1.87328245e-07,              -0.001350581074,                          nan,                      0.7619844686,                        1.346645311,                                nan,           300.0091712,            300.2166355,                      0,            17152.57934,             16926.43585,                       0,      0.9169362342,      0.5482379841,                 0,                 0,                 0,      0.4430059861,       0.397172599,      0.9917614993,                 0,      0.5979019736
        1079,     0.06166384222,      -5.483614612,      -3.048063693,    -0.07583546449,                         6,      -4.651843873,               3,      -4.277161442,    1.22538462e-08,   5.333398524e-06,      0.6138100099,       5.472791705,       5.093766955,         0.7095529032,         -0.7000097177,                     0,      0.4383523456,      0.6845980392,                 0,       288.9067761,       274.4759348,                 0,       15031.89374,        12365.14677,                  0,        0.1812534631,         0.1569437725,                    0,          301420.5725,           301631.9141,                     0,           118.8073033,           -135.5267936,                      0,         118.807294,         135.4353003,                   0,                90.52597774,                 182.4132773,                           0,             -1.56820848e-07,              -0.001349732337,                          nan,                      0.7619563977,                        1.346866562,                                nan,           300.0096272,            300.2199795,                      0,            17152.79182,             16927.12509,                       0,      0.9171458282,      0.5485302984,                 0,                 0,                 0,       0.443109873,      0.3971621864,       0.992121039,                 0,      0.5980840576
        1080,     0.06163623478,      -5.494213777,      -3.051614003,    -0.09180676775,                         6,      -4.178337904,               4,      -5.143398019,   1.470461314e-08,   6.400231052e-06,      0.7365720119,       6.567350046,       6.112520347,         0.7093744851,         -0.6999791838,                     0,      0.4381961858,      0.6846593161,                 0,       288.9156935,       274.4755635,                 0,       15033.60431,        12365.11034,                  0,        0.1812684941,         0.1569435202,                    0,          301421.9292,           301636.1689,                     0,           118.7675777,           -135.5210092,                      0,        118.7675694,         135.4295646,                   0,                90.49412081,                 182.4427016,                           0,             -1.39400587e-07,              -0.001349070914,                          nan,                      0.7619430225,                        1.347140871,                                nan,           300.0109776,            300.2242144,                      0,            17153.16084,             16927.99714,                       0,      0.9174050975,      0.5488987963,                 0,                 0,                 0,      0.4432395314,      0.3971451228,      0.9925712835,                 0,      0.5983167063
        1081,     0.06161164409,      -5.501985002,      -3.053603786,     -0.1031447886,                         7,      -4.316648161,               4,      -4.717260688,   1.764554406e-08,   7.680548492e-06,      0.8838864143,       7.880820055,       7.335024416,         0.7091484059,         -0.6999424092,                     0,      0.4380060314,      0.6847333116,                 0,       288.9266153,       274.4752727,                 0,       15035.64197,        12365.08952,                  0,        0.1812862099,         0.1569434199,                    0,          301423.6505,           301641.4741,                     0,           118.7181239,           -135.5139385,                      0,        118.7181156,         135.4225147,                   0,                90.45676836,                 182.4783468,                           0,            -1.406774282e-07,              -0.001348834434,                          nan,                        0.76194579,                        1.347474215,                                nan,           300.0126909,            300.2294947,                      0,            17153.55898,             16929.07983,                       0,      0.9177152882,      0.5493576178,                 0,                 0,                 0,      0.4433970706,      0.3971138308,      0.9931242358,                 0,      0.5986144339
        1082,     0.06158864718,      -5.508091151,      -3.053328409,     -0.1110531867,                         8,      -4.372811817,               4,      -4.313021895,   2.117468429e-08,   9.217111452e-06,       1.060663697,       9.456984066,       8.802029299,         0.7088649931,         -0.6998999988,                     0,        0.43777549,      0.6848215141,                 0,       288.9394803,       274.4751448,                 0,       15037.99429,        12365.09243,                  0,         0.181306499,         0.1569435273,                    0,          301425.3496,           301648.0297,                     0,           118.6574014,           -135.5056796,                      0,        118.6573918,          135.414233,                   0,                 90.4123201,                  182.520787,                           0,             -1.62124722e-07,              -0.001349253739,                          nan,                      0.7619611283,                        1.347870036,                                nan,            300.014382,            300.2360197,                      0,            17153.90765,             16930.40531,                       0,      0.9180721164,      0.5499202665,                 0,                 0,                 0,      0.4435823577,      0.3970567195,      0.9937880417,                 0,      0.5989946287
        1083,     0.06156996135,      -5.513829925,      -3.050562624,     -0.1173150485,                         9,      -4.348257986,               5,      -4.903219764,   2.540969588e-08,   1.106124247e-05,       1.272796437,       11.34838088,       10.56243516,         0.7085196827,          -0.699854543,                     0,      0.4374994118,      0.6849257632,                 0,       288.9543967,       274.4752966,                 0,       15040.69311,        12365.13061,                  0,        0.1813296763,         0.1569439213,                    0,          301426.8805,            301656.101,                     0,            118.584446,           -135.4966648,                      0,        118.5844341,          135.405153,                   0,                90.35918918,                 182.5705228,                           0,            -2.002434699e-07,              -0.001350304273,                          nan,                      0.7619818726,                        1.348327732,                                nan,           300.0159057,            300.2440532,                      0,            17154.19145,             16932.01564,                       0,      0.9184638019,      0.5505989896,                 0,                 0,                 0,      0.4437920911,      0.3969569966,      0.9945653048,                 0,      0.5994781596
        1084,     0.06155284147,      -5.518055888,      -3.045498579,     -0.1205249795,                        10,      -4.259891215,               5,      -4.470544631,    3.04917838e-08,   1.327452902e-05,       1.527355724,       13.61805705,       12.67492219,         0.7081107168,         -0.6998110244,                     0,      0.4371737287,      0.6850486732,                 0,       288.9716417,       274.4758106,                 0,       15043.79953,        12365.21211,                  0,        0.1813563036,         0.1569446565,                    0,          301428.3295,           301665.9739,                     0,           118.4986039,           -135.4877555,                      0,        118.4985892,         135.3961692,                   0,                90.29606119,                 182.6280672,                           0,             -2.48584252e-07,               -0.00135149288,                          nan,                      0.7620011498,                        1.348842204,                                nan,           300.0173479,            300.2538799,                      0,            17154.43953,             16933.95943,                       0,      0.9188679319,      0.5514037504,                 0,                 0,                 0,      0.4440183721,      0.3967907956,      0.9954503688,                 0,      0.6000903191
        1085,      0.0615359907,      -5.516203081,       -3.03886735,     -0.1146651891,                        10,      -3.772548058,               5,      -4.068124665,   3.659040945e-08,   1.593087196e-05,       1.832826869,       16.34166847,       15.20990663,         0.7076350545,         -0.6997764142,                     0,      0.4367945113,      0.6851942104,                 0,       288.9916723,       274.4766329,                 0,       15047.38823,        12365.33135,                  0,        0.1813869927,          0.156945692,                    0,          301429.9787,           301677.8847,                     0,           118.3989771,           -135.4802266,                      0,        118.3989591,         135.3886185,                   0,                90.22209464,                 182.6941524,                           0,            -3.037825637e-07,              -0.001351889893,                          nan,                      0.7620176336,                        1.349405544,                                nan,           300.0189894,            300.2657349,                      0,            17154.69803,             16936.28592,                       0,      0.9192459533,       0.552340631,                 0,                 0,                 0,      0.4442463282,      0.3965237628,       0.996424709,                 0,      0.6008627278
        1086,     0.06152124627,      -5.504323931,      -3.031761238,     -0.0952286388,                        10,      -3.342301615,               6,      -4.584919669,   4.390895362e-08,   1.911896317e-05,       2.199392242,       19.61000216,       18.25188795,         0.7070840334,         -0.6997592655,                     0,      0.4363558075,      0.6853684564,                 0,       289.0152022,       274.4775429,                 0,       15051.55491,        12365.47034,                  0,        0.1814224476,         0.1569469259,                    0,          301432.2767,           301692.0417,                     0,           118.2836723,           -135.4756918,                      0,        118.2836504,         135.3841848,                   0,                90.13672312,                 182.7700758,                           0,            -3.708581985e-07,              -0.001350442081,                          nan,                      0.7620387336,                        1.350010535,                                nan,           300.0212766,            300.2798257,                      0,            17155.01685,             16939.05763,                       0,      0.9195343278,       0.553409946,                 0,                 0,                 0,      0.4444504208,      0.3961051647,      0.9974500724,                 0,      0.6018371791
        1087,     0.06150329494,      -5.485853326,      -3.024684782,    -0.06820131301,                        10,      -2.964321161,               6,      -4.176563497,    5.26915252e-08,   2.294529483e-05,       2.199392242,       19.61000216,       18.25188795,         0.7064410082,         -0.6997700194,                     0,      0.4358467745,      0.6855802675,                 0,       289.0431789,       274.4782207,                 0,       15056.42944,        12365.61488,                  0,        0.1814636361,         0.1569483617,                    0,          301435.6704,           301708.7494,                     0,           118.1492958,           -135.4760607,                      0,        118.1492684,         135.3848323,                   0,                90.03869468,                 182.8580155,                           0,            -4.643947309e-07,                -0.0013463299,                          nan,                      0.7620757699,                        1.350653632,                                nan,           300.0246545,            300.2964552,                      0,            17155.43579,             16942.38255,                       0,      0.9196332263,      0.5546032899,                 0,                 0,                 0,      0.4445891191,      0.3954606832,      0.9984592771,                 0,      0.6030700871
        1088,     0.06148395831,      -5.468983085,      -3.017034641,    -0.04451331353,                        10,      -2.988349418,               6,      -4.178099492,   5.269262755e-08,   2.294816913e-05,       2.199392242,       19.61000216,       18.25188795,         0.7057596887,          -0.699809317,                     0,       0.435317116,      0.6858033121,                 0,       289.0705484,       274.4778659,                 0,       15061.09589,        12365.67039,                  0,        0.1815026904,         0.1569492572,                    0,          301437.4132,           301725.1443,                     0,           118.0099662,           -135.4820656,                      0,        118.0099325,         135.3912998,                   0,                89.93528133,                 182.9461662,                           0,            -5.722922852e-07,              -0.001339446324,                          nan,                      0.7620992526,                        1.351240195,                                nan,           300.0263891,            300.3127733,                      0,            17155.41377,             16945.74305,                       0,      0.9194822127,      0.5556839648,                 0,                 0,                 0,      0.4446159118,      0.3946856794,      0.9992274129,                 0,       0.604344442
        1089,     0.06146572982,      -5.465327807,      -3.012527588,    -0.03897208599,                        10,      -2.996792891,               6,      -4.181717412,   5.269388791e-08,   2.295111247e-05,       2.199392242,       19.61000216,       18.25188795,         0.7050605266,         -0.6998720232,                     0,      0.4347706367,      0.6860380042,                 0,       289.0982404,       274.4766218,                 0,       15065.84427,          12365.669,                  0,         0.181542522,         0.1569499389,                    0,          301438.6701,           301741.4187,                     0,             117.86721,           -135.4925155,                      0,        117.8671696,         135.4023497,                   0,                 89.8270126,                 183.0356008,                           0,            -6.854328571e-07,              -0.001330490674,                          nan,                      0.7621037555,                        1.351790432,                                nan,           300.0276401,            300.3289715,                      0,            17155.32016,             16949.19088,                       0,      0.9190873501,      0.5566557205,                 0,                 0,                 0,      0.4445313691,       0.393782704,      0.9997611366,                 0,      0.6056613884
        1090,     0.06144861522,      -5.470891547,      -3.010277948,    -0.04533994328,                        10,      -2.995043505,               6,      -4.187321858,   5.269530249e-08,   2.295421902e-05,       2.199392242,       19.61000216,       18.25188795,         0.7043486577,         -0.6999541232,                     0,      0.4342090869,       0.686282809,                 0,       289.1262634,       274.4748316,                 0,       15070.71705,        12365.65692,                  0,         0.181583637,         0.1569507956,                    0,          301439.5412,           301757.8391,                     0,           117.7215616,           -135.5063608,                      0,        117.7215142,         135.4169021,                   0,                89.71417333,                 183.1265935,                           0,            -8.050785753e-07,              -0.001319926085,                          nan,                      0.7620881702,                        1.352317109,                                nan,           300.0285072,            300.3453151,                      0,            17155.22143,              16952.7677,                       0,       0.918454786,      0.5575194319,                 0,                 0,                 0,      0.4443363848,      0.3927561169,        1.00006487,                 0,      0.6070189196
        1091,     0.06143097308,      -5.479134447,      -3.009371184,     -0.0549988436,                        10,      -2.990861336,               6,       -4.19489575,   5.269686074e-08,   2.295752694e-05,       2.199392242,       19.61000216,       18.25188795,          0.703627329,         -0.7000530132,                     0,      0.4336360574,      0.6865357097,                 0,       289.1543217,       274.4727886,                 0,       15075.67314,        12365.66199,                  0,        0.1816257256,         0.1569520111,                    0,          301439.9019,           301774.5791,                     0,           117.5737681,           -135.5229654,                      0,        117.5737136,         135.4343108,                   0,                89.59767644,                 183.2189097,                           0,            -9.263816221e-07,              -0.001307904951,                          nan,                       0.762055341,                        1.352824913,                                nan,           300.0288661,            300.3619768,                      0,            17155.10727,             16956.48218,                       0,      0.9175894483,      0.5582729598,                 0,                 0,                 0,      0.4440325836,      0.3916111346,       1.000139896,                 0,      0.6084125758
        1092,     0.06141279689,      -5.486063663,      -3.009163465,     -0.0628094582,                        10,      -2.988845631,               6,      -4.204564732,   5.269854323e-08,   2.296101592e-05,       2.199392242,       19.61000216,       18.25188795,         0.7029008094,          -0.700167124,                     0,      0.4330567771,      0.6867948743,                 0,       289.1821761,       274.4706313,                 0,        15080.6659,        12365.68823,                  0,        0.1816683758,         0.1569535559,                    0,          301439.7679,            301791.654,                     0,           117.4248112,           -135.5420484,                      0,        117.4247503,         135.4542997,                   0,                89.47907357,                 183.3120707,                           0,              -1.0381831e-06,              -0.001294362814,                          nan,                      0.7620120405,                        1.353313044,                                nan,           300.0287328,            300.3789717,                      0,            17154.97734,             16960.31249,                       0,      0.9164972957,      0.5589137126,                 0,                 0,                 0,      0.4436237513,      0.3903540674,      0.9999877665,                 0,      0.6098367287
        1093,     0.06139453218,      -5.490657997,      -3.009511595,    -0.06753381166,                        10,      -2.990066218,               6,      -4.216456823,   5.270032314e-08,   2.296463151e-05,       2.199392242,       19.61000216,       18.25188795,         0.7021733013,         -0.7002954007,                     0,      0.4324764438,      0.6870587216,                 0,       289.2097194,       274.4683511,                 0,       15085.66157,        12365.72435,                  0,        0.1817112485,         0.1569552916,                    0,          301439.2898,           301808.9344,                     0,           117.2756127,           -135.5635117,                      0,        117.2755464,          135.476779,                   0,                 89.3600338,                 183.4055014,                           0,            -1.131020331e-06,               -0.00127917944,                          nan,                      0.7619664675,                        1.353778137,                                nan,           300.0282569,            300.3961712,                      0,            17154.84545,             16964.21931,                       0,      0.9151888625,      0.5594410985,                 0,                 0,                 0,      0.4431170063,      0.3889936538,      0.9996143927,                 0,      0.6112848631
        1094,     0.06137674858,      -5.493191442,      -3.010687492,    -0.06962400648,                        10,      -2.994196185,               6,      -4.230715916,   5.270217006e-08,   2.296831695e-05,       2.199392242,       19.61000216,       18.25188795,         0.7014481844,           -0.70043696,                     0,      0.4318991482,      0.6873257019,                 0,       289.2369062,       274.4658593,                 0,       15090.63397,        12365.75608,                  0,        0.1817540569,         0.1569570882,                    0,          301438.6259,           301826.2049,                     0,           117.1269221,           -135.5872892,                      0,        117.1268517,         135.5016857,                   0,                89.24185589,                 183.4985737,                           0,            -1.202159825e-06,              -0.001262308133,                          nan,                      0.7619248244,                        1.354216169,                                nan,           300.0275961,            300.4133609,                      0,            17154.72279,              16968.1599,                       0,      0.9136816089,      0.5598574639,                 0,                 0,                 0,      0.4425228695,      0.3875423609,      0.9990322221,                 0,      0.6127489691
        1095,     0.06135839836,      -5.494391675,      -3.013013201,    -0.07006208514,                        10,      -3.000477884,               6,      -4.247458429,   5.270405481e-08,   2.297203546e-05,       2.639270691,       23.53200259,       21.90226555,         0.7007284675,         -0.7005909809,                     0,      0.4313279231,      0.6875940731,                 0,       289.2636681,       274.4630604,                 0,        15095.5563,        12365.77489,                  0,        0.1817965212,         0.1569588927,                    0,          301437.8566,           301843.2286,                     0,           116.9794216,           -135.6132737,                      0,        116.9793482,         135.5289082,                   0,                89.12532262,                 183.5905978,                           0,            -1.254606966e-06,              -0.001243820307,                          nan,                      0.7618893762,                        1.354623159,                                nan,           300.0268304,            300.4303048,                      0,            17154.60908,             16972.09685,                       0,      0.9119993893,      0.5601673977,                 0,                 0,                 0,      0.4418540674,      0.3860163835,      0.9982593607,                 0,      0.6142190491
        1096,     0.06134175889,      -5.495157943,       -3.01658795,    -0.06997497553,                        10,      -2.644398114,               7,      -4.663894282,   6.324714472e-08,    2.75709305e-05,      0.2639270691,       2.353200259,       2.190226555,         0.6999420342,         -0.7007868467,                     0,      0.4306976069,        0.68790663,                 0,       289.2954849,       274.4598319,                 0,       15101.44348,        12365.91483,                  0,        0.1818474186,         0.1569624716,                    0,          301439.4283,           301863.0814,                     0,           116.8154435,            -135.645449,                      0,        116.8153653,         135.5625303,                   0,                88.99925488,                 183.6964123,                           0,            -1.338203663e-06,               -0.00122220496,                          nan,                      0.7618796948,                        1.355067745,                                nan,           300.0283948,            300.4500647,                      0,            17155.00729,             16976.83939,                       0,      0.9097382206,      0.5603983034,                 0,                 0,                 0,      0.4409515736,      0.3840777576,       0.997072798,                 0,      0.6159995158
        1097,     0.06130991403,      -5.489189622,      -3.019226362,    -0.06009750912,                         4,       -4.56877905,               3,      -5.702094446,   6.324995143e-09,   2.757600284e-06,      0.3167124829,       2.823840311,       2.628271865,         0.6997480335,         -0.7008113294,                     0,      0.4305864333,      0.6879356661,                 0,       289.2928552,       274.4586265,                 0,       15100.94727,        12365.69674,                  0,        0.1818430972,         0.1569603818,                    0,          301431.1208,           301863.9064,                     0,           116.7858272,           -135.6512226,                      0,        116.7857534,         135.5687138,                   0,                88.97448235,                 183.7041202,                           0,            -1.264194468e-06,              -0.001216114082,                          nan,                      0.7618607557,                        1.355062794,                                nan,           300.0201262,            300.4508859,                      0,            17153.33482,             16976.95368,                       0,       0.909584663,      0.5603928603,                 0,                 0,                 0,      0.4408886808,      0.3839589051,      0.9969754141,                 0,      0.6160975257
        1098,      0.0612787717,      -5.501295858,      -3.024848783,    -0.07881234316,                         4,      -4.160752164,               3,      -5.319091129,   7.590023471e-09,   3.309228889e-06,      0.3800549795,       3.388608373,       3.153926239,         0.6995694182,         -0.7008396438,                     0,      0.4304678906,      0.6879730198,                 0,       289.2929584,       274.4574181,                 0,        15101.0424,        12365.50166,                  0,        0.1818441785,         0.1569585853,                    0,          301425.2932,           301865.3508,                     0,           116.7553045,           -135.6574007,                      0,        116.7552374,         135.5753488,                   0,                88.94789965,                 183.7150294,                           0,            -1.148835887e-06,              -0.001209326826,                          nan,                      0.7618322021,                        1.355076945,                                nan,           300.0143258,            300.4523236,                      0,            17152.26085,             16977.22062,                       0,      0.9093860975,      0.5603932346,                 0,                 0,                 0,      0.4408081345,      0.3838007247,      0.9968553835,                 0,      0.6162324629
        1099,     0.06124877636,      -5.512362005,      -3.029532903,    -0.09557066341,                         5,       -4.67108665,               3,      -4.949207454,   9.108069037e-09,   3.971227423e-06,      0.4560659754,       4.066330048,       3.784711486,         0.6994000403,         -0.7008715408,                     0,      0.4303385885,      0.6880202013,                 0,       289.2959604,       274.4561859,                 0,       15101.75814,        12365.33372,                  0,        0.1818509107,          0.156957146,                    0,          301421.9488,            301867.504,                     0,           116.7226947,           -135.6638747,                      0,        116.7226358,         135.5823306,                   0,                88.91921638,                   183.72984,                           0,            -1.009592059e-06,              -0.001201787936,                          nan,                        0.76179925,                        1.355116402,                                nan,            300.010997,            300.4544666,                      0,             17151.7848,             16977.66739,                       0,      0.9091269705,       0.560402104,                 0,                 0,                 0,      0.4407039367,      0.3835892213,      0.9967054109,                 0,      0.6164178626
        1100,     0.06121827084,      -5.521556296,      -3.034316698,     -0.1093116139,                         5,      -4.229323106,               3,      -4.593626443,   1.092974017e-08,   4.765689103e-06,      0.5472791705,       4.879596057,       4.541653783,         0.6992275969,         -0.7009063576,                     0,      0.4301934964,      0.6880785127,                 0,       289.3017878,       274.4549176,                 0,       15103.05803,        12365.19554,                  0,        0.1818629005,         0.1569561028,                    0,          301420.7601,           301870.4478,                     0,           116.6862029,           -135.6704753,                      0,        116.6861522,         135.5894951,                   0,                88.88792493,                 183.7492184,                           0,            -8.693360058e-07,              -0.001193421246,                          nan,                      0.7617692698,                        1.355187718,                                nan,            300.009814,            300.4573966,                      0,            17151.81514,             16978.31556,                       0,      0.9087882785,      0.5604208406,                 0,                 0,                 0,      0.4405685388,      0.3833084466,      0.9965150718,                 0,      0.6166682096
        1101,     0.06235961688,      -5.527953125,      -3.039378481,     -0.1187324658,                         6,      -4.505246294,               3,      -4.253509456,   1.311576941e-08,   5.719135352e-06,      0.6567350046,       5.855515269,        5.44998454,         0.6990356555,         -0.7009434971,                     0,      0.4300265776,      0.6881489011,                 0,       289.3101139,       274.4536501,                 0,       15104.84473,        12365.09206,                  0,        0.1818791808,          0.156955496,                    0,          301421.0857,           301874.2908,                     0,           116.6437136,           -135.6770399,                      0,        116.6436699,         135.5966876,                   0,                88.85326631,                 183.7737096,                           0,            -7.492869023e-07,              -0.001184114011,                          nan,                      0.7617495781,                        1.355296452,                                nan,            300.010138,            300.4612217,                      0,            17152.18128,             16979.18429,                       0,      0.9083480288,      0.5604484935,                 0,                 0,                 0,      0.4403929564,      0.3829414823,      0.9962702828,                 0,      0.6169975336
        1102,     0.06232997244,      -5.531448676,      -3.044271141,     -0.1235901785,                         6,        -4.0574399,               4,      -5.105126385,   1.573904004e-08,   6.863405386e-06,      0.7880820055,       7.026618322,       6.539981448,         0.6988079367,         -0.7009835933,                     0,      0.4298320058,      0.6882320036,                 0,       289.3204505,       274.4525018,                 0,       15106.99087,        12365.03602,                  0,        0.1818985239,         0.1569554183,                    0,          301422.1269,           301879.2068,                     0,           116.5933036,           -135.6835903,                      0,         116.593265,          135.603942,                   0,                88.81428039,                 183.8036439,                           0,            -6.622372117e-07,              -0.001173685961,                          nan,                      0.7617445174,                        1.355444696,                                nan,           300.0111744,            300.4661146,                      0,             17152.6807,             16980.29856,                       0,      0.9077817196,      0.5604811769,                 0,                 0,                 0,      0.4401669925,      0.3824711926,      0.9959531048,                 0,       0.617418444
        1103,     0.06230298225,      -5.533193991,      -3.048663837,     -0.1254527707,                         7,      -4.190290868,               4,      -4.699636866,   1.888701867e-08,   8.236722713e-06,      0.9456984066,       8.431941987,       7.847977738,         0.6985332399,         -0.7010300676,                     0,      0.4296055597,      0.6883284527,                 0,       289.3323122,       274.4516672,                 0,       15109.38499,        12365.05009,                  0,        0.1819198924,         0.1569560455,                    0,          301423.1689,           301885.4527,                     0,            116.533774,           -135.6906015,                      0,        116.5337385,         135.6117524,                   0,                88.76996119,                  183.839064,                           0,            -6.093427501e-07,              -0.001161851754,                          nan,                      0.7617533113,                        1.355627818,                                nan,           300.0122115,            300.4723313,                      0,            17153.14509,             16981.69702,                       0,      0.9070624229,      0.5605121751,                 0,                 0,                 0,       0.439879421,      0.3818802266,      0.9955418775,                 0,      0.6179422286
        1104,     0.06227732208,       -5.53467561,      -3.052854094,     -0.1264897061,                         8,      -4.252812296,               4,      -4.319034123,   2.266467572e-08,   9.884972543e-06,       1.134838088,       10.11833038,       9.417573285,         0.6982082152,          -0.701090214,                     0,      0.4293454846,      0.6884393936,                 0,       289.3454034,       274.4513081,                 0,       15111.96962,        12365.15817,                  0,        0.1819427797,         0.1569575881,                    0,          301423.8181,           301893.2896,                     0,           116.4648943,           -135.6992521,                      0,        116.4648604,         135.6213241,                   0,                88.71949897,                 183.8796967,                           0,            -5.817384817e-07,              -0.001148210979,                          nan,                      0.7617705343,                        1.355831747,                                nan,           300.0128577,            300.4801315,                      0,            17153.49207,             16983.42816,                       0,      0.9061599847,      0.5605320415,                 0,                 0,                 0,      0.4395178393,      0.3811503221,      0.9950108137,                 0,      0.6185795565
        1105,     0.06225366519,      -5.536114498,      -3.057499345,     -0.1271944273,                         9,      -4.239218011,               5,       -4.89409288,    2.71979912e-08,   1.186323257e-05,       1.361805705,       12.14199646,       11.30108794,         0.6978361551,         -0.7011744554,                     0,      0.4290523671,       0.688566849,                 0,       289.3596916,       274.4513498,                 0,        15114.7453,        12365.36348,                  0,        0.1819672122,         0.1569601305,                    0,          301424.0727,           301902.7867,                     0,           116.3872005,           -135.7114284,                      0,        116.3871676,         135.6345723,                   0,                88.66250539,                 183.9249888,                           0,            -5.665361655e-07,              -0.001132319104,                          nan,                      0.7617893557,                        1.356033242,                                nan,            300.013111,            300.4895842,                      0,            17153.72852,             16985.52614,                       0,      0.9050390083,      0.5605280671,                 0,                 0,                 0,      0.4390679417,      0.3802610236,      0.9943283534,                 0,      0.6193413344
        1106,     0.06223318835,      -5.535769292,      -3.063092888,     -0.1253323713,                        10,      -4.157781017,               5,      -4.494934383,   3.263816377e-08,   1.423761033e-05,       1.634166847,       14.57039575,       13.56130553,          0.697422724,         -0.7012932002,                     0,      0.4287281703,      0.6887134518,                 0,       289.3753393,       274.4513035,                 0,       15117.74097,        12365.62695,                  0,        0.1819934356,         0.1569634573,                    0,          301424.2023,           301913.6068,                     0,           116.3014849,           -135.7292851,                      0,        116.3014527,         135.6536739,                   0,                88.59911057,                 183.9742184,                           0,            -5.552340814e-07,              -0.001113835883,                          nan,                      0.7618057088,                        1.356205203,                                nan,           300.0132401,            300.5003536,                      0,            17153.90722,             16987.97705,                       0,       0.903654936,      0.5604825693,                 0,                 0,                 0,      0.4385118652,      0.3791876019,      0.9934534294,                 0,      0.6202395925
        1107,     0.06221178051,      -5.531150596,      -3.069828185,     -0.1175846488,                        10,      -3.690136971,               5,      -4.130750673,   3.916666414e-08,   1.708744991e-05,       1.961000216,        17.4844749,       16.27356664,         0.6969718388,         -0.7014527106,                     0,      0.4283750464,      0.6888814155,                 0,       289.3925546,       274.4503232,                 0,        15120.9773,        12365.87161,                  0,        0.1820215671,         0.1569670754,                    0,          301424.5342,           301924.9884,                     0,           116.2083321,           -135.7544419,                      0,        116.2083002,         135.6802566,                   0,                88.52984179,                 184.0266847,                           0,            -5.492925589e-07,              -0.001092635975,                          nan,                      0.7618202974,                        1.356326185,                                nan,           300.0135704,            300.5116819,                      0,            17154.07348,             16990.70877,                       0,      0.9019477729,      0.5603699589,                 0,                 0,                 0,       0.437825572,      0.3778978395,      0.9923293298,                 0,      0.6212886996
        1108,     0.06220059234,      -5.521643414,      -3.077539274,     -0.1031974151,                        10,      -3.272617522,               6,      -4.645665862,   4.700130276e-08,    2.05079851e-05,       2.353200259,       20.98136988,       19.52827996,         0.6964846379,         -0.7016529529,                     0,      0.4279945825,      0.6890713327,                 0,       289.4114401,       274.4475444,                 0,       15124.44774,        12366.02359,                  0,        0.1820514626,         0.1569705398,                    0,          301425.2571,           301936.0262,                     0,           116.1080314,           -135.7872791,                      0,         116.107999,         135.7146994,                   0,                88.45525102,                 184.0819135,                           0,            -5.579009655e-07,              -0.001068735149,                          nan,                      0.7618359781,                        1.356388912,                                nan,           300.0142899,            300.5226681,                      0,             17154.2361,             16993.62837,                       0,      0.8998346335,      0.5601532983,                 0,                 0,                 0,      0.4369762835,       0.376348187,      0.9908764441,                 0,      0.6225069334
        1109,      0.0621976564,      -5.509128638,      -3.085504513,    -0.08471832779,                        10,      -2.902927896,               6,      -4.283197081,   5.640351235e-08,   2.461353457e-05,      0.2353200259,       2.098136988,       1.952827996,         0.6959624059,         -0.7018890657,                     0,      0.4275882675,      0.6892816632,                 0,       289.4318195,       274.4424138,                 0,       15128.11004,        12366.05766,                  0,        0.1820827233,         0.1569738426,                    0,          301426.2649,           301945.9935,                     0,           116.0010588,           -135.8268564,                      0,        116.0010245,         135.7560683,                   0,                88.37547465,                 184.1396917,                           0,            -5.906610624e-07,              -0.001042057463,                          nan,                      0.7618508115,                        1.356401184,                                nan,            300.015293,            300.5325888,                      0,            17154.36243,             16996.67662,                       0,      0.8972064029,      0.5597787329,                 0,                 0,                 0,      0.4359224484,      0.3744844815,      0.9889858099,                 0,      0.6239129938
        1110,      0.0621643135,      -5.494675978,      -3.092641066,    -0.06351135654,                         4,      -4.876989949,               2,       -4.21660529,   5.640589772e-09,   2.461778814e-06,      0.2823840311,       2.517764386,       2.343393596,         0.6958377106,         -0.7019136327,                     0,      0.4275193138,      0.6893011131,                 0,       289.4307626,       274.4412762,                 0,       15127.84125,        12365.81646,                  0,        0.1820801534,          0.156971425,                    0,          301421.7345,           301946.1515,                     0,           115.9819069,           -135.8328983,                      0,        115.9818741,         135.7625412,                   0,                88.36137002,                 184.1433304,                           0,            -5.661715705e-07,              -0.001035668439,                          nan,                      0.7618549941,                        1.356363315,                                nan,           300.0107838,             300.532746,                      0,            17153.37456,             16996.61105,                       0,      0.8970226589,      0.5597350344,                 0,                 0,                 0,      0.4358472309,      0.3743647988,      0.9888397022,                 0,      0.6239920796
        1111,     0.06213173966,      -5.501641853,      -3.096715796,    -0.07386445923,                         4,      -4.463087155,               3,      -5.741116159,   6.768732768e-09,   2.954236254e-06,      0.3388608373,       3.021317263,       2.812072315,         0.6957205751,         -0.7019438939,                     0,      0.4274456059,      0.6893240611,                 0,       289.4311367,       274.4401701,                 0,       15127.87755,        12365.60566,                  0,        0.1820803553,          0.156969373,                    0,          301418.4585,           301946.5981,                     0,            115.962248,           -135.8396249,                      0,        115.9622174,         135.7697557,                   0,                88.34585096,                 184.1480142,                           0,            -5.269059669e-07,              -0.001028437246,                          nan,                      0.7618503071,                        1.356325739,                                nan,           300.0075231,            300.5331905,                      0,            17152.68565,             16996.63475,                       0,      0.8967907429,      0.5596850657,                 0,                 0,                 0,      0.4357531019,      0.3742105962,      0.9886594151,                 0,      0.6240977287
        1112,     0.06209856289,      -5.509404639,      -3.099917238,    -0.08488350805,                         4,      -4.065645644,               3,      -5.365068101,   8.122514707e-09,   3.545225406e-06,      0.4066330048,       3.625580716,       3.374486778,         0.6956093312,         -0.7019797195,                     0,      0.4273656706,      0.6893509434,                 0,       289.4330972,       274.4390313,                 0,       15128.25107,        12365.42458,                  0,        0.1820836178,         0.1569677137,                    0,          301416.5255,           301947.2936,                     0,           115.9416212,           -135.8469797,                      0,        115.9415936,         135.7776606,                   0,                88.32875699,                  184.153942,                           0,            -4.770902002e-07,              -0.001020287169,                          nan,                        0.76183839,                        1.356290433,                                nan,           300.0055992,            300.5338828,                      0,            17152.31754,             16996.75217,                       0,      0.8964947433,      0.5596284048,                 0,                 0,                 0,      0.4356340015,      0.3740094723,      0.9884349705,                 0,       0.624240587
        1113,     0.06206765081,      -5.517211911,        -3.1028703,    -0.09569895616,                         5,      -4.559432106,               3,      -5.002985112,   9.747067602e-09,   4.254467821e-06,      0.4879596057,       4.350696859,       4.049384133,         0.6954987674,         -0.7020203463,                     0,      0.4272771025,      0.6893820255,                 0,       289.4366736,       274.4377944,                 0,       15128.95952,        12365.26951,                  0,        0.1820898948,         0.1569664363,                    0,          301415.8469,           301948.1835,                     0,           115.9191893,            -135.854814,                      0,        115.9191648,         135.7861137,                   0,                88.30984504,                 184.1613115,                           0,             -4.23257311e-07,               -0.00101112166,                          nan,                      0.7618226477,                        1.356260271,                                nan,           300.0049238,            300.5347685,                      0,             17152.2438,             16996.96087,                       0,       0.896114911,      0.5595630489,                 0,                 0,                 0,      0.4354821871,      0.3737469307,      0.9881528077,                 0,      0.6244322486
        1114,     0.06204015417,      -5.523846822,      -3.105904611,      -0.104777897,                         5,      -4.128422213,               3,      -4.656128138,   1.169655178e-08,   5.105635075e-06,      0.5855515269,       5.220836231,        4.85926096,          0.695380613,         -0.7020647947,                     0,      0.4271767786,       0.689417376,                 0,       289.4417406,       274.4364302,                 0,       15129.96218,        12365.13871,                  0,        0.1820987749,          0.156965534,                    0,          301416.1372,           301949.2371,                     0,           115.8938377,           -135.8629283,                      0,        115.8938161,         135.7949255,                   0,                88.28876758,                 184.1702987,                           0,            -3.726662342e-07,              -0.001000800696,                          nan,                      0.7618074073,                        1.356238446,                                nan,           300.0052127,            300.5358172,                      0,            17152.38739,             16997.25791,                       0,      0.8956280306,      0.5594843962,                 0,                 0,                 0,       0.435288299,      0.3734072928,      0.9877951976,                 0,      0.6246838833
        1115,      0.0620691302,      -5.528359651,      -3.109110042,     -0.1108421704,                         6,      -4.395000738,               3,      -4.325744168,   1.403596255e-08,    6.12714096e-06,      0.7026618322,       6.265003477,       5.831113152,         0.6952455596,         -0.7021127583,                     0,      0.4270615085,      0.6894569449,                 0,       289.4480227,       274.4349861,                 0,       15131.18859,        12365.03865,                  0,         0.182109583,         0.1569650607,                    0,          301416.9515,           301950.4994,                     0,           115.8644468,            -135.871192,                      0,        115.8644276,         135.8039794,                   0,                88.26508332,                 184.1810263,                           0,            -3.312604731e-07,             -0.0009891123769,                          nan,                      0.7617962227,                        1.356227019,                                nan,           300.0060231,            300.5370735,                      0,            17152.63689,             16997.64981,                       0,      0.8950080649,      0.5593847623,                 0,                 0,                 0,      0.4350416736,      0.3729745035,      0.9873402495,                 0,      0.6250052757
        1116,     0.06205746732,      -5.530911352,      -3.112688646,     -0.1140259553,                         7,      -4.549672935,               3,      -4.013048401,   1.684329891e-08,   7.353092238e-06,      0.8431941987,       7.518004173,       6.997335783,         0.6950863513,          -0.702165707,                     0,      0.4269289869,      0.6895008161,                 0,       289.4551662,       274.4335711,                 0,       15132.56081,          12364.986,                  0,        0.1821216036,         0.1569651644,                    0,          301417.8073,           301952.0929,                     0,           115.8302645,           -135.8797248,                      0,         115.830247,         135.8134157,                   0,                88.23833456,                 184.1935263,                           0,            -3.019291255e-07,             -0.0009757578554,                          nan,                      0.7617900921,                        1.356224827,                                nan,            300.006875,            300.5386596,                      0,            17152.88123,             16998.15919,                       0,       0.894226674,      0.5592534836,                 0,                 0,                 0,      0.4347307661,      0.3724324812,      0.9867623069,                 0,      0.6254046092
        1117,      0.0620503178,      -5.532643641,      -3.117215148,     -0.1157770662,                         7,      -4.079093752,               4,      -4.782361611,   2.021216648e-08,   8.824429082e-06,       1.011833038,       9.021605007,       8.396802939,         0.6949005376,         -0.7022274226,                     0,      0.4267787013,      0.6895495167,                 0,       289.4628389,       274.4322624,                 0,       15134.01825,        12364.99966,                  0,        0.1821343161,         0.1569660408,                    0,          301418.3342,           301954.1397,                     0,           115.7912149,            -135.889045,                      0,        115.7911985,         135.8237764,                   0,                88.20819408,                 184.2077085,                           0,            -2.836073009e-07,             -0.0009603857659,                          nan,                      0.7617866923,                        1.356225791,                                nan,           300.0073994,            300.5406968,                      0,            17153.04676,             16998.81878,                       0,      0.8932532506,      0.5590773179,                 0,                 0,                 0,       0.434343489,       0.371764903,      0.9860322885,                 0,      0.6258889263
        1118,     0.06202470777,      -5.534208592,      -3.123379628,     -0.1169392381,                         8,      -4.123853328,               4,      -4.418911554,   2.425490189e-08,   1.059029328e-05,       1.214199646,       10.82592601,       10.07616353,         0.6946912758,         -0.7023032625,                     0,      0.4266123839,      0.6896041797,                 0,       289.4708066,       274.4309503,                 0,       15135.52928,         12365.0838,                  0,        0.1821474872,         0.1569678062,                    0,          301418.3749,           301956.6038,                     0,           115.7479732,           -135.9000487,                      0,        115.7479574,         135.8359776,                   0,                88.17465287,                 184.2233542,                           0,            -2.717742817e-07,              -0.000942692672,                          nan,                       0.761781502,                        1.356219151,                                nan,           300.0074399,            300.5431494,                      0,             17153.1149,             16999.65099,                       0,      0.8920543758,      0.5588405067,                 0,                 0,                 0,      0.4338673322,      0.3709547348,      0.9851174073,                 0,      0.6264646213
        1119,     0.06200060473,      -5.534414639,       -3.13143741,     -0.1159693435,                         9,      -4.099464918,               4,      -4.082899647,   2.910632202e-08,   1.270966978e-05,       1.457039575,       12.99111121,       12.09139623,          0.694465747,         -0.7023981041,                     0,      0.4264338747,       0.689666319,                 0,       289.4789315,       274.4292199,                 0,       15137.08037,         12365.2135,                  0,        0.1821610409,         0.1569703824,                    0,          301417.9772,           301959.1445,                     0,           115.7017846,           -135.9137279,                      0,        115.7017695,         135.8510198,                   0,                88.13818037,                 184.2401594,                           0,            -2.609112379e-07,             -0.0009225505309,                          nan,                       0.761770375,                        1.356192686,                                nan,            300.007044,            300.5456782,                      0,            17153.10841,             17000.64475,                       0,      0.8905928299,      0.5585236456,                 0,                 0,                 0,        0.43328919,      0.3699841279,      0.9839796728,                 0,      0.6271369215
        1120,     0.06198217868,      -5.531071985,      -3.140829397,     -0.1100821583,                        10,      -4.016074605,               5,      -4.600616338,   3.492822241e-08,   1.525335408e-05,        1.74844749,       15.58933345,       14.50967548,         0.6942326213,          -0.702513875,                     0,      0.4262486863,      0.6897371335,                 0,       289.4870822,         274.42639,                 0,       15138.65009,        12365.33804,                  0,        0.1821748018,         0.1569735163,                    0,          301417.2784,           301961.1053,                     0,           115.6542057,           -135.9306846,                      0,        115.6541914,         135.8694977,                   0,                88.09978139,                 184.2578195,                           0,            -2.480213281e-07,             -0.0009000634314,                          nan,                      0.7617517387,                        1.356138225,                                nan,           300.0063486,            300.5476298,                      0,            17153.05757,             17001.74932,                       0,      0.8888267738,      0.5581022178,                 0,                 0,                 0,      0.4325953313,      0.3688346575,      0.9825742286,                 0,       0.627908873
        1121,     0.06196221444,       -5.52343931,      -3.150232179,     -0.0984724638,                        10,      -3.567333434,               5,      -4.257651234,   4.191477223e-08,   1.830630602e-05,       2.098136988,       18.70720014,       17.41161057,         0.6940008579,         -0.7026480405,                     0,      0.4260637914,      0.6898165514,                 0,        289.495009,       274.4217177,                 0,        15140.1859,        12365.40483,                  0,        0.1821882946,         0.1569769648,                    0,          301416.3646,           301961.6661,                     0,            115.607031,           -135.9506694,                      0,        115.6070175,         135.8911449,                   0,                88.06092134,                 184.2760854,                           0,            -2.341695716e-07,             -0.0008754855673,                          nan,                      0.7617264355,                        1.356056611,                                nan,            300.005439,             300.548188,                      0,            17152.97175,             17002.89222,                       0,      0.8867119339,      0.5575458548,                 0,                 0,                 0,      0.4317730967,       0.367489508,      0.9808500882,                 0,      0.6287790132
        1122,     0.06194334987,      -5.512535521,      -3.158071303,    -0.08257989219,                        10,      -3.166620798,               6,      -4.733231442,   5.029898404e-08,    2.19704667e-05,       2.517764386,       22.44864017,       20.89393269,           0.69378105,          -0.702793943,                     0,      0.4258880797,      0.6899024274,                 0,       289.5022242,       274.4146429,                 0,       15141.59279,         12365.3879,                  0,        0.1822006832,         0.1569807167,                    0,          301415.1684,           301960.0506,                     0,           115.5625555,           -135.9724351,                      0,        115.5625426,         135.9146986,                   0,                88.02338933,                 184.2946782,                           0,            -2.221471191e-07,             -0.0008490578543,                          nan,                      0.7616948134,                        1.355958407,                                nan,           300.0042484,              300.54658,                      0,            17152.83108,             17004.00614,                       0,      0.8842137401,      0.5568208388,                 0,                 0,                 0,      0.4308180686,      0.3659416124,      0.9787594807,                 0,      0.6297355645
        1123,     0.06192324973,      -5.498794647,        -3.1632624,    -0.06300253301,                        10,      -2.813174081,               6,      -4.385698861,   6.036048657e-08,   2.636813893e-05,      0.2517764386,       2.244864017,       2.089393269,          0.693588537,         -0.7029427049,                     0,      0.4257336451,      0.6899902712,                 0,       289.5079161,       274.4048864,                 0,       15142.72944,        12365.29748,                  0,        0.1822107782,         0.1569850592,                    0,          301413.4434,           301955.6133,                     0,           115.5240866,           -135.9940354,                      0,        115.5240743,         135.9382038,                   0,                87.98931548,                 184.3130165,                           0,            -2.124904138e-07,             -0.0008209205602,                          nan,                      0.7616534995,                        1.355858849,                                nan,           300.0025315,            300.5421635,                      0,            17152.59473,             17005.03834,                       0,      0.8813361395,      0.5558919608,                 0,                 0,                 0,      0.4297489182,      0.3642154466,      0.9762767903,                 0,      0.6307377355
        1124,     0.06188991333,      -5.480987775,       -3.16516848,     -0.0383605957,                         4,      -4.755837785,               2,      -4.227579124,   6.036243937e-09,    2.63717064e-06,      0.3021317263,       2.693836821,       2.507271923,         0.6935449861,          -0.702946978,                     0,      0.4257106888,      0.6899888018,                 0,       289.5078841,       274.4044775,                 0,       15142.68693,        12365.16735,                  0,         0.182210287,         0.1569836365,                    0,          301412.2728,           301954.9717,                     0,           115.5171424,           -135.9952418,                      0,        115.5171307,         135.9398745,                   0,                87.98549713,                 184.3120204,                           0,             -2.01187397e-07,             -0.0008140882536,                          nan,                       0.761666227,                        1.355834857,                                nan,           300.0013664,            300.5415249,                      0,            17152.32008,             17004.80785,                       0,      0.8811442603,      0.5558102172,                 0,                 0,                 0,      0.4296762231,      0.3641123475,      0.9760954889,                 0,       0.630782316
        1125,     0.06185748304,      -5.487696309,      -3.169067811,    -0.04838011982,                         4,      -4.344729186,               3,      -5.848217834,   7.243508642e-09,   3.164715947e-06,      0.3625580716,       3.232604185,       3.008726307,         0.6935049267,          -0.702953495,                     0,      0.4256867918,      0.6899872921,                 0,       289.5082445,       274.4039636,                 0,       15142.73556,        12365.06151,                  0,        0.1822106453,         0.1569825785,                    0,          301411.4642,           301954.1988,                     0,           115.5102408,           -135.9964622,                      0,          115.51023,         135.9416187,                   0,                87.98125558,                 184.3110414,                           0,            -1.875326286e-07,             -0.0008063795744,                          nan,                        0.76167501,                         1.35581026,                                nan,           300.0005615,            300.5407556,                      0,            17152.13938,             17004.60451,                       0,      0.8809025893,      0.5557143691,                 0,                 0,                 0,      0.4295861096,      0.3639781874,      0.9758727944,                 0,      0.6308465611
        1126,     0.06182665253,      -5.496479617,       -3.17229568,    -0.06072494344,                         5,      -4.877460392,               3,      -5.477732497,   8.692232196e-09,   3.797809912e-06,      0.4350696859,       3.879125022,       3.610471569,         0.6934685801,         -0.7029622522,                     0,      0.4256620827,      0.6899858387,                 0,       289.5089717,       274.4032476,                 0,       15142.87304,        12364.97968,                  0,         0.182211842,         0.1569819361,                    0,          301410.9973,           301953.1929,                     0,           115.5034261,           -135.9976469,                      0,        115.5034161,         135.9433903,                   0,                 87.9765949,                  184.310114,                           0,            -1.718556301e-07,             -0.0007977459332,                          nan,                      0.7616795922,                        1.355785769,                                nan,           300.0000969,            300.5397544,                      0,            17152.05133,             17004.42832,                       0,      0.8805950039,      0.5556016093,                 0,                 0,                 0,      0.4294732578,      0.3638018425,      0.9755967038,                 0,      0.6309388616
        1127,     0.06179609601,       -5.50676032,       -3.17482394,    -0.07479063903,                         5,      -4.420397342,               3,       -5.12134442,   1.043070863e-08,   4.557572204e-06,      0.5220836231,       4.654950026,       4.332565882,         0.6934355465,         -0.7029731057,                     0,      0.4256367789,      0.6899845005,                 0,       289.5099775,       274.4022175,                 0,       15143.08203,        12364.91995,                  0,        0.1822137237,          0.156981748,                    0,           301410.791,            301951.833,                     0,           115.4967288,           -135.9987306,                      0,        115.4967199,         135.9451268,                   0,                87.97156036,                 184.3092605,                           0,            -1.547102118e-07,             -0.0007881431794,                          nan,                      0.7616801623,                        1.355762173,                                nan,           299.9998916,            300.5384009,                      0,            17152.03841,             17004.27645,                       0,      0.8802027154,      0.5554668087,                 0,                 0,                 0,      0.4293312932,      0.3635714751,      0.9752517512,                 0,       0.631066911
        1128,     0.06176771993,      -5.517148222,      -3.176740383,    -0.08887495134,                         6,      -4.703789588,               3,      -4.780096175,   1.251689195e-08,   5.469346793e-06,      0.6265003477,       5.585940031,       5.199079059,         0.6934052145,          -0.702985971,                     0,      0.4256114148,      0.6899832615,                 0,       289.5111006,        274.400765,                 0,       15143.32916,        12364.88092,                  0,        0.1822159907,         0.1569820572,                    0,           301410.704,           301949.9968,                     0,           115.4902374,           -135.9996544,                      0,        115.4902295,         135.9467727,                   0,                87.96627025,                 184.3084692,                           0,            -1.366745936e-07,             -0.0007775215696,                          nan,                      0.7616771618,                        1.355739938,                                nan,           299.9998049,            300.5365733,                      0,            17152.06812,             17004.14574,                       0,       0.879705671,      0.5553018644,                 0,                 0,                 0,       0.429153306,      0.3632760438,      0.9748193393,                 0,       0.631235972
        1129,     0.06174368735,      -5.526152775,      -3.178503849,     -0.1009694296,                         6,      -4.235172854,               3,      -4.454861781,   1.502032905e-08,   6.563546342e-06,      0.7518004173,       6.703128038,       6.238894871,         0.6933776346,          -0.703001125,                     0,      0.4255872141,      0.6899820355,                 0,       289.5121122,        274.398798,                 0,       15143.56854,        12364.86365,                  0,        0.1822182344,         0.1569829293,                    0,          301410.5585,           301947.5746,                     0,           115.4842192,            -136.000407,                      0,        115.4842123,         135.9483214,                   0,                87.96096767,                 184.3076725,                           0,            -1.181108784e-07,             -0.0007658151766,                          nan,                      0.7616709321,                        1.355718633,                                nan,           299.9996601,            300.5341625,                      0,            17152.10051,             17004.03566,                       0,      0.8790844893,      0.5550958071,                 0,                 0,                 0,      0.4289327786,      0.3629067785,      0.9742789973,                 0,      0.6314476184
        1130,     0.06172020035,      -5.533338448,      -3.180966758,     -0.1102675442,                         7,      -4.371616631,               3,      -4.146274419,   1.802447997e-08,   7.876666307e-06,      0.9021605007,       8.043753645,       7.486673845,         0.6933545858,          -0.703019426,                     0,      0.4255665079,       0.689980728,                 0,       289.5127414,       274.3962361,                 0,       15143.74898,        12364.87142,                  0,        0.1822200096,         0.1569844519,                    0,          301410.1881,           301944.4705,                     0,           115.4792525,           -136.0010685,                      0,        115.4792468,         135.9498582,                   0,                87.95609347,                 184.3067389,                           0,            -9.915919108e-08,             -0.0007529436476,                          nan,                      0.7616614753,                        1.355696441,                                nan,           299.9992914,            300.5310728,                      0,            17152.10063,             17003.94906,                       0,      0.8783226564,      0.5548358069,                 0,                 0,                 0,      0.4286648695,      0.3624583178,      0.9736105121,                 0,      0.6316992996
        1131,     0.06170449364,      -5.539338544,      -3.184935156,     -0.1173545989,                         8,       -4.42355809,               4,      -4.971755003,   2.162950373e-08,   9.452503639e-06,       1.082592601,       9.652504374,       8.984008614,         0.6933402709,         -0.7030422492,                     0,      0.4255530191,      0.6899793374,                 0,       289.5127151,       274.3929794,                 0,       15143.82189,         12364.9059,                  0,        0.1822209035,         0.1569867036,                    0,          301409.4925,           301940.5748,                     0,            115.476299,           -136.0018265,                      0,        115.4762943,         135.9515758,                   0,                87.95236786,                 184.3054844,                           0,             -8.01980532e-08,             -0.0007388335722,                          nan,                      0.7616486861,                        1.355670085,                                nan,            299.998599,            300.5271954,                      0,            17152.05014,              17003.8885,                       0,      0.8774089432,       0.554508258,                 0,                 0,                 0,       0.428347918,       0.361929974,      0.9727962561,                 0,      0.6319838227
        1132,     0.06168419982,      -5.543815123,      -3.190526669,     -0.1217025682,                         9,       -4.39976709,               4,      -4.617959539,   2.595560468e-08,   1.134362141e-05,       1.299111121,       11.58300525,       10.78081034,         0.6933411091,         -0.7030710475,                     0,      0.4255517989,      0.6899779945,                 0,       289.5117918,       274.3888635,                 0,       15143.74528,        12364.96121,                  0,        0.1822205629,         0.1569897047,                    0,          301408.4704,           301935.7186,                     0,           115.4766518,           -136.0029381,                      0,        115.4766482,         135.9537339,                   0,                87.95083665,                 184.3036912,                           0,            -6.250865736e-08,              -0.000723445538,                          nan,                      0.7616330926,                        1.355635377,                                nan,           299.9975818,            300.5223619,                      0,            17151.95128,             17003.84872,                       0,      0.8763400314,      0.5540990789,                 0,                 0,                 0,      0.4279849632,      0.3613276408,      0.9718230167,                 0,      0.6322877639
        1133,     0.06167129065,       -5.54393834,      -3.196754261,     -0.1197825309,                        10,       -4.31785606,               4,      -4.288231817,   3.114705582e-08,   1.361310647e-05,       1.558933345,        13.8996063,        12.9369724,         0.6933648262,         -0.7031066525,                     0,      0.4255688517,      0.6899767957,                 0,       289.5097495,       274.3836331,                 0,       15143.47921,        12365.02045,                  0,        0.1822186468,         0.1569933876,                    0,          301407.1883,           301929.6311,                     0,            115.481814,           -136.0046225,                      0,        115.4818113,         135.9565509,                   0,                87.95281443,                 184.3011039,                           0,            -4.824801825e-08,             -0.0007067857984,                          nan,                      0.7616161669,                        1.355588258,                                nan,           299.9963057,            300.5163029,                      0,            17151.81805,             17003.80911,                       0,      0.8751229157,        0.55359245,                 0,                 0,                 0,      0.4275848177,      0.3606664687,      0.9706824489,                 0,      0.6325882229
        1134,     0.06165260564,       -5.53685794,      -3.201611979,     -0.1083946249,                        10,      -3.843374154,               5,      -4.815128435,   3.737704277e-08,   1.633667199e-05,       1.870720014,       16.67952756,       15.52436688,         0.6934201153,         -0.7031484708,                     0,       0.425610988,      0.6899753547,                 0,       289.5062831,       274.3769609,                 0,        15142.9694,        12365.05826,                  0,        0.1822146941,         0.1569976181,                    0,          301405.6657,           301921.9256,                     0,           115.4935265,           -136.0068866,                      0,        115.4935242,         135.9600306,                   0,                87.95972314,                 184.2973814,                           0,            -3.912745294e-08,             -0.0006889057562,                          nan,                      0.7615987452,                        1.355526184,                                nan,           299.9947902,            300.5086335,                      0,            17151.65613,             17003.73024,                       0,      0.8737760544,      0.5529678665,                 0,                 0,                 0,      0.4271620826,      0.3599735666,       0.969369427,                 0,      0.6328485013
        1135,     0.06164023724,      -5.523275777,      -3.203017143,    -0.08909630611,                        10,      -3.419724743,               5,      -4.479007005,   4.485350722e-08,   1.960516419e-05,       2.244864017,       20.01543307,       18.62924026,         0.6935182923,         -0.7031936218,                     0,      0.4256867767,      0.6899721414,                 0,       289.5008315,       274.3685129,                 0,       15142.12246,        12365.04896,                  0,         0.182207934,         0.1570022613,                    0,           301403.743,           301912.1223,                     0,           115.5141633,           -136.0093043,                      0,        115.5141613,         135.9637387,                   0,                 87.9730369,                 184.2920195,                           0,             -3.48370095e-08,             -0.0006699243617,                          nan,                      0.7615779394,                        1.355449778,                                nan,           299.9928766,            300.4988761,                      0,            17151.44434,             17003.55527,                       0,      0.8723295167,      0.5521972461,                 0,                 0,                 0,      0.4267365577,      0.3592898713,      0.9678798338,                 0,      0.6330145152
        1136,     0.06162414195,       -5.50632322,      -3.200096864,    -0.06618627022,                        10,      -3.043069515,               5,      -4.175238423,   5.382620721e-08,   2.352754931e-05,       2.693836821,       24.01851968,       22.35508831,         0.6936764141,         -0.7032363139,                     0,      0.4258087257,      0.6899639016,                 0,       289.4924793,       274.3580529,                 0,       15140.78974,        12364.97782,                  0,        0.1821971536,         0.1570072658,                    0,          301401.0878,           301899.7182,                     0,           115.5473366,           -136.0108295,                      0,        115.5473346,         135.9666131,                   0,                87.99467427,                 184.2842982,                           0,            -3.389074732e-08,             -0.0006500841191,                          nan,                      0.7615465519,                        1.355364336,                                nan,           299.9902337,            300.4865301,                      0,            17151.13778,             17003.21687,                       0,      0.8708277396,      0.5512437426,                 0,                 0,                 0,      0.4263345531,      0.3586730595,      0.9662112875,                 0,      0.6330112347
        1137,     0.06160577109,      -5.488246532,      -3.192958111,    -0.04237284702,                        10,      -2.711560592,               6,      -4.586101601,   6.459525069e-08,   2.823448683e-05,      0.2693836821,       2.401851968,       2.235508831,         0.6939187991,         -0.7032683404,                     0,      0.4259950743,      0.6899456191,                 0,        289.480075,       274.3455577,                 0,       15138.77891,        12364.85241,                  0,        0.1821807624,         0.1570127412,                    0,          301397.4065,           301884.3121,                     0,           115.5981116,           -136.0098285,                      0,        115.5981093,         135.9669935,                   0,                88.02777286,                 184.2733007,                           0,            -3.841852214e-08,             -0.0006297808245,                          nan,                      0.7614983789,                        1.355279659,                                nan,           299.9865696,            300.4711961,                      0,            17150.69881,              17002.6523,                       0,      0.8693425354,      0.5500642255,                 0,                 0,                 0,       0.425995711,      0.3582063926,      0.9643729965,                 0,      0.6327358931
        1138,     0.06157243082,      -5.469086956,      -3.181267069,    -0.01749199072,                         4,      -4.603919541,               2,      -4.147580707,   6.460115715e-09,   2.823552417e-06,      0.3232604185,       2.882222362,       2.682610598,         0.6939855354,         -0.7032581737,                     0,      0.4260349794,      0.6899323399,                 0,       289.4814788,       274.3453029,                 0,       15139.04468,        12364.83227,                  0,        0.1821830772,         0.1570126291,                    0,          301400.8458,            301882.958,                     0,           115.6077597,           -136.0073275,                      0,        115.6077576,          135.964841,                   0,                88.03815082,                 184.2700776,                           0,            -3.638364365e-08,             -0.0006246705613,                          nan,                      0.7615245954,                         1.35527741,                                nan,           299.9899929,            300.4698483,                      0,            17151.39381,              17002.4016,                       0,      0.8692521848,      0.5499719987,                 0,                 0,                 0,      0.4259749529,      0.3581904095,      0.9642448811,                 0,       0.632695561
        1139,     0.06153912772,      -5.478377422,      -3.185362002,    -0.03113712982,                         4,      -4.193721433,               3,        -5.8407542,   7.752215165e-09,   3.388332802e-06,      0.3879125022,       3.458666835,       3.219132717,         0.6940464114,         -0.7032474616,                     0,      0.4260776667,       0.689916945,                 0,       289.4818104,       274.3447632,                 0,       15139.08647,        12364.82085,                  0,        0.1821833714,         0.1570127876,                    0,          301403.3069,           301881.1215,                     0,           115.6177134,           -136.0044217,                      0,        115.6177116,          135.962321,                   0,                88.04924981,                 184.2661981,                           0,            -3.212529398e-08,             -0.0006190109953,                          nan,                      0.7615550301,                        1.355273996,                                nan,           299.9924425,            300.4680204,                      0,            17151.86257,             17002.12741,                       0,      0.8691393502,      0.5498612982,                 0,                 0,                 0,       0.425950626,      0.3581677358,      0.9640884454,                 0,      0.6326503317
        1140,     0.06150717266,      -5.491150376,      -3.187674246,    -0.04881085025,                         5,       -4.70305759,               3,      -5.475195282,   9.302768948e-09,    4.06608837e-06,      0.4654950026,       4.150400201,       3.862959261,         0.6941048966,         -0.7032362346,                     0,      0.4261252373,      0.6898992337,                 0,       289.4808964,       274.3438411,                 0,       15138.87602,        12364.81769,                  0,        0.1821814141,         0.1570132658,                    0,          301404.7134,           301878.6792,                     0,           115.6286976,           -136.0010744,                      0,        115.6286961,         135.9593977,                   0,                88.06122878,                  184.261559,                           0,            -2.591348169e-08,             -0.0006127937826,                          nan,                      0.7615862823,                        1.355269015,                                nan,           299.9938424,            300.4655895,                      0,            17152.09382,             17001.82551,                       0,      0.8689971084,      0.5497268667,                 0,                 0,                 0,      0.4259219811,      0.3581360502,      0.9638953117,                 0,      0.6325991897
        1141,     0.06147589378,      -5.506687414,      -3.188785639,    -0.06987060144,                         5,      -4.246672982,               3,      -5.122862116,   1.116348317e-08,   4.879412654e-06,      0.5585940031,       4.980480242,       4.635551113,         0.6941677833,         -0.7032246324,                     0,       0.426181053,      0.6898790384,                 0,       289.4786239,       274.3424367,                 0,       15138.40515,         12364.8225,                  0,        0.1821771778,          0.157014116,                    0,          301405.1144,           301875.5076,                     0,           115.6418618,           -135.9972687,                      0,        115.6418607,         135.9560537,                   0,                88.07442372,                 184.2560542,                           0,            -1.883100242e-08,              -0.000606023936,                          nan,                      0.7616136853,                         1.35526186,                                nan,           299.9942415,            300.4624328,                      0,            17152.11146,             17001.49243,                       0,      0.8688184424,      0.5495610253,                 0,                 0,                 0,      0.4258883847,       0.358094424,      0.9636551198,                 0,      0.6325383976
        1142,      0.0614474818,      -5.522806782,      -3.189369671,    -0.09171130109,                         6,      -4.507802845,               3,      -4.784580735,   1.339641258e-08,   5.855411885e-06,      0.6703128038,        5.97657629,       5.562661335,         0.6942446265,         -0.7032130448,                     0,      0.4262496849,       0.689856258,                 0,       289.4749502,       274.3404616,                 0,       15137.68394,        12364.83625,                  0,        0.1821708106,         0.1570154008,                    0,          301404.6923,           301871.5015,                     0,           115.6587046,            -135.993029,                      0,        115.6587039,         135.9523118,                   0,                88.08942222,                 184.2495777,                           0,            -1.235275315e-08,             -0.0005987226042,                          nan,                      0.7616324516,                        1.355251523,                                nan,           299.9938213,            300.4584454,                      0,            17151.97208,             17001.12774,                       0,      0.8685974755,      0.5493535928,                 0,                 0,                 0,      0.4258496913,      0.3580443524,      0.9633562093,                 0,       0.632460499
        1143,      0.0614186285,      -5.536993822,       -3.19000105,     -0.1109071209,                         6,      -4.046713858,               3,      -4.461012152,   1.607603507e-08,   7.026604718e-06,      0.8043753645,       7.171891548,       6.675193602,         0.6943461817,         -0.7032022209,                     0,      0.4263366129,       0.689830909,                 0,       289.4698674,       274.3378455,                 0,       15136.72828,        12364.86138,                  0,        0.1821625085,         0.1570171909,                    0,          301403.7108,           301866.5851,                     0,           115.6808947,            -135.988443,                      0,        115.6808942,         135.9482575,                   0,                88.10711431,                 184.2420322,                           0,            -8.024967579e-09,             -0.0005909269958,                          nan,                      0.7616392914,                        1.355236438,                                nan,           299.9928445,            300.4535521,                      0,            17151.74784,             17000.73515,                       0,      0.8683308155,      0.5490923213,                 0,                 0,                 0,       0.425806778,      0.3579905589,      0.9629867819,                 0,      0.6323538351
        1144,     0.06139158935,      -5.548412189,      -3.190893856,     -0.1258387241,                         7,      -4.169877195,               3,       -4.15265514,   1.929174449e-08,   8.432003872e-06,      0.9652504374,       8.606269858,       8.010232323,         0.6944823823,         -0.7031931447,                     0,      0.4264477535,      0.6898031644,                 0,       289.4633475,       274.3345231,                 0,       15135.54202,         12364.8992,                  0,        0.1821523351,          0.157019541,                    0,           301402.435,           301860.7013,                     0,           115.7100483,           -135.9836595,                      0,        115.7100479,         135.9440357,                   0,                88.12869594,                 184.2333399,                           0,            -7.480223996e-09,             -0.0005826881876,                          nan,                      0.7616339077,                        1.355214584,                                nan,           299.9915746,            300.4476958,                      0,            17151.50162,             17000.31965,                       0,      0.8680189015,      0.5487637037,                 0,                 0,                 0,       0.425762262,      0.3579415781,      0.9625363591,                 0,      0.6322024817
        1145,      0.0613673363,      -5.558008657,      -3.191626894,     -0.1372741373,                         8,      -4.221685439,               4,      -5.102947374,   2.315084718e-08,   1.011841831e-05,       1.158300525,       10.32752383,       9.612278788,         0.6946609661,         -0.7031865687,                     0,      0.4265890441,      0.6897732959,                 0,       289.4552778,       274.3304056,                 0,       15134.10296,        12364.94516,                  0,        0.1821400941,         0.1570224445,                    0,          301401.0427,           301853.7753,                     0,            115.747582,           -135.9788362,                      0,        115.7475812,         135.9398002,                   0,                88.15560191,                 184.2234426,                           0,            -1.244161996e-08,             -0.0005740647212,                          nan,                      0.7616193874,                        1.355184003,                                nan,           299.9901888,            300.4408022,                      0,            17151.26706,             16999.87997,                       0,      0.8676677084,       0.548353451,                 0,                 0,                 0,      0.4257214396,      0.3579108217,       0.961997195,                 0,      0.6319855466
        1146,      0.0613443265,      -5.565295095,      -3.191165205,     -0.1444746922,                         9,       -4.19848731,               4,      -4.745817281,   2.778216493e-08,   1.214202044e-05,        1.38996063,        12.3930286,       11.53473455,         0.6948875311,          -0.703182492,                     0,      0.4267661942,      0.6897414784,                 0,       289.4454405,       274.3253694,                 0,       15132.36333,         12364.9866,                  0,        0.1821253472,         0.1570258121,                    0,          301399.5919,           301845.6869,                     0,           115.7947103,           -135.9740554,                      0,        115.7947089,         135.9356302,                   0,                88.18935946,                 184.2122794,                           0,             -2.43929158e-08,             -0.0005651054254,                          nan,                       0.761600943,                        1.355143454,                                nan,           299.9887449,            300.4327516,                      0,            17151.04667,             16999.40246,                       0,      0.8672911644,      0.5478464586,                 0,                 0,                 0,      0.4256934401,      0.3579185224,      0.9613657147,                 0,      0.6316753602
        1147,     0.06132356446,      -5.565770659,      -3.188411757,     -0.1419210933,                        10,      -4.120891047,               4,      -4.407677001,   3.334036773e-08,   1.457022627e-05,       1.667952756,       14.87163431,       13.84168145,         0.6951672344,         -0.7031801785,                     0,      0.4269848207,      0.6897075249,                 0,       289.4334907,       274.3192924,                 0,       15130.25708,        12365.00861,                  0,        0.1821075157,         0.1570295243,                    0,          301398.0044,           301836.2902,                     0,           115.8526653,           -135.9692805,                      0,        115.8526627,         135.9314876,                   0,                88.23136743,                 184.1997312,                           0,            -4.454819535e-08,             -0.0005558270094,                          nan,                      0.7615825599,                         1.35509244,                                nan,           299.9871647,             300.423399,                      0,            17150.82143,             16998.86478,                       0,       0.866914516,      0.5472263101,                 0,                 0,                 0,      0.4256924464,      0.3579947114,      0.9606441585,                 0,      0.6312344528
        1148,     0.06130325553,       -5.55438024,       -3.18295024,     -0.1241275722,                        10,      -3.671480112,               4,      -4.084957247,   4.001118448e-08,   1.748393923e-05,       2.001543307,       17.84596118,       16.61001774,         0.6955079969,         -0.7031789536,                     0,      0.4272515443,       0.689670733,                 0,        289.418859,       274.3121137,                 0,       15127.69486,        12365.00513,                  0,        0.1820858817,         0.1570335391,                    0,          301396.0188,           301825.4676,                     0,           115.9232306,           -135.9644158,                      0,        115.9232263,         135.9272777,                   0,                88.28277092,                 184.1855435,                           0,            -7.444351124e-08,             -0.0005462161039,                          nan,                      0.7615624041,                        1.355030032,                                nan,           299.9851885,             300.412627,                      0,            17150.55599,             16998.24899,                       0,      0.8665781978,      0.5464746258,                 0,                 0,                 0,      0.4257386307,      0.3581826911,      0.9598424086,                 0,      0.6306120177
        1149,      0.0612846587,      -5.532801058,      -3.175017671,    -0.09470925735,                        10,      -3.272789741,               5,      -4.663210732,   4.801767012e-08,   2.098021435e-05,       2.401851968,       21.41515341,       19.93202129,         0.6959244196,         -0.7031791971,                     0,      0.4275765647,       0.689629926,                 0,       289.4006275,       274.3038602,                 0,       15124.54333,        12364.98529,                  0,        0.1820594164,         0.1570379573,                    0,          301393.1904,           301813.1614,                     0,           116.0095053,           -135.9594485,                      0,        116.0094985,         135.9229872,                   0,                88.34485577,                 184.1692485,                           0,            -1.168534878e-07,             -0.0005362836565,                          nan,                      0.7615312275,                        1.354952921,                                nan,           299.9823733,            300.4003785,                      0,            17150.20074,             16997.55095,                       0,      0.8663409829,      0.5455714777,                 0,                 0,                 0,      0.4258588468,      0.3585412903,      0.9589802287,                 0,      0.6297422014
        1150,     0.06126443788,      -5.509516536,      -3.164368227,    -0.06470803555,                        10,      -2.918014631,               5,      -4.259316737,   5.762774281e-08,   2.517541848e-05,      0.2401851968,       2.141515341,       1.993202129,         0.6964396971,         -0.7031830568,                     0,      0.4279764898,      0.6895836763,                 0,        289.377611,       274.2946541,                 0,       15120.62089,        12364.97158,                  0,        0.1820266772,         0.1570429957,                    0,          301389.1167,           301799.4003,                     0,           116.1162915,           -135.9546189,                      0,        116.1162811,         135.9188488,                   0,                88.42016333,                 184.1501293,                           0,            -1.799629779e-07,             -0.0005261367993,                          nan,                      0.7614794628,                        1.354853509,                                nan,           299.9783187,            300.3866817,                      0,            17149.71518,             16996.78139,                       0,      0.8662817439,      0.5444984128,                 0,                 0,                 0,      0.4260879731,      0.3591444321,      0.9580907359,                 0,      0.6285465631
        1151,     0.06238797917,      -5.491105853,      -3.149766776,    -0.04134428033,                         4,      -4.833720368,               2,      -4.346758324,   5.763603813e-09,   2.517417377e-06,      0.2882222362,       2.569818409,       2.391842555,         0.6965685754,          -0.703177039,                     0,      0.4280505686,      0.6895739578,                 0,       289.3794895,       274.2942206,                 0,       15121.00561,        12364.96841,                  0,        0.1820301271,         0.1570432027,                    0,          301394.7605,           301798.1534,                     0,           116.1355768,           -135.9529814,                      0,        116.1355665,         135.9173753,                   0,                88.43731883,                 184.1473644,                           0,            -1.771158433e-07,             -0.0005237308565,                          nan,                      0.7615007314,                        1.354847855,                                nan,            299.983936,            300.3854407,                      0,            17150.88594,             16996.61945,                       0,      0.8662831011,      0.5444211382,                 0,                 0,                 0,      0.4261043067,      0.3591923393,      0.9580300884,                 0,      0.6284563758
        1152,     0.06235399341,      -5.500603131,      -3.153730432,    -0.05542869975,                         4,      -4.412046597,               2,      -4.088050487,   6.916430581e-09,   3.020911604e-06,      0.3458666835,       3.083782091,       2.870211066,         0.6966892526,         -0.7031714979,                     0,      0.4281302486,       0.689562663,                 0,       289.3796472,       274.2935967,                 0,       15121.03011,        12364.97367,                  0,         0.182030323,         0.1570436241,                    0,          301398.8915,           301796.5745,                     0,           116.1555692,           -135.9512234,                      0,        116.1555598,         135.9157969,                   0,                88.45598283,                  184.143968,                           0,            -1.622019352e-07,             -0.0005210977077,                          nan,                       0.761530339,                          1.3548386,                                nan,           299.9880477,            300.3838691,                      0,            17151.70381,             16996.44404,                       0,      0.8662862815,      0.5443260558,                 0,                 0,                 0,      0.4261259975,       0.359252488,      0.9579563802,                 0,        0.62834431
        1153,     0.06232047019,      -5.513195548,      -3.155531805,    -0.07319353761,                         4,      -4.003361352,               3,      -5.759285051,    8.29983102e-09,   3.625102672e-06,      0.4150400201,        3.70053851,        3.44425328,         0.6968052402,         -0.7031671961,                     0,      0.4282181327,      0.6895497318,                 0,       289.3778232,       274.2927383,                 0,       15120.64595,        12364.98975,                  0,        0.1820268459,          0.157044315,                    0,          301401.3677,           301794.6105,                     0,           116.1771231,            -135.949446,                      0,        116.1771151,          135.914214,                   0,                88.47638923,                 184.1398187,                           0,            -1.386978421e-07,             -0.0005182422398,                          nan,                      0.7615646952,                         1.35482385,                                nan,           299.9905123,            300.3819144,                      0,            17152.13965,             16996.25741,                       0,      0.8662923902,      0.5442076184,                 0,                 0,                 0,       0.426155114,       0.359329119,      0.9578658682,                 0,      0.6282031615
        1154,     0.06228883879,      -5.528446414,       -3.15638546,     -0.0943855337,                         5,      -4.489468052,               3,      -5.398902865,   9.959937804e-09,   4.350122319e-06,      0.4980480242,       4.440646212,       4.133103936,         0.6969248438,         -0.7031652641,                     0,      0.4283184392,        0.68953521,                 0,       289.3738696,       274.2915981,                 0,       15119.83902,         12365.0189,                  0,        0.1820196187,           0.15704533,                    0,          301402.2453,            301792.213,                     0,           116.2016747,           -135.9478213,                      0,        116.2016681,         135.9127986,                   0,                88.49896401,                 184.1347841,                           0,            -1.126866688e-07,             -0.0005151701226,                          nan,                      0.7615980513,                        1.354800916,                                nan,           299.9913858,            300.3795281,                      0,            17152.21928,             16996.06315,                       0,      0.8663037608,      0.5440588585,                 0,                 0,                 0,       0.426194456,      0.3594283107,      0.9577544241,                 0,      0.6280231983
        1155,     0.06225716661,      -5.544465649,      -3.157196618,     -0.1168097773,                         5,       -4.04413062,               3,      -5.051187334,   1.195213714e-08,   5.220120844e-06,       0.597657629,       5.328775454,       4.959724723,         0.6970607733,          -0.703167294,                     0,      0.4284369664,      0.6895192936,                 0,        289.367771,       274.2901288,                 0,        15118.6314,        12365.06294,                  0,        0.1820089166,          0.157046719,                    0,          301401.7976,           301789.3449,                     0,           116.2311701,           -135.9466144,                      0,        116.2311648,         135.9118157,                   0,                88.52440766,                 184.1287252,                           0,            -9.122945988e-08,             -0.0005118805189,                          nan,                      0.7616236816,                        1.354766135,                                nan,           299.9909402,            300.3766734,                      0,            17152.02531,             16995.86663,                       0,      0.8663245646,      0.5438716585,                 0,                 0,                 0,      0.4262476817,      0.3595583007,      0.9576181184,                 0,      0.6277920316
        1156,     0.06222747156,      -5.558699659,      -3.158155186,     -0.1369948097,                         6,      -4.294546132,               3,      -4.716711611,   1.434288296e-08,   6.264066446e-06,      0.7171891548,       6.394530545,       5.951669667,         0.6972280071,         -0.7031753909,                     0,      0.4285805835,      0.6895023839,                 0,       289.3596279,       274.2882824,                 0,        15117.0687,        12365.12266,                  0,        0.1819952253,          0.157048519,                    0,          301400.4721,           301785.9843,                     0,           116.2678003,           -135.9461984,                      0,        116.2677956,         135.9116394,                   0,                88.55375015,                 184.1215077,                           0,            -8.047533873e-08,             -0.0005083569779,                          nan,                      0.7616360981,                        1.354714787,                                nan,            299.989621,            300.3733285,                      0,            17151.67774,             16995.67495,                       0,      0.8663612885,      0.5436373168,                 0,                 0,                 0,      0.4263193899,      0.3597295219,        0.95745396,                 0,      0.6274949309
        1157,     0.06220098998,      -5.569866776,      -3.158769695,     -0.1526451291,                         7,      -4.439394534,               3,      -4.395914616,   1.721193682e-08,   7.516705246e-06,      0.8606269858,       7.673436654,       7.142003601,          0.697440562,         -0.7031920121,                     0,      0.4287564457,      0.6894851105,                 0,       289.3495588,       274.2860003,                 0,       15115.19182,        12365.19583,                  0,        0.1819789618,         0.1570507352,                    0,          301398.7503,           301782.1149,                     0,           116.3136401,           -135.9470399,                      0,        116.3136352,         135.9127384,                   0,                88.58834177,                 184.1130174,                           0,            -8.437267229e-08,              -0.000504566661,                          nan,                      0.7616333339,                        1.354641365,                                nan,           299.9879072,            300.3694773,                      0,            17151.29413,             16995.49466,                       0,       0.866423108,      0.5433470483,                 0,                 0,                 0,      0.4264152145,       0.359954597,       0.957260521,                 0,      0.6271151395
        1158,     0.06217562192,      -5.578865701,       -3.15825708,     -0.1642942948,                         8,      -4.513214721,               3,      -4.089100907,   2.065503739e-08,   9.019717058e-06,       1.032752383,       9.208123984,       8.570404321,         0.6977086639,         -0.7032194025,                     0,      0.4289712186,      0.6894682574,                 0,       289.3375914,        274.283188,                 0,       15113.00881,        12365.27351,                  0,        0.1819602052,         0.1570533082,                    0,           301396.995,           301777.6936,                     0,           116.3703492,           -135.9496203,                      0,        116.3703431,         135.9155958,                   0,                88.62976474,                 184.1031737,                           0,              -1.0388669e-07,             -0.0005004820688,                          nan,                      0.7616181439,                         1.35454046,                                nan,           299.9861601,            300.3650766,                      0,            17150.95013,             16995.32561,                       0,      0.8665222594,      0.5429921535,                 0,                 0,                 0,      0.4265420202,      0.3602485315,      0.9570382962,                 0,        0.62663382
        1159,     0.06215104664,       -5.58674027,      -3.155864586,     -0.1730254068,                         8,      -4.033365944,               4,      -4.973877955,   2.478710831e-08,   1.082310818e-05,        1.23930286,       11.04974878,       10.28448518,         0.6980379715,         -0.7032586938,                     0,      0.4292306456,       0.689452504,                 0,       289.3235931,       274.2797046,                 0,       15110.48483,          12365.338,                  0,        0.1819386188,         0.1570560945,                    0,          301395.3573,           301772.6179,                     0,           116.4390923,           -135.9542848,                      0,        116.4390844,         135.9205554,                   0,                88.67966416,                  184.091926,                           0,            -1.365889427e-07,             -0.0004961251376,                          nan,                      0.7615970585,                        1.354408282,                                nan,             299.98453,            300.3600247,                      0,            17150.66365,             16995.15422,                       0,      0.8666749865,      0.5425639306,                 0,                 0,                 0,      0.4267084224,      0.3606295199,      0.9567902071,                 0,      0.6260292948
        1160,     0.06212971921,      -5.591374027,      -3.151062441,     -0.1760940379,                         9,      -4.018271306,               4,      -4.588153944,   2.974611464e-08,   1.298688659e-05,       1.487163431,       13.25969854,       12.34138222,         0.6984313634,          -0.703309388,                     0,      0.4295395858,      0.6894380293,                 0,        289.307274,       274.2754193,                 0,       15107.55518,        12365.36956,                  0,        0.1819136048,          0.157058919,                    0,          301393.7812,           301766.7591,                     0,           116.5207396,           -135.9611007,                      0,        116.5207292,         135.9276773,                   0,                88.73950811,                 184.0792217,                           0,             -1.78183732e-07,             -0.0004916021002,                          nan,                       0.761577006,                        1.354243856,                                nan,           299.9829614,            300.3541934,                      0,            17150.41012,             16994.95676,                       0,      0.8669039555,       0.542053801,                 0,                 0,                 0,      0.4269259349,      0.3611207913,      0.9565231651,                 0,      0.6252754963
        1161,      0.0621110611,      -5.586728486,      -3.144013768,     -0.1660960574,                        10,      -3.949200005,               4,       -4.22192813,   3.569770128e-08,   1.558306767e-05,       1.784596118,       15.91163824,       14.80965867,         0.6988926142,         -0.7033702621,                     0,      0.4299027654,      0.6894242738,                 0,       289.2881671,       274.2703459,                 0,        15104.1401,        12365.36436,                  0,        0.1818844951,         0.1570617258,                    0,          301392.0211,           301760.0916,                     0,           116.6163591,           -135.9699006,                      0,        116.6163458,          135.936782,                   0,                88.81035412,                 184.0649454,                           0,            -2.271304106e-07,             -0.0004870861774,                          nan,                       0.761560084,                         1.35404813,                                nan,           299.9812095,            300.3475571,                      0,            17150.14672,              16994.7204,                       0,      0.8672432926,       0.541454029,                 0,                 0,                 0,      0.4272108812,      0.3617541799,      0.9562516967,                 0,      0.6243392524
        1162,     0.06209258745,      -5.568727206,      -3.135501896,     -0.1393372719,                        10,      -3.520607593,               5,      -4.674245312,    4.28407738e-08,   1.869806119e-05,       2.141515341,       19.09396589,        17.7715904,         0.6994308413,         -0.7034418685,                     0,      0.4303268377,      0.6894102279,                 0,       289.2655264,       274.2647486,                 0,       15100.13575,        12365.35041,                  0,        0.1818505067,         0.1570647198,                    0,          301389.6382,           301752.8313,                     0,            116.727989,           -135.9806341,                      0,        116.7279722,          135.947808,                   0,                88.89295067,                 184.0488363,                           0,            -2.885860866e-07,             -0.0004827468294,                          nan,                      0.7615394067,                        1.353819815,                                nan,           299.9788377,            300.3403307,                      0,            17149.82273,             16994.46932,                       0,      0.8677464652,      0.5407589994,                 0,                 0,                 0,      0.4275867875,      0.3625756202,      0.9560037358,                 0,       0.623176263
        1163,     0.06207376924,      -5.543646829,       -3.12557453,     -0.1055311001,                        10,      -3.138332983,               5,      -4.281867445,   5.141421342e-08,   2.243549795e-05,       2.569818409,       22.91275907,       21.32590848,         0.7000637184,         -0.7035291838,                     0,      0.4308235569,      0.6893952573,                 0,       289.2382937,       274.2590826,                 0,       15095.39539,        12365.38063,                  0,        0.1818105346,         0.1570683126,                    0,          301386.1262,           301745.4327,                     0,           116.8593097,           -135.9939188,                      0,        116.8592878,         135.9613659,                   0,                 88.9886267,                 184.0303959,                           0,             -3.75162049e-07,             -0.0004786828856,                          nan,                      0.7615023879,                        1.353549185,                                nan,           299.9753422,            300.3329668,                      0,             17149.3898,             16994.26752,                       0,      0.8684935732,      0.5399675293,                 0,                 0,                 0,      0.4280860036,      0.3636495465,      0.9558268811,                 0,      0.6217288717
        1164,     0.06205508361,      -5.523394891,      -3.112829029,    -0.07921997782,                        10,      -2.793105315,               6,      -4.665791244,   6.170495287e-08,   2.691958457e-05,      0.2569818409,       2.291275907,       2.132590848,         0.7008158861,         -0.7036426146,                     0,      0.4314113119,      0.6893800059,                 0,       289.2053958,       274.2537994,                 0,       15089.74852,        12365.50234,                  0,        0.1817631961,         0.1570728474,                    0,          301381.2996,           301738.4431,                     0,           117.0153551,           -136.0114709,                      0,        117.0153253,         135.9791703,                   0,                89.10065475,                 184.0088437,                           0,            -5.099032306e-07,             -0.0004749122251,                          nan,                      0.7614443198,                        1.353213462,                                nan,           299.9705382,            300.3260099,                      0,            17148.83941,             16994.19044,                       0,      0.8695908808,      0.5390899717,                 0,                 0,                 0,      0.4287485775,      0.3650542153,       0.955793763,                 0,      0.6199351714
        1165,     0.06202252238,      -5.512597009,      -3.095833127,    -0.06463512782,                         4,      -4.674357766,               2,      -4.328158627,     6.1714731e-09,   2.691594936e-06,      0.3083782091,       2.749531089,       2.559109018,         0.7010060815,           -0.70366001,                     0,      0.4315203603,      0.6893823859,                 0,       289.2079928,       274.2529831,                 0,       15090.29289,        12365.42781,                  0,        0.1817681216,         0.1570723684,                    0,          301389.4743,           301737.7176,                     0,           117.0439364,           -136.0151854,                      0,        117.0439072,          135.982918,                   0,                 89.1255779,                 184.0067253,                           0,            -4.997690498e-07,             -0.0004744116176,                          nan,                      0.7614713148,                        1.353160588,                                nan,           299.9786746,            300.3252877,                      0,            17150.54723,             16994.12058,                       0,       0.869670914,      0.5390381484,                 0,                 0,                 0,      0.4287941477,       0.365149284,      0.9558010382,                 0,       0.619818531
        1166,     0.06199019632,      -5.527692814,      -3.100004656,    -0.08604549313,                         4,      -4.257170035,               2,      -4.072616895,   7.405878296e-09,   3.229867041e-06,       0.370053851,       3.299437306,       3.070930821,         0.7011811425,         -0.7036842237,                     0,      0.4316364982,      0.6893847664,                 0,       289.2080168,       274.2522035,                 0,       15090.29052,        12365.38929,                  0,        0.1817680784,         0.1570723245,                    0,          301395.3245,           301737.0333,                     0,           117.0731867,           -136.0198478,                      0,        117.0731597,         135.9876097,                   0,                89.15253331,                  184.003926,                           0,            -4.604982811e-07,             -0.0004739654458,                          nan,                      0.7615112938,                        1.353093318,                                nan,           299.9844974,            300.3246067,                      0,             17151.7048,             16994.10021,                       0,      0.8697728149,      0.5389714205,                 0,                 0,                 0,      0.4288522706,      0.3652707798,      0.9558097086,                 0,      0.6196691955
        1167,     0.06196014135,      -5.545121942,      -3.102192116,     -0.1103502187,                         5,      -4.782248391,               3,      -5.633171932,   8.887214228e-09,    3.87576792e-06,      0.4440646212,       3.959324768,       3.685116985,         0.7013467465,          -0.703716864,                     0,      0.4317634146,      0.6893873212,                 0,       289.2051584,       274.2514262,                 0,       15089.68631,        12365.38586,                  0,        0.1817625971,         0.1570727235,                    0,           301398.713,           301736.3659,                     0,           117.1043597,            -136.025766,                      0,        117.1043362,         135.9935511,                   0,                89.18181886,                 184.0002698,                           0,            -4.016783884e-07,              -0.000473602869,                          nan,                      0.7615586385,                        1.353007318,                                nan,           299.9878701,            300.3239424,                      0,            17152.28629,             16994.13076,                       0,      0.8699044018,      0.5388841018,                 0,                 0,                 0,        0.42892741,      0.3654283677,       0.955819989,                 0,      0.6194750833
        1168,     0.06192940462,      -5.563227619,      -3.104481113,     -0.1358748448,                         5,      -4.318131528,               3,      -5.273198298,   1.066488927e-08,   4.650806198e-06,      0.5328775454,       4.751189721,       4.422140382,         0.7015156271,         -0.7037597942,                     0,      0.4319070243,      0.6893903241,                 0,       289.1993033,       274.2506118,                 0,        15088.4824,         12365.4135,                  0,        0.1817517752,          0.157073536,                    0,           301399.818,           301735.6935,                     0,           117.1395237,            -136.033326,                      0,        117.1395038,         136.0011281,                   0,                  89.213997,                 183.9955629,                           0,            -3.385627667e-07,              -0.000473326819,                          nan,                      0.7616047027,                        1.352897329,                                nan,           299.9889699,            300.3232732,                      0,            17152.35327,             16994.21083,                       0,      0.8700762715,      0.5387700884,                 0,                 0,                 0,      0.4290253684,      0.3656341763,      0.9558334455,                 0,      0.6192216775
        1169,     0.06190082718,      -5.579052703,      -3.107747028,     -0.1588679525,                         6,      -4.596867331,               3,      -4.925884045,   1.279820332e-08,   5.580780655e-06,      0.6394530545,       5.701427666,       5.306568459,         0.7017062123,         -0.7038153723,                     0,      0.4320751133,        0.68939422,                 0,       289.1905694,       274.2497303,                 0,       15086.73834,        12365.46703,                  0,        0.1817362553,         0.1570747132,                    0,           301399.154,           301735.0172,                     0,           117.1813474,             -136.04302,                      0,        117.1813305,         136.0108362,                   0,                89.24999149,                 183.9896109,                           0,            -2.876495845e-07,             -0.0004730854351,                          nan,                      0.7616400247,                        1.352757001,                                nan,            299.988309,               300.3226,                      0,            17152.05132,             16994.33998,                       0,      0.8703020139,      0.5386238134,                 0,                 0,                 0,      0.4291532363,      0.3659023894,      0.9558538849,                 0,      0.6188929875
        1170,     0.06187235508,       -5.59038893,      -3.111360621,     -0.1758405035,                         6,      -4.126768616,               3,      -4.592160236,    1.53583304e-08,   6.696633047e-06,      0.7673436654,       6.841713199,        6.36788215,         0.7019387005,         -0.7038866092,                     0,      0.4322763155,      0.6893997212,                 0,       289.1792448,       274.2487598,                 0,       15084.54555,        12365.54105,                  0,        0.1817169566,         0.1570761983,                    0,          301397.4563,           301734.3671,                     0,           117.2326176,           -136.0554642,                      0,        117.2326023,            136.0233,                   0,                89.29111952,                 183.9822464,                           0,            -2.617458655e-07,              -0.000472754277,                          nan,                      0.7616577454,                        1.352578906,                                nan,           299.9866192,            300.3219529,                      0,            17151.57089,             16994.52141,                       0,      0.8705980608,      0.5384411075,                 0,                 0,                 0,      0.4293191204,      0.3662486045,      0.9558879481,                 0,      0.6184726703
        1171,     0.06184579445,      -5.597968408,      -3.113965304,     -0.1868820363,                         7,      -4.271585387,               3,      -4.272974469,   1.843069955e-08,   8.035473184e-06,      0.9208123984,       8.210055838,       7.641458581,         0.7022298277,         -0.7039768475,                     0,      0.4325186861,       0.689407848,                 0,        289.165649,       274.2476525,                 0,       15081.98405,        12365.62703,                  0,        0.1816946417,         0.1570779103,                    0,          301395.4647,           301733.7684,                     0,           117.2956445,           -136.0713545,                      0,        117.2956289,         136.0392268,                   0,                89.33901169,                 183.9733605,                           0,            -2.663857788e-07,             -0.0004721626996,                          nan,                       0.761656786,                        1.352355235,                                nan,            299.984637,             300.321357,                      0,            17151.08389,             16994.75873,                       0,      0.8709832994,      0.5382195457,                 0,                 0,                 0,      0.4295317438,      0.3666893154,      0.9559451517,                 0,      0.6179447368
        1172,     0.06182257255,      -5.604677618,      -3.114631303,     -0.1953358066,                         8,      -4.347437264,               4,      -5.064469912,   2.211785477e-08,   9.641813974e-06,       1.104974878,       9.852067006,       9.169750297,         0.7025891012,         -0.7040886268,                     0,      0.4328085326,      0.6894197588,                 0,       289.1499523,       274.2462861,                 0,       15079.08297,        12365.70749,                  0,        0.1816695534,         0.1570796977,                    0,           301393.677,           301733.1748,                     0,           117.3718663,           -136.0912979,                      0,        117.3718488,         136.0592316,                   0,                89.39539725,                 183.9629259,                           0,            -2.981727155e-07,             -0.0004711911035,                          nan,                      0.7616425761,                        1.352079706,                                nan,           299.9828577,            300.3207662,                      0,            17150.68706,             16995.04547,                       0,      0.8714788692,      0.5379583205,                 0,                 0,                 0,      0.4298001718,      0.3672418275,      0.9560376636,                 0,      0.6172935909
        1173,     0.06180178441,      -5.612108416,      -3.113157018,     -0.2032881508,                         9,      -4.335933421,               4,      -4.680222967,     2.6542891e-08,   1.156905971e-05,       1.325969854,       11.82248041,       11.00370036,         0.7030188027,         -0.7042221784,                     0,      0.4331500111,      0.6894362832,                 0,       289.1320852,       274.2444716,                 0,       15075.81256,        12365.75558,                  0,         0.181641376,         0.1570813291,                    0,          301392.2341,           301732.4419,                     0,           117.4618759,           -136.1155468,                      0,        117.4618556,         136.0835622,                   0,                 89.4618034,                 183.9509965,                           0,            -3.460572856e-07,             -0.0004699076048,                          nan,                      0.7616242987,                        1.351750304,                                nan,           299.9814214,            300.3200368,                      0,            17150.38886,             16995.35772,                       0,      0.8721088129,       0.537658298,                 0,                 0,                 0,      0.4301339893,      0.3679247412,      0.9561807422,                 0,      0.6165036862
        1174,     0.06178373013,      -5.617340707,      -3.109655521,      -0.206961941,                        10,       -4.25795886,               4,      -4.319270848,   3.185358367e-08,   1.388129408e-05,       1.591163824,       14.18697649,       13.20444043,         0.7035178393,         -0.7043749827,                     0,      0.4335456642,      0.6894573307,                 0,       289.1117463,       274.2420981,                 0,       15072.10731,        12365.75103,                  0,        0.1816095084,         0.1570826121,                    0,          301390.9548,           301731.4423,                     0,           117.5658895,           -136.1438196,                      0,        117.5658661,         136.1119146,                   0,                89.53924559,                 183.9376632,                           0,            -3.982666099e-07,             -0.0004686403839,                          nan,                       0.761609203,                        1.351370773,                                nan,           299.9801481,            300.3190418,                      0,             17150.1411,             16995.66714,                       0,      0.8729024878,      0.5373231536,                 0,                 0,                 0,      0.4305442014,      0.3687591821,      0.9563951015,                 0,       0.615559196
        1175,     0.06176426769,      -5.612768581,      -3.104535414,     -0.1966649117,                        10,      -3.782384478,               5,      -4.781774188,   3.822735333e-08,   1.665541847e-05,       1.909396589,       17.02437179,       15.84532851,         0.7040873406,         -0.7045438043,                     0,      0.4339979694,      0.6894816562,                 0,        289.088418,       274.2393693,                 0,       15067.88933,        12365.70824,                  0,        0.1815733351,         0.1570836145,                    0,          301389.4307,           301730.3077,                     0,           117.6845084,           -136.1754915,                      0,        117.6844817,         136.1436305,                   0,                89.62810286,                 183.9229408,                           0,            -4.527305664e-07,             -0.0004678842496,                          nan,                      0.7615966144,                        1.350947819,                                nan,           299.9786312,            300.3179125,                      0,            17149.88098,             16995.97611,                       0,       0.873899251,      0.5369616602,                 0,                 0,                 0,      0.4310447692,      0.3697711417,        0.95671157,                 0,      0.6144434379
        1176,      0.0617450836,      -5.594853995,      -3.098111491,     -0.1694151183,                        10,      -3.361299916,               5,      -4.405723936,   4.587723538e-08,   1.998369547e-05,       2.291275907,       20.42924614,       19.01439422,         0.7047351807,         -0.7047287636,                     0,      0.4345119194,      0.6895074093,                 0,       289.0613579,       274.2369161,                 0,       15063.06707,        12365.68921,                  0,        0.1815322172,          0.157084763,                    0,          301387.1476,            301729.595,                     0,           117.8194829,           -136.2102681,                      0,        117.8194522,         136.1783866,                   0,                89.72856251,                  183.906567,                           0,            -5.211672673e-07,             -0.0004680671346,                          nan,                      0.7615768098,                        1.350482787,                                nan,           299.9763587,            300.3172032,                      0,            17149.55563,             16996.34341,                       0,      0.8751537693,      0.5365897664,                 0,                 0,                 0,      0.4316540224,       0.370994441,      0.9571759619,                 0,      0.6131376968
        1177,     0.06172550603,      -5.573337552,      -3.089663592,     -0.1393658696,                        10,      -2.986472258,               5,      -4.061406458,   5.505905817e-08,   2.397676294e-05,       2.291275907,       20.42924614,       19.01439422,         0.7054764391,          -0.704936785,                     0,      0.4350973739,      0.6895333389,                 0,       289.0297476,       274.2356048,                 0,       15057.53396,        12365.77454,                  0,        0.1814853808,         0.1570865846,                    0,          301383.7595,           301730.1656,                     0,           117.9738631,           -136.2490503,                      0,        117.9738262,         136.2170727,                   0,                89.84180699,                 183.8877762,                           0,             -6.25164174e-07,             -0.0004693440975,                          nan,                      0.7615401644,                        1.349961298,                                nan,           299.9729866,            300.3177712,                      0,            17149.14434,             16996.86219,                       0,      0.8767352168,      0.5362326504,                 0,                 0,                 0,      0.4323940028,      0.3724688487,      0.9578502244,                 0,      0.6116243994
        1178,      0.0617064106,      -5.560423878,      -3.078156644,     -0.1212004585,                        10,       -3.00425529,               5,      -4.065029161,   5.506672384e-08,   2.397268614e-05,       2.749531089,       24.51509537,       22.81727306,         0.7062454182,         -0.7051579244,                     0,       0.435695309,      0.6895613279,                 0,       288.9994919,       274.2357359,                 0,       15052.35133,        12365.93548,                  0,        0.1814419085,         0.1570885434,                    0,          301382.4493,             301732.49,                     0,           118.1307713,           -136.2903755,                      0,        118.1307271,         136.2582292,                   0,                89.95928861,                 183.8685758,                           0,             -7.48295789e-07,             -0.0004716770346,                          nan,                      0.7615231942,                        1.349412633,                                nan,           299.9716825,            300.3200846,                      0,            17149.26324,             16997.52037,                       0,      0.8783537735,      0.5359698978,                 0,                 0,                 0,      0.4331268965,      0.3739155927,      0.9586220383,                 0,      0.6101982071
        1179,     0.06168792347,      -5.565409516,      -3.069845632,     -0.1261987474,                        10,        -2.6452584,               6,      -4.457992499,   6.608920821e-08,   2.876229952e-05,      0.2749531089,       2.451509537,       2.281727306,         0.7070975339,         -0.7054284073,                     0,      0.4363725206,      0.6895917354,                 0,       288.9632061,       274.2377118,                 0,       15046.04268,        12366.22996,                  0,        0.1813886374,         0.1570911423,                    0,           301378.903,           301737.0427,                     0,           118.3080636,           -136.3407556,                      0,        118.3080092,         136.3083966,                   0,                90.09199406,                 183.8445149,                           0,            -9.192041791e-07,             -0.0004746212086,                          nan,                      0.7615037615,                        1.348739472,                                nan,           299.9681528,            300.3246161,                      0,            17148.90454,              16998.4041,                       0,      0.8803634435,      0.5357767799,                 0,                 0,                 0,      0.4340079328,      0.3756312591,      0.9596862548,                 0,      0.6085859015
        1180,     0.06165574682,      -5.570057667,       -3.06036555,     -0.1299627975,                         4,      -4.520186668,               2,      -4.343207312,   6.610006651e-09,   2.875658941e-06,      0.3299437306,       2.941811445,       2.738072767,         0.7073113031,         -0.7054774836,                     0,      0.4364969397,      0.6896106737,                 0,       288.9661354,       274.2364708,                 0,       15046.64014,           12366.02,                  0,        0.1813940021,         0.1570891867,                    0,          301388.2636,           301737.1307,                     0,           118.3403224,           -136.3521227,                      0,        118.3402697,         136.3196562,                   0,                90.12086395,                 183.8431341,                           0,            -8.902178329e-07,             -0.0004761592239,                          nan,                      0.7615401263,                        1.348617941,                                nan,           299.9774696,            300.3247036,                      0,            17150.84144,             16998.40494,                       0,        0.88049742,      0.5357837332,                 0,                 0,                 0,      0.4340654418,      0.3757336202,      0.9597729742,                 0,       0.608501196
        1181,     0.06162588299,      -5.587956445,      -3.066939347,     -0.1563492163,                         4,       -4.10792037,               2,      -4.087895864,   7.932134407e-09,     3.4506718e-06,      0.3959324768,       3.530173734,        3.28568732,          0.707504573,         -0.7055412274,                     0,      0.4366283939,      0.6896313483,                 0,       288.9660031,       274.2356126,                 0,        15046.5784,        12365.88593,                  0,        0.1813933414,         0.1570879753,                    0,          301394.7891,           301737.7757,                     0,           118.3730775,           -136.3657208,                      0,         118.373029,         136.3331228,                   0,                90.15174034,                 183.8409869,                           0,            -8.192649921e-07,             -0.0004780399384,                          nan,                      0.7615902127,                        1.348468979,                                nan,           299.9839645,            300.3253456,                      0,            17152.09835,             16998.53744,                       0,      0.8806686139,      0.5357865628,                 0,                 0,                 0,      0.4341387552,      0.3758680857,      0.9598789666,                 0,      0.6083861221
        1182,     0.06159720051,      -5.603537824,      -3.072892908,     -0.1795129839,                         5,      -4.602233969,               3,      -5.536939981,   9.518742455e-09,   4.140635202e-06,      0.4751189721,        4.23620848,       3.942824784,            0.7076851,         -0.7056215381,                     0,      0.4367710826,      0.6896540476,                 0,       288.9625749,       274.2350928,                 0,       15045.82007,        12365.81802,                  0,        0.1813863517,         0.1570874101,                    0,          301398.4484,           301738.9515,                     0,           118.4078302,           -136.3820061,                      0,        118.4077874,         136.3492501,                   0,                90.18491221,                 183.8378257,                           0,            -7.226337332e-07,             -0.0004802991391,                          nan,                      0.7616467988,                        1.348286298,                                nan,           299.9876067,            300.3265159,                      0,              17152.675,             16998.79286,                       0,      0.8808897646,       0.535782505,                 0,                 0,                 0,      0.4342332779,      0.3760464642,      0.9600097535,                 0,       0.608228778
        1183,     0.06156736579,       -5.61537866,      -3.079824211,     -0.1975129439,                         5,      -4.155695415,               3,       -5.18065951,   1.142275038e-08,   4.968515478e-06,      0.5701427666,       5.083450176,       4.731389741,         0.7078682952,         -0.7057200769,                     0,      0.4369313794,      0.6896790338,                 0,       288.9558917,       274.2348604,                 0,        15044.4028,         12365.7996,                  0,        0.1813734607,         0.1570873079,                    0,          301399.6081,           301740.6229,                     0,           118.4468861,           -136.4014553,                      0,        118.4468492,         136.3685168,                   0,                90.22095146,                 183.8333769,                           0,            -6.231300761e-07,             -0.0004829061774,                          nan,                      0.7616998853,                        1.348063184,                                nan,            299.988761,            300.3281795,                      0,            17152.67869,             16999.15246,                       0,      0.8811763579,      0.5357700975,                 0,                 0,                 0,      0.4343556458,      0.3762819603,      0.9601735559,                 0,      0.6080168774
        1184,     0.06153974363,      -5.622900217,      -3.087648151,     -0.2092459642,                         6,      -4.431680889,               3,      -4.838183304,   1.370767188e-08,   5.961860814e-06,      0.6841713199,       6.100140212,        5.67766769,          0.708074526,         -0.7058385672,                     0,      0.4371170142,      0.6897065847,                 0,       288.9462927,       274.2348875,                 0,       15042.43261,        12365.81255,                  0,         0.181355733,         0.1570874545,                    0,          301399.0151,           301742.7808,                     0,           118.4929655,           -136.4245708,                      0,        118.4929333,         136.3914347,                   0,                90.26077541,                 183.8273717,                           0,            -5.426034785e-07,             -0.0004857206015,                          nan,                      0.7617397332,                        1.347792639,                                nan,           299.9881707,            300.3303273,                      0,            17152.30848,             16999.59565,                       0,      0.8815458171,      0.5357503237,                 0,                 0,                 0,      0.4345133085,      0.3765878381,      0.9603817143,                 0,      0.6077396243
        1185,     0.06151402656,      -5.627447787,      -3.095104281,     -0.2161053588,                         7,      -4.596502044,               3,      -4.510727021,    1.64497382e-08,   7.153713844e-06,      0.8210055838,       7.320168254,       6.813201228,          0.708323652,         -0.7059788128,                     0,      0.4373355119,      0.6897370498,                 0,        288.934311,        274.235163,                 0,       15040.04683,         12365.8402,                  0,        0.1813344889,         0.1570876438,                    0,          301397.6091,           301745.4401,                     0,            118.548536,           -136.4518504,                      0,        118.5485067,         136.4185185,                   0,                90.30559995,                 183.8195901,                           0,            -4.944730468e-07,              -0.000488492001,                          nan,                      0.7617607547,                        1.347468013,                                nan,           299.9867713,            300.3329741,                      0,            17151.79725,             17000.10479,                       0,      0.8820163614,      0.5357272977,                 0,                 0,                 0,      0.4347138432,      0.3769760971,      0.9606485421,                 0,       0.607389297
        1186,     0.06148813185,      -5.631677546,      -3.101239435,     -0.2214766315,                         7,      -4.112549304,               3,      -4.199499869,   1.974044801e-08,   8.583708748e-06,      0.9852067006,       8.784201905,       8.175841473,         0.7086290204,         -0.7061418744,                     0,      0.4375924429,      0.6897707883,                 0,       288.9204721,       274.2356456,                 0,        15037.3603,        12365.86411,                  0,         0.181310782,         0.1570876656,                    0,          301396.2234,           301748.5828,                     0,            118.615149,           -136.4836495,                      0,        118.6151206,         136.4501417,                   0,                90.35674255,                 183.8099083,                           0,              -4.7951772e-07,             -0.0004909555357,                          nan,                      0.7617641165,                        1.347084774,                                nan,           299.9853921,            300.3361021,                      0,             17151.3326,             17000.66008,                       0,      0.8826059764,      0.5357081252,                 0,                 0,                 0,      0.4349642048,      0.3774567384,      0.9609905908,                 0,      0.6069618149
        1187,     0.06146385926,      -5.637402072,      -3.106203967,     -0.2279088168,                         8,      -4.167171551,               4,      -4.932230207,   2.368962985e-08,   1.029939088e-05,       1.182248041,       10.54104229,       9.811009768,         0.7089944402,         -0.7063264529,                     0,      0.4378903994,      0.6898078406,                 0,       288.9050801,       274.2362328,                 0,       15034.42369,        12365.86017,                  0,        0.1812850321,         0.1570872736,                    0,          301395.3101,           301752.0996,                     0,           118.6931731,           -136.5199206,                      0,        118.6931442,         136.4862621,                   0,                 90.4153047,                 183.7983286,                           0,             -4.86616915e-07,             -0.0004930316416,                          nan,                       0.761756758,                        1.346643434,                                nan,            299.984483,            300.3396024,                      0,            17150.99904,             17001.22945,                       0,      0.8833323901,      0.5357024324,                 0,                 0,                 0,      0.4352703863,      0.3780380311,      0.9614262606,                 0,      0.6064562314
        1188,      0.0614443704,      -5.643757431,      -3.110332606,     -0.2344756788,                         9,      -4.140642323,               4,       -4.56700413,    2.84291202e-08,   1.235780147e-05,       1.418697649,       12.64925074,       11.77321172,          0.709416304,         -0.7065278573,                     0,      0.4382293157,      0.6898474071,                 0,        288.888107,       274.2368591,                 0,        15031.2201,         12365.8076,                  0,         0.181257052,         0.1570862439,                    0,          301394.8399,           301755.8588,                     0,            118.782132,           -136.5599866,                      0,        118.7821023,         136.5261822,                   0,                90.48186032,                 183.7849699,                           0,             -4.99520477e-07,             -0.0004950243979,                          nan,                      0.7617465812,                        1.346151829,                                nan,           299.9840151,             300.343344,                      0,             17150.7772,              17001.7733,                       0,      0.8842145291,      0.5357226618,                 0,                 0,                 0,      0.4356377757,      0.3787274905,      0.9619769185,                 0,      0.6058740771
        1189,     0.06142649874,      -5.646824187,      -3.113012942,     -0.2360401844,                        10,      -4.054578012,               4,      -4.225496919,   3.411718098e-08,   1.482737643e-05,       1.702437179,       15.17910089,       14.12785407,         0.7098894733,         -0.7067395793,                     0,      0.4386080107,      0.6898875489,                 0,       288.8692445,       274.2377426,                 0,       15027.69675,        12365.71633,                  0,        0.1812263978,         0.1570845803,                    0,          301394.4354,            301759.955,                     0,           118.8814638,           -136.6026707,                      0,        118.8814336,          136.568677,                   0,                90.55634814,                 183.7699701,                           0,            -5.083848688e-07,             -0.0004976395145,                          nan,                      0.7617366764,                        1.345623126,                                nan,           299.9836124,            300.3474211,                      0,            17150.59551,             17002.27763,                       0,      0.8852753811,      0.5357854214,                 0,                 0,                 0,      0.4360720313,      0.3795333385,      0.9626697061,                 0,      0.6052189328
        1190,     0.06140841276,      -5.642175061,      -3.113002809,     -0.2268734392,                        10,      -3.592471905,               5,      -4.668203649,    4.09438054e-08,   1.779021984e-05,       2.042924614,       18.21492107,       16.95342488,         0.7104127559,         -0.7069577141,                     0,      0.4390261898,      0.6899255386,                 0,        288.848049,        274.239579,                 0,       15023.80054,        12365.64858,                  0,        0.1811927063,         0.1570826764,                    0,          301393.6227,           301764.9503,                     0,           118.9912182,           -136.6469796,                      0,        118.9911874,         136.6126952,                   0,                90.63834275,                 183.7532336,                           0,            -5.178703967e-07,             -0.0005017308572,                          nan,                      0.7617231557,                         1.34506704,                                nan,           299.9828036,             300.352393,                      0,            17150.39108,             17002.78887,                       0,      0.8865441591,      0.5359134968,                 0,                 0,                 0,       0.436579482,      0.3804650056,      0.9635404515,                 0,      0.6044972394
        1191,     0.06138986334,       -5.63077636,      -3.109543318,     -0.2089303179,                        10,      -3.183652025,               5,      -4.310352193,   4.913709172e-08,   2.134482294e-05,       2.451509537,       21.85790528,       20.34410985,         0.7109901384,         -0.7071853417,                     0,      0.4394858428,      0.6899587457,                 0,       288.8241324,       274.2434117,                 0,       15019.49705,        12365.69674,                  0,         0.181155804,         0.1570811079,                    0,          301392.1036,           301771.7983,                     0,           119.1121907,           -136.6930847,                      0,        119.1121583,         136.6583662,                   0,                90.72774553,                 183.7340224,                           0,            -5.435878851e-07,             -0.0005079135135,                          nan,                      0.7617001219,                        1.344476943,                                nan,           299.9812916,             300.359209,                      0,            17150.14554,             17003.39651,                       0,      0.8880522122,      0.5361370006,                 0,                 0,                 0,      0.4371649229,      0.3815291811,      0.9646321055,                 0,      0.6037223862
        1192,     0.06137326136,      -5.618951408,       -3.10325779,     -0.1909517008,                        10,      -2.820278847,               6,      -4.722388235,    5.89709039e-08,   2.560931171e-05,      0.2451509537,       2.185790528,       2.034410985,         0.7116267269,         -0.7074329126,                     0,      0.4399906735,      0.6899853702,                 0,       288.7974116,       274.2501829,                 0,       15014.78476,        12365.91453,                  0,        0.1811157231,         0.1570800165,                    0,          301389.9861,           301781.4042,                     0,           119.2452314,           -136.7429027,                      0,        119.2451955,         136.7075963,                   0,                90.82547985,                 183.7106146,                           0,            -6.019214496e-07,             -0.0005163242369,                          nan,                      0.7616699309,                        1.343821554,                                nan,            299.979184,            300.3687698,                      0,            17149.89572,             17004.14906,                       0,      0.8898192107,      0.5364963709,                 0,                 0,                 0,      0.4378260077,      0.3827170073,      0.9659887557,                 0,      0.6029273862
        1193,     0.06134215017,      -5.609213835,      -3.096459734,      -0.176041677,                         4,      -4.741212975,               2,      -4.563363065,   5.897840903e-09,   2.560444838e-06,      0.2941811445,       2.622948634,       2.441293182,         0.7117807183,         -0.7074787846,                     0,      0.4400782721,      0.6900019189,                 0,       288.7988905,       274.2500313,                 0,       15015.12982,        12365.81612,                  0,        0.1811189582,         0.1570788535,                    0,          301396.0028,           301782.5239,                     0,            119.268899,           -136.7531167,                      0,        119.2688647,         136.7176206,                   0,                 90.8442944,                 183.7095312,                           0,            -5.758616148e-07,              -0.000519059721,                          nan,                       0.761676525,                          1.3437151,                                nan,           299.9851725,            300.3698843,                      0,            17151.18083,              17004.2725,                       0,      0.8899428655,      0.5365383046,                 0,                 0,                 0,      0.4378725622,      0.3827899601,      0.9660970461,                 0,      0.6028907308
        1194,     0.06131070151,      -5.618513752,      -3.102950606,     -0.1901067408,                         4,      -4.325974632,               2,      -4.299467607,    7.07749763e-09,   3.072425244e-06,      0.3530173734,       3.147538361,       2.929551819,         0.7119240699,         -0.7075373842,                     0,      0.4401718146,      0.6900203175,                 0,       288.7984624,       274.2503164,                 0,       15015.07039,        12365.77187,                  0,        0.1811185103,         0.1570781291,                    0,          301400.3336,           301784.2713,                     0,           119.2932069,           -136.7654829,                      0,        119.2931753,         136.7297549,                   0,                90.86479417,                 183.7077849,                           0,            -5.298145059e-07,             -0.0005224030526,                          nan,                      0.7616931477,                        1.343583077,                                nan,           299.9894831,            300.3716236,                      0,            17152.06457,             17004.50072,                       0,      0.8900970193,      0.5365865995,                 0,                 0,                 0,      0.4379298709,      0.3828833192,      0.9662288789,                 0,      0.6028405757
        1195,     0.06128039482,      -5.626991919,      -3.109558555,     -0.2025833857,                         5,      -4.863496668,               2,      -4.042222211,   8.493123469e-09,   3.686758108e-06,       0.423620848,       3.777046033,       3.515462183,         0.7120597606,         -0.7076104046,                     0,      0.4402735438,      0.6900407828,                 0,       288.7959158,       274.2510367,                 0,       15014.56558,        12365.77452,                  0,        0.1811140183,         0.1570777522,                    0,          301402.8726,           301786.6623,                     0,           119.3188942,           -136.7804192,                      0,        119.3188661,         136.7444107,                   0,                90.88717815,                 183.7051433,                           0,             -4.70715547e-07,             -0.0005264457429,                          nan,                      0.7617167437,                        1.343419759,                                nan,           299.9920102,            300.3740033,                      0,            17152.52301,             17004.82753,                       0,      0.8902911281,       0.536641687,                 0,                 0,                 0,      0.4380011191,      0.3830043452,      0.9663903272,                 0,      0.6027710151
        1196,     0.06125065221,      -5.634195923,      -3.117052569,     -0.2129541136,                         5,      -4.407671852,               3,      -5.461840174,   1.019192835e-08,   4.423896528e-06,      0.5083450176,        4.53245524,       4.218554619,         0.7121956392,         -0.7076992991,                     0,      0.4403870774,       0.690063465,                 0,       288.7911948,       274.2521764,                 0,       15013.61841,        12365.81026,                  0,        0.1811055537,         0.1570775562,                    0,          301403.7468,           301789.6925,                     0,           119.3472322,           -136.7983555,                      0,        119.3472079,         136.7620156,                   0,                90.91178614,                 183.7013324,                           0,            -4.086840064e-07,             -0.0005312205218,                          nan,                      0.7617420446,                         1.34321896,                                nan,           299.9928803,            300.3770194,                      0,            17152.59644,             17005.23668,                       0,      0.8905365943,       0.536705238,                 0,                 0,                 0,      0.4380902498,      0.3831610959,        0.96658963,                 0,      0.6026762307
        1197,     0.06122288765,      -5.639645783,      -3.125366288,      -0.220606537,                         6,       -4.72060412,               3,      -5.106902011,   1.223057126e-08,   5.308376748e-06,      0.6100140212,       5.438946288,       5.062265543,         0.7123435869,         -0.7078054209,                     0,      0.4405171077,      0.6900884366,                 0,       288.7844382,       274.2537244,                 0,       15012.27917,        12365.86221,                  0,        0.1810936358,         0.1570773331,                    0,           301403.341,           301793.3562,                     0,           119.3798732,           -136.8197264,                      0,         119.379852,         136.7830092,                   0,                90.93914524,                 183.6960505,                           0,            -3.542426869e-07,             -0.0005366518858,                          nan,                      0.7617629247,                        1.342974187,                                nan,           299.9924764,            300.3806659,                      0,             17152.3901,             17005.70643,                       0,      0.8908461446,      0.5367810195,                 0,                 0,                 0,      0.4382017208,      0.3833614122,      0.9668374961,                 0,      0.6025518803
        1198,     0.06119567506,      -5.643335043,      -3.133789411,     -0.2254971146,                         6,      -4.251667395,               3,      -4.766117096,   1.467705334e-08,   6.369631539e-06,      0.7320168254,       6.526735545,       6.074718652,         0.7125167092,         -0.7079299927,                     0,      0.4406685626,      0.6901156817,                 0,        288.775952,       274.2556743,                 0,       15010.63078,        12365.91294,                  0,        0.1810790724,         0.1570768646,                    0,          301402.2275,           301797.6463,                     0,           119.4184844,           -136.8449337,                      0,        119.4184655,         136.8078074,                   0,                90.96996673,                 183.6889941,                           0,            -3.151796524e-07,             -0.0005425307284,                          nan,                      0.7617747081,                        1.342679176,                                nan,           299.9913681,            300.3849359,                      0,              17152.049,             17006.21277,                       0,      0.8912327778,       0.536875399,                 0,                 0,                 0,      0.4383399734,      0.3836117759,      0.9671468677,                 0,      0.6023963799
        1199,     0.06116958392,      -5.645985007,      -3.141775003,     -0.2285840016,                         7,      -4.405653666,               3,      -4.440594599,   1.761299111e-08,   7.642966294e-06,      0.8784201905,       7.832082654,       7.289662382,         0.7127253246,         -0.7080734866,                     0,      0.4408454194,      0.6901449963,                 0,       288.7661157,       274.2579997,                 0,       15008.75866,        12365.94348,                  0,        0.1810626556,         0.1570759249,                    0,          301401.0068,           301802.5186,                     0,           119.4642762,           -136.8742303,                      0,        119.4642587,         136.8366831,                   0,                91.00505917,                 183.6798885,                           0,            -2.943183472e-07,             -0.0005485621605,                          nan,                      0.7617764526,                        1.342329296,                                nan,           299.9901531,            300.3897855,                      0,            17151.71138,             17006.72679,                       0,      0.8917086021,      0.5369972315,                 0,                 0,                 0,      0.4385087201,      0.3839164524,      0.9675321263,                 0,      0.6022115636
        1200,     0.06114567569,      -5.648638212,      -3.149479662,     -0.2313726312,                         8,      -4.470435959,               3,      -4.131396774,   2.113634642e-08,   9.170731733e-06,       1.054104229,       9.398499185,       8.747594859,         0.7129737592,         -0.7082342908,                     0,      0.4410496786,      0.6901756914,                 0,       288.7552431,       274.2606359,                 0,       15006.71929,        12365.93095,                  0,        0.1810448698,         0.1570742614,                    0,          301400.1101,             301807.85,                     0,           119.5176571,           -136.9074963,                      0,        119.5176399,         136.8695324,                   0,                91.04514467,                 183.6685139,                           0,            -2.887866655e-07,             -0.0005545165476,                          nan,                      0.7617716078,                        1.341924026,                                nan,           299.9892606,            300.3950919,                      0,            17151.46241,             17007.20702,                       0,      0.8922839713,      0.5371574964,                 0,                 0,                 0,      0.4387103318,      0.3842770247,      0.9680082798,                 0,      0.6020028529
        1201,     0.06222657679,      -5.651774328,      -3.157161234,     -0.2347035948,                         9,       -4.45455746,               4,      -4.833142227,   2.536470499e-08,    1.10037334e-05,       1.264925074,       11.27819902,       10.49711383,         0.7132599481,         -0.7084075379,                     0,      0.4412810122,      0.6902061321,                 0,       288.7434865,       274.2635454,                 0,       15004.52799,        12365.85392,                  0,        0.1810258038,         0.1570716251,                    0,          301399.6813,           301813.4753,                     0,           119.5782246,           -136.9440114,                      0,        119.5782072,         136.9056321,                   0,                91.09063164,                 183.6547076,                           0,             -2.91193909e-07,             -0.0005604317968,                          nan,                      0.7617661596,                        1.341469337,                                nan,           299.9888338,            300.4006909,                      0,             17151.3165,             17007.60006,                       0,      0.8929673723,      0.5373694968,                 0,                 0,                 0,      0.4389456376,      0.3846921822,      0.9685910535,                 0,      0.6017795425
        1202,     0.06220777839,      -5.654466536,      -3.164197346,      -0.237471014,                        10,      -4.373744718,               4,      -4.469049874,   3.043921429e-08,   1.320292471e-05,       1.517910089,       13.53383883,        12.5965366,         0.7135781234,         -0.7085856883,                     0,        0.44153723,       0.690233403,                 0,       288.7308359,       274.2669033,                 0,       15002.17317,        12365.71193,                  0,        0.1810053239,         0.1570679129,                    0,          301399.5994,           301819.3657,                     0,           119.6451024,           -136.9824561,                      0,        119.6450849,         136.9436352,                   0,                91.14143352,                 183.6383117,                           0,             -2.93467505e-07,             -0.0005667208213,                          nan,                      0.7617649619,                         1.34097734,                                nan,           299.9887523,            300.4065537,                      0,            17151.23838,             17007.86241,                       0,      0.8937663121,      0.5376504239,                 0,                 0,                 0,      0.4392142144,      0.3851574791,      0.9692986719,                 0,      0.6015559287
        1203,     0.06218691229,      -5.654323627,      -3.169301646,     -0.2363982641,                        10,      -3.876831921,               4,      -4.127831343,   3.652931446e-08,   1.584143995e-05,       1.821492107,       16.24060659,       15.11584392,         0.7139226504,         -0.7087614489,                     0,       0.441815264,      0.6902534396,                 0,       288.7171945,       274.2712732,                 0,       14999.64274,        12365.54589,                  0,        0.1809833443,         0.1570633239,                    0,          301399.6081,           301825.8338,                     0,            119.717406,            -137.021328,                      0,        119.7173885,         136.9819931,                   0,                91.19694403,                 183.6190108,                           0,            -2.922173414e-07,             -0.0005740603321,                          nan,                      0.7617685714,                        1.340460937,                                nan,           299.9887609,            300.4129915,                      0,            17151.18317,             17007.99042,                       0,      0.8946895695,      0.5380244018,                 0,                 0,                 0,      0.4395150338,      0.3856652796,      0.9701556446,                 0,      0.6013531622
        1204,     0.06216749461,      -5.649310394,      -3.171808146,     -0.2285663153,                        10,       -3.43257422,               5,      -4.541389189,   4.383842473e-08,   1.900703361e-05,       2.185790528,       19.48872791,        18.1390127,         0.7142903133,         -0.7089309999,                     0,      0.4421121724,      0.6902615272,                 0,        288.702477,       274.2775468,                 0,       14996.94099,         12365.4286,                  0,        0.1809599699,          0.157058274,                    0,          301399.4691,           301833.5056,                     0,           119.7945309,           -137.0596078,                      0,        119.7945135,         137.0196411,                   0,                 91.2562641,                 183.5960212,                           0,            -2.910695795e-07,             -0.0005831168156,                          nan,                      0.7617733188,                        1.339924844,                                nan,           299.9886226,            300.4206274,                      0,            17151.12602,             17008.01512,                       0,      0.8957500366,      0.5385256574,                 0,                 0,                 0,      0.4398468288,       0.386205098,      0.9711970109,                 0,       0.601200821
        1205,     0.06214759046,       -5.63993702,      -3.172525083,     -0.2145919201,                        10,      -3.040069135,               5,      -4.191751295,   5.261078614e-08,   2.280500077e-05,       2.622948634,       23.38647349,       21.76681524,         0.7146794332,         -0.7090943324,                     0,      0.4424254869,      0.6902526084,                 0,       288.6867376,       274.2866145,                 0,       14994.09541,        12365.41687,                  0,         0.180935498,         0.1570529749,                    0,          301399.1142,           301842.9821,                     0,           119.8760032,           -137.0971655,                      0,        119.8759854,         137.0564189,                   0,                91.31864937,                 183.5677543,                           0,             -2.97205008e-07,             -0.0005943312558,                          nan,                      0.7617760057,                        1.339359045,                                nan,           299.9882693,            300.4300596,                      0,            17151.07341,             17007.94084,                       0,       0.896963205,      0.5391994398,                 0,                 0,                 0,      0.4402064125,      0.3867618369,      0.9724681529,                 0,      0.6011388614
        1206,       0.062128558,      -5.627644704,      -3.173531837,     -0.1965087506,                        10,      -2.695818172,               6,      -4.594451267,   6.313971041e-08,   2.736166964e-05,      0.2622948634,       2.338647349,       2.176681524,         0.7150860364,         -0.7092519037,                     0,      0.4427520039,      0.6902211699,                 0,       288.6703456,       274.2990557,                 0,       14991.16872,        12365.50311,                  0,        0.1809104534,         0.1570469989,                    0,          301398.7657,           301854.4877,                     0,           119.9608122,           -137.1344939,                      0,        119.9607933,         137.0928037,                   0,                 91.3837835,                 183.5318122,                           0,            -3.155095337e-07,             -0.0006079275874,                          nan,                      0.7617804201,                        1.338741402,                                nan,           299.9879225,            300.4415113,                      0,            17151.06456,              17007.6767,                       0,      0.8983316849,       0.540097547,                 0,                 0,                 0,      0.4405818513,      0.3873061839,      0.9740118563,                 0,      0.6012228624
        1207,     0.06209612864,      -5.611577938,      -3.176740646,     -0.1735224514,                         4,      -4.579454542,               2,      -4.492278393,   6.314795275e-09,   2.735716315e-06,      0.3147538361,       2.806376819,       2.612017829,         0.7151849361,         -0.7092857596,                     0,      0.4428082522,      0.6902322011,                 0,       288.6711527,       274.2997243,                 0,        14991.3687,        12365.47531,                  0,        0.1809123611,          0.157046265,                    0,          301402.4974,           301856.1039,                     0,            119.976135,           -137.1421433,                      0,         119.976117,         137.1001947,                   0,                91.39563378,                 183.5306578,                           0,            -3.006871925e-07,             -0.0006116598129,                          nan,                      0.7617818954,                        1.338660811,                                nan,           299.9916368,            300.4431199,                      0,             17151.8688,             17007.81944,                       0,       0.898426002,      0.5401747294,                 0,                 0,                 0,      0.4406091472,       0.387334439,       0.974130408,                 0,      0.6012456543
        1208,     0.06206400529,      -5.615338729,      -3.185928384,     -0.1799085535,                         4,      -4.178847018,               2,      -4.227814926,   7.577844991e-09,    3.28273877e-06,      0.3777046033,       3.367652183,       3.134421394,          0.715275521,         -0.7093277361,                     0,      0.4428676899,      0.6902431822,                 0,        288.670743,       274.3008984,                 0,       14991.30469,        12365.48165,                  0,        0.1809118455,         0.1570456773,                    0,          301405.1229,           301858.2815,                     0,           119.9916691,           -137.1513237,                      0,        119.9916525,         137.1090663,                   0,                 91.4084752,                 183.5285303,                           0,            -2.768454402e-07,             -0.0006161207525,                          nan,                      0.7617902857,                        1.338558677,                                nan,           299.9942499,            300.4452873,                      0,             17152.4037,             17008.01216,                       0,      0.8985435741,      0.5402676521,                 0,                 0,                 0,      0.4406419931,      0.3873716544,      0.9742755728,                 0,      0.6012703976
        1209,     0.06203393496,      -5.619837192,        -3.1953222,     -0.1866240985,                         5,      -4.709073365,               3,       -5.71269472,   9.093544536e-09,   3.939120471e-06,       0.453245524,       4.041182619,       3.761305673,         0.7153597956,          -0.709378126,                     0,      0.4429315368,      0.6902536466,                 0,       288.6690359,       274.3026001,                 0,       14990.96127,        12365.51105,                  0,        0.1809087712,          0.157045083,                    0,          301406.6205,           301861.0108,                     0,           120.0078414,            -137.162234,                      0,        120.0078266,         137.1196123,                   0,                91.42239768,                 183.5250882,                           0,            -2.471505339e-07,             -0.0006213833527,                          nan,                      0.7618036281,                        1.338430624,                                nan,           299.9957406,            300.4480038,                      0,            17152.66411,             17008.23336,                       0,      0.8986914029,      0.5403800582,                 0,                 0,                 0,      0.4406817369,      0.3874211315,      0.9744545715,                 0,      0.6012965702
        1210,     0.06200411817,      -5.626025713,      -3.204641951,     -0.1949144803,                         5,      -4.264440551,               3,      -5.346932133,   1.091244195e-08,   4.726718589e-06,      0.5438946288,       4.849419143,       4.513566808,         0.7154427088,         -0.7094367343,                     0,       0.443001704,       0.690262886,                 0,       288.6660705,       274.3048448,                 0,       14990.35515,        12365.54808,                  0,        0.1809033151,         0.1570442776,                    0,          301407.1296,           301864.2567,                     0,           120.0253662,           -137.1750178,                      0,        120.0253533,         137.1319747,                   0,                91.43755427,                   183.51993,                           0,            -2.160198056e-07,             -0.0006274650421,                          nan,                      0.7618186639,                        1.338272349,                                nan,           299.9962472,            300.4512346,                      0,            17152.68868,             17008.45187,                       0,      0.8988774297,      0.5405175591,                 0,                 0,                 0,      0.4407299492,      0.3874857869,      0.9746766799,                 0,      0.6013250987
        1211,     0.06197602145,       -5.63390778,      -3.213273138,     -0.2048483066,                         6,      -4.550718771,               3,      -4.995043935,    1.30952035e-08,   5.671757512e-06,      0.6526735545,       5.819302972,       5.416280169,         0.7155312286,         -0.7095029378,                     0,      0.4430804489,      0.6902699233,                 0,       288.6620262,        274.307655,                 0,       14989.53515,        12365.57666,                  0,        0.1808959538,         0.1570430444,                    0,          301406.9535,           301867.9712,                     0,           120.0450974,            -137.189737,                      0,        120.0450861,         137.1462198,                   0,                91.45416966,                 183.5126112,                           0,            -1.877841515e-07,             -0.0006343085434,                          nan,                      0.7618318467,                        1.338079981,                                nan,           299.9960719,            300.4549316,                      0,            17152.55641,             17008.63157,                       0,      0.8991098172,      0.5406881258,                 0,                 0,                 0,      0.4407881907,      0.3875672836,      0.9749531852,                 0,      0.6013593839
        1212,     0.06194787914,      -5.642304501,      -3.220965338,     -0.2150171024,                         6,      -4.093438529,               3,      -4.658252974,   1.571464163e-08,   6.805700905e-06,      0.7832082654,       6.983163566,       6.499536203,         0.7156321709,         -0.7095755583,                     0,      0.4431696856,      0.6902734876,                 0,       288.6571938,       274.3110611,                 0,       14988.57005,         12365.5829,                  0,        0.1808873351,         0.1570411898,                    0,          301406.4945,           301872.0926,                     0,           120.0677498,           -137.2063199,                      0,        120.0677399,         137.1622831,                   0,                91.47250622,                 183.5026728,                           0,            -1.652567586e-07,             -0.0006418024973,                          nan,                      0.7618408265,                        1.337850819,                                nan,           299.9956151,            300.4590338,                      0,            17152.36562,             17008.73489,                       0,      0.8993960776,      0.5409021194,                 0,                 0,                 0,      0.4408575949,      0.3876653185,       0.975296882,                 0,      0.6014059132
        1213,     0.06192234951,      -5.649695173,      -3.228309766,     -0.2236061568,                         7,      -4.227438218,               3,      -4.337814483,    1.88581508e-08,   8.166298017e-06,      0.9398499185,        8.37979628,       7.799443444,         0.7157495335,         -0.7096523095,                     0,      0.4432701468,      0.6902719387,                 0,        288.651905,       274.3150903,                 0,       14987.52776,        12365.55525,                  0,        0.1808780706,         0.1570385522,                    0,           301406.137,           301876.5276,                     0,           120.0935891,           -137.2244554,                      0,        120.0935801,         137.1798593,                   0,                91.49277012,                 183.4896786,                           0,            -1.488959491e-07,              -0.000649867383,                          nan,                      0.7618456375,                        1.337584682,                                nan,           299.9952593,             300.463448,                      0,            17152.20157,             17008.72205,                       0,       0.899742254,      0.5411717584,                 0,                 0,                 0,      0.4409383292,      0.3877772945,      0.9757211515,                 0,      0.6014742066
        1214,     0.06189960016,      -5.655480536,      -3.236104055,      -0.229987545,                         8,      -4.286517212,               3,      -4.034833595,   2.263063377e-08,   9.798839231e-06,       1.127819902,       10.05575554,       9.359332133,         0.7158828105,         -0.7097289401,                     0,      0.4433808015,      0.6902631039,                 0,       288.6464369,       274.3197728,                 0,       14986.45631,         12365.4843,                  0,        0.1808685659,         0.1570349965,                    0,          301406.1176,           301881.1454,                     0,           120.1222613,           -137.2434499,                      0,        120.1222531,         137.1982487,                   0,                91.51496564,                 183.4732505,                           0,             -1.36984241e-07,             -0.0006585925987,                          nan,                       0.761848561,                         1.33728566,                                nan,             299.99524,            300.4680442,                      0,            17152.10871,             17008.54844,                       0,        0.90015228,      0.5415105537,                 0,                 0,                 0,      0.4410291268,      0.3878981533,      0.9762391252,                 0,      0.6015766062
        1215,     0.06187836916,      -5.659651028,      -3.244107829,     -0.2342018331,                         9,       -4.27386639,               4,      -4.695244939,   2.715801796e-08,   1.175766282e-05,       1.353383883,       12.06690664,       11.23119856,         0.7160274228,         -0.7097989357,                     0,      0.4434988592,      0.6902440956,                 0,        288.640956,        274.325215,                 0,       14985.37909,        12365.36823,                  0,        0.1808589995,         0.1570304401,                    0,           301406.467,            301885.845,                     0,             120.15288,           -137.2621577,                      0,        120.1528724,         137.2162816,                   0,                91.53876004,                 183.4530768,                           0,            -1.268375118e-07,               -0.00066833355,                          nan,                      0.7618524487,                        1.336962893,                                nan,           299.9955877,            300.4727218,                      0,            17152.08529,             17008.16918,                       0,      0.9006270787,      0.5419331357,                 0,                 0,                 0,      0.4411268584,      0.3880197633,      0.9768630006,                 0,      0.6017286717
        1216,     0.06185967436,       -5.66107227,      -3.250817416,      -0.234673807,                        10,       -4.20015993,               4,      -4.343118169,   3.259148159e-08,   1.410796409e-05,       1.624060659,       14.48028797,       13.47743827,         0.7161769015,         -0.7098547515,                     0,       0.443620326,      0.6902113108,                 0,       288.6355395,       274.3317213,                 0,       14984.30763,          12365.224,                  0,        0.1808494618,         0.1570249264,                    0,          301407.0604,           301890.6882,                     0,           120.1842994,           -137.2791493,                      0,        120.1842924,         137.2324907,                   0,                91.56344582,                 183.4288524,                           0,            -1.165224237e-07,             -0.0006796471888,                          nan,                      0.7618586752,                        1.336628458,                                nan,           299.9961783,            300.4775423,                      0,            17152.10362,             17007.55443,                       0,      0.9011627293,      0.5424558238,                 0,                 0,                 0,      0.4412258698,      0.3881291162,      0.9776033831,                 0,      0.6019510197
        1217,     0.06184025369,      -5.657736994,      -3.254862148,     -0.2286580222,                        10,      -3.726486722,               4,      -4.016397383,   3.911253403e-08,   1.692797096e-05,       1.948872791,       17.37634557,       16.17292593,         0.7163248989,         -0.7098900882,                     0,       0.443740598,      0.6901606575,                 0,       288.6302761,       274.3398254,                 0,       14983.26336,         12365.0893,                  0,        0.1808401559,         0.1570186298,                    0,          301407.7537,           301895.9524,                     0,           120.2153196,           -137.2931185,                      0,        120.2153132,         137.2455344,                   0,                91.58804918,                 183.4000962,                           0,            -1.058785792e-07,             -0.0006930550602,                          nan,                      0.7618667434,                        1.336291902,                                nan,           299.9968684,            300.4827819,                      0,            17152.14104,             17006.69536,                       0,       0.901747912,      0.5430982743,                 0,                 0,                 0,      0.4413170327,       0.388205296,      0.9784690493,                 0,      0.6022728382
        1218,     0.06182058179,      -5.648883803,      -3.256716792,     -0.2152274178,                        10,      -3.303643644,               5,      -4.448950626,   4.693912339e-08,   2.031156239e-05,       2.338647349,       20.85161468,       19.40751111,         0.7164650713,         -0.7099008259,                     0,      0.4438543894,      0.6900876678,                 0,       288.6254062,       274.3501094,                 0,       14982.29665,        12364.99833,                  0,        0.1808315394,          0.157011652,                    0,          301408.5256,           301901.9407,                     0,           120.2445714,           -137.3032127,                      0,        120.2445656,         137.2545426,                   0,                91.61150024,                 183.3658666,                           0,            -9.588113714e-08,             -0.0007088182518,                          nan,                      0.7618764289,                        1.335954812,                                nan,           299.9976368,            300.4887422,                      0,            17152.20104,             17005.57295,                       0,      0.9023615136,      0.5438860698,                 0,                 0,                 0,      0.4413867023,      0.3882160048,      0.9794675552,                 0,      0.6027363331
        1219,     0.06180041746,      -5.635168677,      -3.258622038,     -0.1955399601,                        10,       -2.93188235,               5,      -4.126054428,   5.633297972e-08,    2.43714148e-05,       2.338647349,       20.85161468,       19.40751111,         0.7165887388,         -0.7098828878,                     0,      0.4439546717,      0.6899872297,                 0,       288.6214294,       274.3629437,                 0,       14981.49654,        12364.94625,                  0,        0.1808243737,         0.1570037205,                    0,          301409.5361,           301908.6755,                     0,            120.270091,           -137.3088849,                      0,        120.2700858,         137.2589673,                   0,                91.63264302,                 183.3246261,                           0,            -8.702772392e-08,             -0.0007269527336,                          nan,                      0.7618905602,                        1.335611288,                                nan,           299.9986424,            300.4954454,                      0,            17152.31342,             17004.10533,                       0,       0.902970835,      0.5448529804,                 0,                 0,                 0,      0.4414158267,      0.3881147673,      0.9806059487,                 0,      0.6034004192
        1220,     0.06178101237,      -5.617447252,      -3.262064993,     -0.1710293677,                        10,      -2.958507549,               5,      -4.140657855,   5.634036874e-08,   2.436897823e-05,       2.338647349,       20.85161468,       19.40751111,         0.7166778475,         -0.7098439173,                     0,      0.4440255705,      0.6898778968,                 0,       288.6192703,       274.3762257,                 0,       14981.04061,        12364.95106,                  0,        0.1808202234,         0.1569962552,                    0,          301410.9322,           301915.2312,                     0,            120.287806,           -137.3101814,                      0,        120.2878014,         137.2589653,                   0,                91.64830185,                 183.2831252,                           0,            -7.764733378e-08,             -0.0007458520398,                          nan,                      0.7619085295,                        1.335308953,                                nan,           300.0000321,            300.5019705,                      0,            17152.51862,             17002.58405,                       0,      0.9034454836,      0.5458226289,                 0,                 0,                 0,      0.4413921831,      0.3879047419,      0.9816649098,                 0,      0.6041566855
        1221,     0.06176119967,      -5.604223445,      -3.268436487,     -0.1526872676,                        10,      -2.980837561,               5,      -4.144689196,   5.634780207e-08,   2.436679216e-05,       2.338647349,       20.85161468,       19.40751111,          0.716726182,         -0.7097840155,                     0,      0.4440649503,      0.6897601309,                 0,       288.6188161,        274.389538,                 0,       14980.87987,        12364.93791,                  0,         0.180818568,         0.1569885467,                    0,           301412.486,           301921.1834,                     0,           120.2970181,           -137.3077113,                      0,        120.2970141,         137.2551606,                   0,                91.65814538,                 183.2408951,                           0,            -6.633801886e-08,             -0.0007652976457,                          nan,                      0.7619320072,                        1.335038292,                                nan,           300.0015786,            300.5078947,                      0,            17152.73853,              17000.9136,                       0,      0.9037916291,       0.546790034,                 0,                 0,                 0,      0.4413186498,      0.3875938552,      0.9826442151,                 0,       0.604995683
        1222,     0.06174127146,      -5.599114434,      -3.274043232,     -0.1442381593,                        10,      -2.995146471,               5,      -4.131971932,   5.635525128e-08,   2.436485325e-05,       2.338647349,       20.85161468,       19.40751111,         0.7167323989,         -0.7097007587,                     0,      0.4440715604,      0.6896342495,                 0,       288.6200201,       274.4026193,                 0,       14981.00206,        12364.87494,                  0,        0.1808192885,         0.1569803416,                    0,          301414.0836,           301926.2673,                     0,           120.2975801,           -137.3012172,                      0,        120.2975769,         137.2472999,                   0,                91.66164339,                 183.1981306,                           0,            -5.380975987e-08,             -0.0007852326685,                          nan,                      0.7619575203,                        1.334803167,                                nan,           300.0031687,            300.5129549,                      0,            17152.94621,               16999.055,                       0,      0.9040149923,       0.547748645,                 0,                 0,                 0,      0.4411988766,      0.3871906275,      0.9835421203,                 0,      0.6059065941
        1223,     0.06172152737,      -5.601831325,      -3.276100727,     -0.1449799018,                        10,        -3.0011409,               5,      -4.097059187,   5.636268772e-08,    2.43631535e-05,       2.806376819,       25.02193761,       23.28901333,         0.7166972105,         -0.7095916086,                     0,      0.4440450049,      0.6895005175,                 0,       288.6228405,        274.415405,                 0,        14981.4034,        12364.76892,                  0,        0.1808223657,         0.1569717638,                    0,           301415.661,           301930.4313,                     0,           120.2896251,           -137.2900974,                      0,        120.2896226,          137.234782,                   0,                91.65838094,                  183.155362,                           0,            -4.182826685e-08,             -0.0008056558292,                          nan,                      0.7619807842,                        1.334613276,                                nan,           300.0047387,            300.5170994,                      0,            17153.13325,             16997.02148,                       0,      0.9041212897,      0.5486916672,                 0,                 0,                 0,      0.4410378563,      0.3867037238,      0.9843566845,                 0,       0.606878384
        1224,     0.06170191306,      -5.609225044,      -3.274752358,     -0.1512228337,                        10,      -2.651737944,               6,      -4.391612525,   6.764410016e-08,   2.923402054e-05,      0.2806376819,       2.502193761,       2.328901333,         0.7166086574,         -0.7094286224,                     0,      0.4439753452,      0.6893324856,                 0,       288.6284628,       274.4299073,                 0,       14982.27896,        12364.53904,                  0,         0.180829411,         0.1569606525,                    0,          301417.9446,           301933.9057,                     0,            120.270075,           -137.2710641,                      0,         120.270073,         137.2141861,                   0,                91.64732421,                 183.1048918,                           0,            -3.290343287e-08,             -0.0008285233871,                          nan,                      0.7620127094,                        1.334445781,                                nan,           300.0070117,            300.5205576,                      0,            17153.42109,             16994.31987,                       0,       0.904099343,      0.5498135358,                 0,                 0,                 0,      0.4407949558,      0.3860064264,      0.9852358017,                 0,      0.6081339844
        1225,      0.0616705624,      -5.610533792,      -3.267336686,     -0.1495279577,                         4,      -4.469667729,               2,       -4.41322288,   6.765467544e-09,   2.923250044e-06,      0.3367652183,       3.002632514,         2.7946816,         0.7165832289,         -0.7094126243,                     0,      0.4439584026,      0.6893206959,                 0,       288.6276248,       274.4318544,                 0,       14982.13585,        12364.71557,                  0,        0.1808282088,         0.1569617848,                    0,           301416.197,           301935.2037,                     0,           120.2666065,           -137.2675947,                      0,        120.2666047,         137.2103823,                   0,                91.64199358,                 183.1031092,                           0,            -2.980493219e-08,             -0.0008334152133,                          nan,                      0.7619903616,                        1.334469784,                                nan,           300.0052722,            300.5218495,                      0,            17153.08345,             16994.40536,                       0,      0.9040961848,      0.5498885047,                 0,                 0,                 0,      0.4407812264,      0.3859584839,      0.9852935236,                 0,      0.6082190302
        1226,     0.06163958077,      -5.620863048,      -3.271454569,     -0.1649679052,                         4,      -4.069566043,               2,      -4.145718144,   8.118685595e-09,   3.507825237e-06,      0.4041182619,       3.603159016,        3.35361792,         0.7165605402,         -0.7093907124,                     0,      0.4439401926,      0.6893043773,                 0,       288.6273125,       274.4340763,                 0,       14982.09812,         12364.8552,                  0,        0.1808279491,         0.1569622969,                    0,           301414.933,           301936.4702,                     0,           120.2629708,           -137.2636159,                      0,        120.2629692,         137.2060159,                   0,                 91.6363972,                 183.0998835,                           0,            -2.675871225e-08,             -0.0008390841196,                          nan,                      0.7619668614,                        1.334488741,                                nan,           300.0040141,            300.5231101,                      0,            17152.85347,             16994.37748,                       0,      0.9040909033,      0.5499835541,                 0,                 0,                 0,       0.440761864,      0.3858966838,      0.9853659324,                 0,      0.6083277158
        1227,     0.06161153974,      -5.633716404,      -3.274761258,      -0.183105544,                         5,      -4.567458486,               3,      -5.488462048,    9.74260086e-09,   4.209293253e-06,      0.4849419143,        4.32379082,       4.024341504,         0.7165384244,         -0.7093617693,                     0,      0.4439194172,      0.6892822801,                 0,       288.6276383,       274.4366598,                 0,       14982.18296,        12364.95529,                  0,        0.1808287689,         0.1569621067,                    0,          301414.2035,           301937.7074,                     0,           120.2587133,           -137.2589868,                      0,        120.2587119,         137.2009436,                   0,                91.63045122,                 183.0948367,                           0,            -2.330003357e-08,             -0.0008455682512,                          nan,                      0.7619443927,                        1.334501293,                                nan,            300.003288,            300.5243414,                      0,            17152.73751,             16994.21481,                       0,      0.9040817289,      0.5501050511,                 0,                 0,                 0,      0.4407345869,      0.3858157599,      0.9854570204,                 0,      0.6084682762
        1228,     0.06158248112,      -5.648734278,      -3.277881683,     -0.2036457824,                         5,      -4.125543952,               3,      -5.118959196,   1.169137561e-08,   5.051030486e-06,      0.5819302972,       5.188548984,       4.829209805,         0.7165129737,         -0.7093244904,                     0,      0.4438940339,      0.6892530819,                 0,       288.6286911,       274.4396747,                 0,       14982.39927,        12365.01466,                  0,        0.1808307202,         0.1569611605,                    0,          301413.9958,           301938.8933,                     0,           120.2531436,           -137.2535064,                      0,        120.2531424,         137.1949613,                   0,                91.62395209,                 183.0875961,                           0,            -1.919587078e-08,             -0.0008529124052,                          nan,                      0.7619256366,                        1.334506708,                                nan,           300.0030813,            300.5255218,                      0,            17152.72484,              16993.8969,                       0,      0.9040656921,      0.5502605024,                 0,                 0,                 0,      0.4406965943,      0.3857088014,      0.9855709597,                 0,      0.6086510165
        1229,     0.06155532943,       -5.66435945,      -3.281234152,     -0.2247410701,                         6,      -4.380216097,               3,      -4.761355589,   1.403001428e-08,   6.061091508e-06,      0.6983163566,        6.22625878,       5.795051766,         0.7164788796,         -0.7092768459,                     0,      0.4438612832,      0.6892154061,                 0,       288.6305294,       274.4431384,                 0,       14982.74865,        12365.03038,                  0,        0.1808337853,         0.1569594119,                    0,          301414.2292,           301939.9449,                     0,           120.2453826,           -137.2468327,                      0,        120.2453817,         137.1877208,                   0,                91.61652804,                 183.0778421,                           0,            -1.456665877e-08,             -0.0008612098171,                          nan,                      0.7619130708,                         1.33450604,                                nan,           300.0033136,            300.5265684,                      0,            17152.78895,             16993.40014,                       0,      0.9040383421,      0.5504581062,                 0,                 0,                 0,      0.4406446235,      0.3855672996,      0.9857115745,                 0,      0.6088880091
        1230,     0.06153057628,      -5.678459025,      -3.284888376,      -0.243559725,                         7,      -4.529236874,               3,      -4.415834633,   1.683653628e-08,    7.27314631e-06,       0.837979628,       7.471510537,       6.954062119,         0.7164302491,         -0.7092154031,                     0,      0.4438178403,      0.6891677465,                 0,       288.6331996,       274.4470154,                 0,       14983.23156,        12364.99667,                  0,        0.1808379407,         0.1569568091,                    0,          301414.7811,           301940.7105,                     0,           120.2344575,           -137.2383684,                      0,        120.2344569,         137.1786125,                   0,                91.60760746,                 183.0653593,                           0,            -1.002257488e-08,             -0.0008706444589,                          nan,                      0.7619081073,                        1.334503651,                                nan,           300.0038629,            300.5273304,                      0,             17152.8963,             16992.69514,                       0,      0.9039936993,      0.5507062418,                 0,                 0,                 0,      0.4405750641,      0.3853814202,      0.9858819068,                 0,      0.6091925665
        1231,     0.06150554326,      -5.689774404,      -3.288516305,     -0.2580833001,                         7,      -4.050175098,               3,       -4.08215998,   2.020458537e-08,   8.727603733e-06,       1.005575554,       8.965812644,       8.344874543,         0.7163615655,           -0.70913512,                     0,      0.4437600381,      0.6891083776,                 0,       288.6367662,       274.4512703,                 0,       14983.85589,        12364.91001,                  0,        0.1808432414,         0.1569533281,                    0,          301415.5299,           301941.0222,                     0,           120.2194063,           -137.2271913,                      0,        120.2194059,         137.1666962,                   0,                91.59641946,                   183.05008,                           0,            -6.740765279e-09,             -0.0008814834466,                          nan,                      0.7619104316,                        1.334508194,                                nan,           300.0046082,            300.5276407,                      0,            17153.01835,             16991.75207,                       0,      0.9039245116,      0.5510131881,                 0,                 0,                 0,      0.4404841769,      0.3851403774,      0.9860841475,                 0,      0.6095787657
        1232,     0.06148274428,      -5.698363397,      -3.291378439,     -0.2679362812,                         8,      -4.103708106,               4,      -4.719443014,   2.424656409e-08,   1.047295681e-05,       1.206690664,       10.75897517,       10.01384945,           0.71626827,         -0.7090301121,                     0,      0.4436840708,       0.689035388,                 0,       288.6413369,       274.4559654,                 0,       14984.64277,        12364.77936,                  0,        0.1808498745,         0.1569490475,                    0,          301416.3928,           301940.8043,                     0,           120.1993407,           -137.2121262,                      0,        120.1993403,           137.15078,                   0,                91.58203765,                 183.0321011,                           0,            -6.236963501e-09,             -0.0008939806099,                          nan,                      0.7619179721,                        1.334531974,                                nan,           300.0054671,            300.5274238,                      0,             17153.1403,               16990.555,                       0,      0.9038225899,      0.5513872375,                 0,                 0,                 0,      0.4403683928,      0.3848326317,      0.9863199305,                 0,       0.610061359
        1233,     0.06146088963,      -5.703649525,       -3.29237567,     -0.2721908107,                         9,      -4.081477594,               4,      -4.314557502,   2.909739871e-08,   1.256739437e-05,       1.448028797,       12.91077021,       12.01661934,         0.7161465737,         -0.7088951203,                     0,      0.4435860898,      0.6889469632,                 0,       288.6470802,        274.461312,                 0,       14985.62648,        12364.63101,                  0,        0.1808581483,         0.1569441797,                    0,           301417.348,           301940.1507,                     0,           120.1734211,           -137.1919814,                      0,        120.1734205,         137.1296672,                   0,                91.56347313,                 183.0116621,                           0,            -9.738225226e-09,             -0.0009082171991,                          nan,                      0.7619278266,                        1.334588392,                                nan,           300.0064178,            300.5267733,                      0,            17153.26201,             16989.11242,                       0,      0.9036785896,      0.5518370314,                 0,                 0,                 0,      0.4402244546,      0.3844455134,      0.9865904671,                 0,      0.6106563082
        1234,     0.06144132453,      -5.702589303,      -3.290274136,     -0.2672607615,                        10,      -4.012298585,               5,      -4.705602068,   3.491906127e-08,   1.508073603e-05,       1.737634557,       15.49292425,       14.41994321,         0.7159924473,         -0.7087263488,                     0,      0.4434620723,      0.6888418288,                 0,       288.6542428,       274.4675787,                 0,       14986.85229,         12364.4951,                  0,        0.1808684541,         0.1569389532,                    0,          301418.4468,           301939.2572,                     0,           120.1407131,              -137.1658,                      0,        120.1407121,         137.1024149,                   0,                91.53979735,                 182.9891019,                           0,            -1.763963053e-08,             -0.0009239972605,                          nan,                      0.7619381953,                        1.334689123,                                nan,           300.0075115,             300.525884,                      0,            17153.39418,             16987.44547,                       0,      0.9034805248,      0.5523716446,                 0,                 0,                 0,      0.4400488797,      0.3839639887,      0.9868957127,                 0,      0.6113819052
        1235,     0.06142316432,      -5.691968068,       -3.28403465,     -0.2500864832,                        10,      -3.568579768,               5,      -4.251391993,   4.190599922e-08,   1.809676379e-05,       2.085161468,        18.5915091,       17.30393185,         0.7157998599,         -0.7085203726,                     0,      0.4433071124,      0.6887195319,                 0,       288.6632134,       274.4748963,                 0,         14988.382,        12364.37821,                  0,         0.180881294,          0.156933377,                    0,          301419.8436,            301938.229,                     0,           120.0998737,           -137.1328617,                      0,        120.0998719,         137.0683304,                   0,                91.51018251,                 182.9648685,                           0,              -2.9721553e-08,             -0.0009409286273,                          nan,                      0.7619507086,                        1.334844219,                                nan,           300.0089018,            300.5248606,                      0,            17153.55741,             16985.55488,                       0,      0.9032111095,      0.5530003271,                 0,                 0,                 0,      0.4398364626,      0.3833687017,      0.9872325504,                 0,      0.6122603246
        1236,     0.06140438529,      -5.673305944,      -3.272731015,     -0.2238503667,                        10,      -3.176730849,               6,      -4.590595007,   5.029165228e-08,   2.171603916e-05,       2.502193761,       22.30981092,       20.76471822,         0.7155587836,         -0.7082715045,                     0,      0.4431139489,      0.6885803672,                 0,       288.6745811,       274.4831555,                 0,       14990.30536,         12364.2496,                  0,        0.1808973814,         0.1569271252,                    0,          301421.7819,           301936.9631,                     0,           120.0487506,           -137.0923068,                      0,        120.0487478,         137.0265762,                   0,                91.47362502,                 182.9396999,                           0,            -4.635659823e-08,             -0.0009586960703,                          nan,                      0.7619706719,                        1.335067291,                                nan,            300.010831,            300.5236006,                      0,            17153.78027,             16983.40163,                       0,      0.9028437975,      0.5537318118,                 0,                 0,                 0,       0.439577723,      0.3826332434,      0.9875918404,                 0,      0.6133196167
        1237,      0.0613854462,      -5.652751325,      -3.255186332,      -0.196577203,                        10,        -2.8305612,               6,      -4.105853052,   6.035627106e-08,   2.605930416e-05,      0.2502193761,       2.230981092,       2.076471822,         0.7152545367,         -0.7079699424,                     0,      0.4428716079,      0.6884251368,                 0,       288.6890659,       274.4921616,                 0,       14992.73847,        12364.06637,                  0,        0.1809176652,         0.1569197675,                    0,          301424.4516,           301935.3018,                     0,           119.9842575,           -137.0426147,                      0,        119.9842533,         136.9756282,                   0,                91.42831507,                 182.9149717,                           0,            -7.085197185e-08,             -0.0009773615914,                          nan,                      0.7620026175,                        1.335383339,                                nan,           300.0134881,            300.5219471,                      0,            17154.08358,             16980.93812,                       0,      0.9023362671,      0.5545709064,                 0,                 0,                 0,      0.4392561144,      0.3817210349,      0.9879517604,                 0,      0.6145944995
        1238,     0.06135468273,      -5.634964367,      -3.230808935,     -0.1736109062,                         4,      -4.724696193,               2,      -4.283847244,   6.036289037e-09,   2.605963673e-06,      0.3002632514,        2.67717731,       2.491766187,         0.7151779264,         -0.7079289266,                     0,      0.4428261015,      0.6884042903,                 0,       288.6879259,       274.4941087,                 0,        14992.5096,        12364.31863,                  0,         0.180915618,          0.156921865,                    0,          301420.9232,           301935.8991,                     0,           119.9727633,           -137.0332514,                      0,         119.972759,         136.9660467,                   0,                91.41733427,                 182.9139669,                           0,            -7.037208827e-08,              -0.000980611405,                          nan,                      0.7619840954,                         1.33546942,                                nan,           300.0099763,            300.5225416,                      0,            17153.35604,             16980.98864,                       0,      0.9023019993,       0.554626903,                 0,                 0,                 0,      0.4392356242,      0.3816598425,      0.9879755382,                 0,      0.6146799003
        1239,     0.06132359169,      -5.642680957,      -3.233298051,     -0.1858646151,                         4,      -4.314335122,               2,      -4.009106415,   7.243612151e-09,   3.127133524e-06,      0.3603159016,       3.212612772,       2.990119424,         0.7151068063,         -0.7078758374,                     0,      0.4427771968,      0.6883799641,                 0,       288.6878746,       274.4959401,                 0,       14992.50749,        12364.50872,                  0,        0.1809156247,         0.1569232443,                    0,          301418.3572,           301936.1105,                     0,           119.9608273,           -137.0222172,                      0,        119.9608234,         136.9547721,                   0,                 91.4054929,                 182.9126562,                           0,            -6.516756756e-08,             -0.0009841987605,                          nan,                      0.7619611998,                         1.33556979,                                nan,           300.0074223,             300.522752,                      0,            17152.85322,             16980.90498,                       0,      0.9022581844,      0.5546975543,                 0,                 0,                 0,      0.4392093067,       0.381582175,      0.9880051881,                 0,       0.614788055
        1240,      0.0612946867,      -5.653326635,      -3.234909881,     -0.2016127673,                         5,      -4.842454232,               3,      -5.300028285,    8.69242861e-09,    3.75253339e-06,       0.432379082,       3.855135327,       3.588143309,         0.7150386754,         -0.7078089106,                     0,      0.4427231707,      0.6883514622,                 0,       288.6890732,       274.4977087,                 0,        14992.7609,         12364.6371,                  0,        0.1809179315,         0.1569238824,                    0,          301416.8335,           301935.9417,                     0,           119.9478675,           -137.0091882,                      0,        119.9478641,          136.941481,                   0,                91.39265565,                 182.9110166,                           0,            -5.641792478e-08,             -0.0009881152117,                          nan,                      0.7619364993,                        1.335687443,                                nan,           300.0059057,            300.5225839,                      0,            17152.59038,             16980.67791,                       0,      0.9022012876,      0.5547877559,                 0,                 0,                 0,      0.4391750234,       0.381482254,      0.9880424623,                 0,      0.6149268057
        1241,     0.06126576401,      -5.667234734,      -3.236653212,     -0.2214238153,                         5,      -4.383681988,               3,      -4.918482213,   1.043104991e-08,    4.50301292e-06,      0.5188548984,       4.626162392,        4.30577197,         0.7149679912,          -0.707726443,                     0,      0.4426612559,      0.6883180759,                 0,        288.691614,       274.4994694,                 0,       14993.27733,        12364.70936,                  0,         0.180922571,         0.1569238198,                    0,          301416.3061,           301935.4001,                     0,           119.9329331,           -136.9938031,                      0,        119.9329304,         136.9258093,                   0,                 91.3785544,                 182.9090457,                           0,            -4.636253603e-08,             -0.0009924086462,                          nan,                      0.7619137974,                        1.335825924,                                nan,           300.0053808,            300.5220449,                      0,            17152.54781,             16980.30519,                       0,      0.9021263772,      0.5549030524,                 0,                 0,                 0,      0.4391299964,      0.3813527964,      0.9880887827,                 0,       0.615105673
        1242,     0.06123868021,      -5.683251976,       -3.23920173,     -0.2440121561,                         6,      -4.666517064,               3,      -4.548316791,   1.251745562e-08,    5.40359654e-06,       0.622625878,        5.55139487,       5.166926365,         0.7148865782,         -0.7076262512,                     0,      0.4425877155,      0.6882790507,                 0,        288.695503,       274.5012422,                 0,       14994.04228,        12364.73133,                  0,        0.1809293642,          0.156923121,                    0,          301416.5898,           301934.4514,                     0,           119.9147728,           -136.9756032,                      0,        119.9147705,         136.9072859,                   0,                91.36273366,                 182.9067682,                           0,            -3.772518864e-08,             -0.0009972614076,                          nan,                       0.761897248,                        1.335990025,                                nan,           300.0056632,            300.5211007,                      0,            17152.67069,              16979.7844,                       0,      0.9020269104,        0.55504911,                 0,                 0,                 0,      0.4390707913,       0.381185164,       0.988144692,                 0,      0.6153354225
        1243,     0.06121148746,      -5.698944348,      -3.242635707,     -0.2661975322,                         6,      -4.190338078,               3,      -4.190262164,   1.502122949e-08,   6.484321021e-06,      0.7471510537,       6.661673844,       6.200311637,         0.7147850888,         -0.7075050117,                     0,      0.4424981849,      0.6882334635,                 0,       288.7006829,       274.5030059,                 0,       14995.02868,        12364.70586,                  0,        0.1809380205,         0.1569218358,                    0,          301417.4009,            301933.004,                     0,           119.8920124,           -136.9539474,                      0,        119.8920104,         136.8852434,                   0,                91.34451841,                 182.9042408,                           0,            -3.305389917e-08,              -0.001003064239,                          nan,                      0.7618899549,                        1.336186693,                                nan,           300.0064705,              300.51966,                      0,            17152.88346,             16979.10673,                       0,      0.9018947028,      0.5552311971,                 0,                 0,                 0,      0.4389933694,      0.3809696537,      0.9882094212,                 0,      0.6156275177
        1244,      0.0611871543,      -5.712119303,      -3.246455644,     -0.2846335044,                         7,      -4.330188805,               4,      -4.936915053,   1.802588361e-08,   7.781239769e-06,      0.8965812644,       7.994008613,       7.440373965,         0.7146550929,         -0.7073582707,                     0,      0.4423882073,      0.6881801278,                 0,       288.7070854,       274.5047624,                 0,       14996.21397,        12364.63737,                  0,        0.1809483098,         0.1569200206,                    0,          301418.4398,           301930.9717,                     0,            119.863392,            -136.927996,                      0,        119.8633899,         136.8588021,                   0,                91.32302743,                 182.9015569,                           0,            -3.423246364e-08,              -0.001010406027,                          nan,                      0.7618925802,                        1.336425236,                                nan,           300.0075045,            300.5176372,                      0,            17153.11478,             16978.26159,                       0,       0.901720086,      0.5554539343,                 0,                 0,                 0,      0.4388932199,      0.3806957745,       0.988280787,                 0,      0.6159937467
        1245,     0.06116602167,      -5.722345207,       -3.24971125,      -0.298068175,                         8,      -4.393514257,               4,       -4.50916484,   2.163164865e-08,   9.337625327e-06,       1.075897517,       9.592810336,       8.928448758,         0.7144907247,         -0.7071819318,                     0,      0.4422537162,       0.688117766,                 0,       288.7147027,       274.5066606,                 0,       14997.59641,         12364.5449,                  0,        0.1809602162,         0.1569178323,                    0,          301419.4901,           301928.4233,                     0,           119.8279404,           -136.8968952,                      0,        119.8279378,         136.8270673,                   0,                91.29724554,                 182.8988547,                           0,            -4.207842885e-08,              -0.001019893271,                          nan,                      0.7619028349,                        1.336715449,                                nan,           300.0085499,            300.5151008,                      0,            17153.32122,             16977.25668,                       0,      0.9014919713,       0.555721312,                 0,                 0,                 0,      0.4387655247,      0.3803522875,       0.988355244,                 0,      0.6164462133
        1246,     0.06114643256,      -5.730053149,      -3.250997997,     -0.3067072035,                         9,      -4.375045431,               4,      -4.100658266,   2.595882344e-08,   1.120540863e-05,       1.291077021,        11.5113724,       10.71413851,         0.7142889406,         -0.7069749478,                     0,      0.4420912918,      0.6880456558,                 0,       288.7236221,       274.5090618,                 0,       14999.19903,        12364.47054,                  0,        0.1809739624,         0.1569155969,                    0,          301420.4688,           301925.7021,                     0,           119.7850019,           -136.8601977,                      0,        119.7849986,         136.7895724,                   0,                91.26614787,                 182.8963259,                           0,            -5.597611608e-08,              -0.001031813288,                          nan,                      0.7619163415,                        1.337063365,                                nan,            300.009524,            300.5123923,                      0,            17153.49431,             16976.13868,                       0,      0.9011971512,      0.5560365382,                 0,                 0,                 0,       0.438605191,      0.3799267426,      0.9884273405,                 0,      0.6169976652
        1247,     0.06112946987,      -5.733571294,      -3.248572643,     -0.3085543661,                        10,      -4.301157116,               5,      -4.530331875,   3.115179663e-08,   1.344690437e-05,       1.549292425,       13.81364688,       12.85696621,         0.7140481838,         -0.7067411903,                     0,      0.4418980957,      0.6879645795,                 0,       288.7340267,       274.5123935,                 0,       15001.06089,        12364.46238,                  0,        0.1809899046,         0.1569136778,                    0,          301421.4226,           301923.3361,                     0,           119.7340827,           -136.8183007,                      0,        119.7340783,         136.7467376,                   0,                91.22886479,                 182.8942297,                           0,            -7.426233628e-08,              -0.001045831216,                          nan,                      0.7619289856,                         1.33746686,                                nan,           300.0104733,            300.5100374,                      0,            17153.64994,             16974.98381,                       0,      0.9008177913,      0.5564009267,                 0,                 0,                 0,      0.4384064174,      0.3794041566,      0.9884873143,                 0,       0.617662009
        1248,     0.06111216829,      -5.728241602,      -3.241209301,     -0.2984060425,                        10,      -3.823378102,               5,      -4.086513258,    3.73838746e-08,   1.613688604e-05,        1.85915091,       16.57637626,       15.42835945,         0.7137659524,         -0.7064880747,                     0,      0.4416712794,       0.687877426,                 0,        288.746218,        274.516814,                 0,       15003.23061,        12364.53174,                  0,        0.1810084395,         0.1569121252,                    0,          301422.5222,           301921.7139,                     0,           119.6745048,           -136.7724814,                      0,         119.674499,          136.699905,                   0,                91.18481292,                  182.892951,                           0,            -9.592460015e-08,              -0.001060990522,                          nan,                      0.7619402101,                        1.337915714,                                nan,           300.0115678,            300.5084228,                      0,            17153.81488,             16973.84823,                       0,      0.9003268583,      0.5568113815,                 0,                 0,                 0,      0.4381617779,      0.3787649016,      0.9885163204,                 0,      0.6184547049
        1249,      0.0610935224,      -5.711902407,      -3.229018065,     -0.2750267789,                        10,      -3.400237401,               6,      -4.496838658,   4.486307535e-08,   1.936509102e-05,       2.230981092,       19.89165151,       18.51403134,         0.7134360371,         -0.7062218222,                     0,      0.4414065122,      0.6877887866,                 0,       288.7606848,       274.5219815,                 0,        15005.7748,        12364.62206,                  0,        0.1810300642,         0.1569104161,                    0,           301424.058,            301920.799,                     0,           119.6049044,           -136.7242513,                      0,         119.604897,          136.650667,                   0,                91.13355514,                 182.8931785,                           0,            -1.223830691e-07,              -0.001076100211,                          nan,                      0.7619550487,                        1.338399457,                                nan,           300.0130965,            300.5075121,                      0,            17154.02145,             16972.71969,                       0,      0.8996840549,      0.5572572459,                 0,                 0,                 0,      0.4378618637,      0.3779833798,      0.9884814623,                 0,      0.6193921553
        1250,     0.06107597146,      -5.691085346,       -3.21281873,     -0.2477239736,                        10,      -3.024300268,               6,      -4.039021061,   5.383907592e-08,   2.323925157e-05,        2.67717731,       23.86998182,       22.21683761,         0.7130468831,           -0.70594236,                     0,      0.4410960118,      0.6877035612,                 0,       288.7780916,       274.5272228,                 0,       15008.78726,        12364.63293,                  0,        0.1810554922,         0.1569076629,                    0,          301426.3284,           301920.2116,                     0,           119.5228815,           -136.6742518,                      0,         119.522872,         136.5997258,                   0,                91.07414826,                 182.8962054,                           0,            -1.585666459e-07,               -0.00109026698,                          nan,                      0.7619809225,                        1.338920737,                                nan,           300.0153562,            300.5069275,                      0,            17154.29791,             16971.53039,                       0,      0.8988394544,      0.5577181959,                 0,                 0,                 0,      0.4374978771,      0.3770321922,      0.9883363177,                 0,      0.6204869993
        1251,     0.06208138554,      -5.675252327,      -3.193284164,     -0.2277872918,                        10,       -2.68540164,               7,      -4.349965377,    6.46115388e-08,   2.788875024e-05,       0.267717731,       2.386998182,       2.221683761,         0.7125833147,         -0.7056416143,                     0,      0.4407281163,      0.6876253171,                 0,       288.7990476,       274.5320301,                 0,       15012.36961,        12364.49367,                  0,        0.1810855659,         0.1569032621,                    0,          301429.3766,           301919.6537,                     0,            119.425349,           -136.6214008,                      0,        119.4253362,         136.5460196,                   0,                91.00434393,                 182.9041111,                           0,            -2.142684222e-07,              -0.001103200436,                          nan,                      0.7620187373,                        1.339505257,                                nan,           300.0183901,            300.5063723,                      0,             17154.6422,             16970.23398,                       0,      0.8977488081,      0.5581634018,                 0,                 0,                 0,      0.4370677702,      0.3758948224,      0.9880295482,                 0,      0.6217367227
        1252,     0.06204970654,      -5.666182857,      -3.171267845,      -0.216670224,                         4,       -4.56419162,               3,      -5.614029629,   6.461675046e-09,   2.789082376e-06,      0.3212612772,       2.864397818,       2.666020514,         0.7124650669,         -0.7056003585,                     0,        0.44065907,      0.6876115353,                 0,        288.797458,       274.5325568,                 0,       15012.03676,        12364.65846,                  0,        0.1810825478,         0.1569050639,                    0,          301424.1859,            301919.208,                     0,           119.4075199,           -136.6120591,                      0,        119.4075073,         136.5365644,                   0,                90.98825041,                 182.9053933,                           0,            -2.111038129e-07,              -0.001104936933,                          nan,                      0.7619977378,                        1.339607409,                                nan,           300.0132237,            300.5059286,                      0,            17153.55844,             16970.26466,                       0,      0.8976730521,      0.5581853007,                 0,                 0,                 0,      0.4370392252,        0.37582129,      0.9880010609,                 0,      0.6218135872
        1253,     0.06201795774,       -5.67713579,      -3.176600645,     -0.2340341987,                         4,      -4.157113197,               3,      -5.221662189,   7.754056568e-09,   3.346920306e-06,      0.3855135327,       3.437277381,       3.199224616,         0.7123571713,         -0.7055469442,                     0,      0.4405857197,      0.6875963334,                 0,       288.7975297,       274.5328204,                 0,       15012.05708,        12364.75876,                  0,        0.1810827481,         0.1569062025,                    0,          301420.5095,            301918.365,                     0,            119.389302,           -136.6009344,                      0,        119.3892903,          136.525329,                   0,                90.97096067,                 182.9072619,                           0,            -1.957323279e-07,               -0.00110664586,                          nan,                      0.7619691886,                        1.339731339,                                nan,           300.0095645,            300.5050896,                      0,             17152.8345,             16970.18688,                       0,      0.8975771261,      0.5582144616,                 0,                 0,                 0,      0.4370032738,      0.3757273123,      0.9879661276,                 0,      0.6219125302
        1254,     0.06198861936,      -5.689378963,      -3.182050641,     -0.2530162064,                         5,      -4.654995186,               3,      -4.840986417,   9.304934605e-09,   4.016339899e-06,      0.4626162392,       4.124732858,        3.83906954,         0.7122555792,         -0.7054800043,                     0,      0.4405056271,      0.6875795092,                 0,       288.7994482,       274.5329044,                 0,       15012.46187,        12364.80237,                  0,         0.181086428,         0.1569067304,                    0,          301418.4163,           301917.2006,                     0,            119.369846,           -136.5877087,                      0,        119.3698358,          136.511999,                   0,                90.95229785,                 182.9099151,                           0,            -1.720910013e-07,               -0.00110828003,                          nan,                      0.7619370276,                        1.339881596,                                nan,           300.0074812,            300.5039307,                      0,            17152.48132,             16970.00846,                       0,      0.8974542664,      0.5582538375,                 0,                 0,                 0,      0.4369575091,      0.3756057193,      0.9879229985,                 0,      0.6220415439
        1255,     0.06195912954,      -5.702792275,      -3.188573054,     -0.2735111325,                         5,      -4.205457515,               3,      -4.472839305,   1.116601728e-08,   4.819668139e-06,       0.555139487,       4.949679429,       4.606883448,         0.7121517132,         -0.7053983245,                     0,      0.4404149326,      0.6875609326,                 0,        288.803269,       274.5329066,                 0,       15013.24499,        12364.80248,                  0,        0.1810934786,         0.1569067604,                    0,          301417.7672,            301915.812,                     0,           119.3477883,           -136.5720506,                      0,        119.3477796,          136.496241,                   0,                90.93190494,                 182.9135952,                           0,            -1.464508014e-07,              -0.001109869607,                          nan,                      0.7619069684,                        1.340063242,                                nan,           300.0068351,            300.5025486,                      0,            17152.45254,              16969.7458,                       0,      0.8972957906,      0.5583060598,                 0,                 0,                 0,      0.4368989143,      0.3754480099,      0.9878685055,                 0,      0.6222096054
        1256,       0.061931772,      -5.716328014,      -3.196112128,     -0.2939590423,                         6,      -4.474526382,               3,      -4.118186575,   1.339935817e-08,   5.783704775e-06,      0.6661673844,       5.939615315,       5.528260137,           0.71203359,          -0.705300364,                     0,      0.4403086531,      0.6875405126,                 0,       288.8088967,       274.5329072,                 0,       15014.36434,        12364.77212,                  0,        0.1811034514,         0.1569064133,                    0,          301418.2083,           301914.2804,                     0,           119.3214186,           -136.5535757,                      0,        119.3214111,         136.4776591,                   0,                90.90918376,                 182.9185828,                           0,            -1.256013201e-07,              -0.001111585415,                          nan,                      0.7618849203,                        1.340282241,                                nan,           300.0072741,             300.501024,                      0,            17152.64937,             16969.41573,                       0,      0.8970912113,      0.5583726767,                 0,                 0,                 0,      0.4368239761,      0.3752449034,      0.9877975248,                 0,      0.6224257575
        1257,     0.06190475707,      -5.728627759,      -3.203669303,     -0.3120280277,                         6,      -4.013400494,               4,      -4.933951146,   1.607942693e-08,   6.940619874e-06,      0.7994008613,       7.127538378,       6.633912164,         0.7118885641,         -0.7051838441,                     0,      0.4401814103,      0.6875180898,                 0,       288.8161312,        274.532967,                 0,       15015.75981,         12364.7207,                  0,        0.1811157467,          0.156905775,                    0,          301419.2565,           301912.6602,                     0,           119.2890154,           -136.5318077,                      0,        119.2890085,         136.4557545,                   0,                90.88328323,                 182.9251783,                           0,            -1.148698714e-07,              -0.001113762688,                          nan,                      0.7618747475,                        1.340545724,                                nan,           300.0083174,            300.4994115,                      0,            17152.94845,             16969.02908,                       0,      0.8968287737,      0.5584535687,                 0,                 0,                 0,      0.4367289921,      0.3749871217,      0.9877028381,                 0,      0.6226980947
        1258,     0.06187973407,       -5.73901089,      -3.210003963,     -0.3262111818,                         7,      -4.143450944,               4,      -4.510127622,   1.929559461e-08,   8.329029444e-06,      0.9592810336,       8.553046054,       7.960694597,         0.7117067216,         -0.7050460827,                     0,       0.440028385,      0.6874933604,                 0,       288.8247589,       274.5331779,                 0,       15017.38101,        12364.65765,                  0,        0.1811298904,         0.1569049132,                    0,          301420.4433,           301911.0295,                     0,           119.2492325,           -136.5062198,                      0,        119.2492256,         136.4299725,                   0,                90.85316845,                 182.9336699,                           0,            -1.166472092e-07,              -0.001116813129,                          nan,                      0.7618763813,                        1.340861297,                                nan,           300.0094987,            300.4977884,                      0,            17153.24331,             16968.59428,                       0,      0.8964965042,      0.5585468863,                 0,                 0,                 0,       0.436610652,      0.3746662607,      0.9875757183,                 0,      0.6230329774
        1259,     0.06185681714,      -5.747715292,      -3.214199308,     -0.3367007991,                         8,      -4.199012512,               4,      -4.107903846,   2.315511673e-08,   9.995282935e-06,        1.15113724,       10.26365526,       9.552833517,         0.7114830567,         -0.7048855209,                     0,      0.4398460483,      0.6874660281,                 0,       288.8346642,       274.5337385,                 0,        15019.2103,        12364.60165,                  0,        0.1811457416,         0.1569039501,                    0,          301421.4694,           301909.5836,                     0,           119.2013269,           -136.4764379,                      0,        119.2013191,          136.399922,                   0,                90.81778063,                 182.9442967,                           0,            -1.296094632e-07,              -0.001120991229,                          nan,                      0.7618857013,                        1.341234613,                                nan,             300.01052,            300.4963493,                      0,            17153.47809,             16968.13191,                       0,      0.8960835088,      0.5586492912,                 0,                 0,                 0,      0.4364668038,      0.3742756776,      0.9874069083,                 0,      0.6234344073
        1260,     0.06183604282,      -5.754801399,      -3.215365059,     -0.3440730989,                         9,      -4.177698082,               5,      -4.596166974,   2.778671429e-08,   1.199500486e-05,       1.381364688,       12.31638632,       11.46340022,          0.711217091,         -0.7047037328,                     0,      0.4396323625,      0.6874363164,                 0,         288.84588,        274.534948,                 0,       15021.26474,        12364.58296,                  0,        0.1811634852,          0.156903096,                    0,          301422.2664,           301908.6671,                     0,           119.1450994,           -136.4425669,                      0,        119.1450906,         136.3657201,                   0,                90.77624809,                 182.9572336,                           0,            -1.492123275e-07,              -0.001126118251,                          nan,                       0.761896673,                        1.341665878,                                nan,           300.0113132,             300.495437,                      0,             17153.6518,             16967.68541,                       0,      0.8955806814,      0.5587560906,                 0,                 0,                 0,      0.4362970731,      0.3738109726,      0.9871871568,                 0,      0.6239036886
        1261,     0.06181703661,      -5.758003939,       -3.21239732,      -0.346028102,                        10,      -4.092412275,               5,      -4.155937608,    3.33448731e-08,   1.439494462e-05,       1.657637626,       14.77966358,       13.75608026,         0.7109101256,          -0.704506107,                     0,      0.4393863455,      0.6874056876,                 0,       288.8585804,       274.5370307,                 0,       15023.58063,        12364.62589,                  0,        0.1811834493,         0.1569025274,                    0,          301422.9681,           301908.6344,                     0,           119.0805563,            -136.405415,                      0,        119.0805461,         136.3282223,                   0,                 90.7280837,                 182.9726419,                           0,            -1.706346364e-07,              -0.001131493309,                          nan,                      0.7619051696,                        1.342147935,                                nan,           300.0120117,            300.4954045,                      0,            17153.79621,             16967.30783,                       0,       0.894979356,      0.5588608036,                 0,                 0,                 0,      0.4361027018,      0.3732691793,       0.986906057,                 0,      0.6244398821
        1262,     0.06179814038,       -5.75230376,      -3.205005092,     -0.3365474574,                        10,      -3.621251943,               6,      -4.622150659,   4.001500621e-08,   1.727520224e-05,       1.989165151,        17.7355963,       16.50729632,         0.7105616521,          -0.704299936,                     0,      0.4391069613,      0.6873773062,                 0,       288.8730745,       274.5398856,                 0,       15026.20082,        12364.72023,                  0,        0.1812059562,         0.1569021699,                    0,          301423.8464,           301909.6091,                     0,           119.0074056,           -136.3663408,                      0,        119.0073941,         136.2888529,                   0,                90.67321768,                 182.9908392,                           0,            -1.929878255e-07,                -0.0011361436,                          nan,                       0.761912471,                        1.342669157,                                nan,           300.0128858,            300.4963746,                      0,            17153.95012,             16967.02974,                       0,      0.8942673739,      0.5589543646,                 0,                 0,                 0,      0.4358854446,      0.3726461195,      0.9865490294,                 0,      0.6250416608
        1263,     0.06177909351,      -5.736502101,      -3.194571721,     -0.3148759621,                        10,      -3.208154615,               6,      -4.171496267,   4.801965277e-08,   2.073191426e-05,       2.386998182,       21.28271556,       19.80875558,         0.7101668385,         -0.7040909438,                     0,      0.4387914463,      0.6873557951,                 0,       288.8897941,       274.5430105,                 0,       15029.17603,        12364.81386,                  0,        0.1812313456,         0.1569016485,                    0,          301425.2137,           301911.3814,                     0,           118.9246223,           -136.3266774,                      0,        118.9246092,         136.2489991,                   0,                90.61162244,                 183.0125652,                           0,            -2.208753594e-07,               -0.00113926607,                          nan,                      0.7619249127,                        1.343221355,                                nan,           300.0142467,            300.4981387,                      0,            17154.14375,             16966.84567,                       0,      0.8934259801,      0.5590249644,                 0,                 0,                 0,      0.4356470773,      0.3719340304,      0.9860953148,                 0,      0.6257093222
        1264,     0.06176020016,      -5.718569968,      -3.183343394,      -0.291844202,                        10,      -2.844482123,               7,      -4.526814631,   5.762592323e-08,   2.488049895e-05,      0.2386998182,       2.128271556,       1.980875558,         0.7097170167,         -0.7038808394,                     0,       0.438434171,      0.6873461246,                 0,       288.9091553,       274.5457243,                 0,       15032.56045,         12364.8452,                  0,        0.1812600089,         0.1569005718,                    0,          301427.2212,           301913.5704,                     0,           118.8305078,           -136.2870483,                      0,        118.8304922,          136.209308,                   0,                90.54253529,                 183.0391221,                           0,            -2.629732264e-07,              -0.001140506741,                          nan,                      0.7619469852,                        1.343807739,                                nan,           300.0162448,            300.5003174,                      0,             17154.3824,             16966.74246,                       0,      0.8924356815,      0.5590575758,                 0,                 0,                 0,      0.4353926443,       0.371126512,      0.9855211468,                 0,      0.6264401877
        1265,      0.0617296936,      -5.706409145,      -3.173159081,     -0.2769814297,                         4,      -4.789443999,               3,      -5.772493278,   5.762870886e-09,   2.488296692e-06,      0.2864397818,       2.553925867,        2.37705067,         0.7096080134,         -0.7038516236,                     0,      0.4383714034,      0.6873395682,                 0,        288.907974,       274.5457915,                 0,       15032.29999,        12364.93533,                  0,        0.1812576097,          0.156901687,                    0,          301422.7935,           301913.1446,                     0,           118.8138274,           -136.2803825,                      0,        118.8138123,         136.2026662,                   0,                90.52863456,                 183.0413662,                           0,            -2.547134036e-07,              -0.001140211022,                          nan,                      0.7619369566,                        1.343889744,                                nan,           300.0118378,            300.4998936,                      0,            17153.44881,             16966.76999,                       0,      0.8923643971,      0.5590508511,                 0,                 0,                 0,      0.4353740914,      0.3710738822,         0.9854726,                 0,      0.6264826935
        1266,     0.06169934665,      -5.714319177,      -3.178975449,     -0.2902477942,                         4,        -4.3721838,               3,      -5.377443244,   6.915468511e-09,     2.9859982e-06,      0.3437277381,        3.06471104,       2.852460804,         0.7095057562,         -0.7038140429,                     0,      0.4383039954,      0.6873329583,                 0,       288.9081628,       274.5456654,                 0,       15032.32779,        12364.98356,                  0,        0.1812578267,         0.1569023834,                    0,          301419.5595,           301912.4976,                     0,           118.7965605,           -136.2724217,                      0,        118.7965465,         136.1947513,                   0,                90.51347954,                 183.0444676,                           0,             -2.36165288e-07,              -0.001139603498,                          nan,                      0.7619201248,                        1.343990615,                                nan,            300.008619,            300.4992496,                      0,            17152.79719,             16966.73822,                       0,      0.8922764014,      0.5590446804,                 0,                 0,                 0,      0.4353517936,      0.3710076234,      0.9854143669,                 0,      0.6265375611
        1267,     0.06167065339,      -5.722476641,      -3.185185617,     -0.3034836512,                         5,      -4.918335103,               3,      -4.994055883,   8.298596273e-09,   3.583258868e-06,      0.4124732858,       3.677653248,       3.422952964,         0.7094080229,         -0.7037672183,                     0,      0.4382302006,      0.6873264053,                 0,       288.9098997,       274.5454027,                 0,       15032.67827,        12364.99536,                  0,        0.1812609631,         0.1569026984,                    0,          301417.6162,            301911.699,                     0,           118.7781373,           -136.2629541,                      0,        118.7781248,         136.1853564,                   0,                90.49691156,                 183.0486653,                           0,            -2.103579567e-07,               -0.00113861712,                          nan,                      0.7618988066,                        1.344114156,                                nan,           300.0066847,            300.4984548,                      0,            17152.44912,             16966.65601,                       0,      0.8921668244,      0.5590401798,                 0,                 0,                 0,      0.4353248741,       0.370923185,      0.9853443844,                 0,      0.6266094687
        1268,     0.06164250615,      -5.730765344,      -3.192378315,     -0.3165096295,                         5,      -4.456647986,               3,      -4.623337571,   9.958364966e-09,   4.300000092e-06,      0.4949679429,       4.413183898,       4.107543557,          0.709309023,         -0.7037105246,                     0,        0.43814719,      0.6873200997,                 0,       288.9132622,       274.5450803,                 0,       15033.35661,        12364.98101,                  0,        0.1812670326,         0.1569027194,                    0,          301416.9006,           301910.8462,                     0,           118.7575809,           -136.2517792,                      0,        118.7575701,         136.1742823,                   0,                90.47865462,                 183.0542316,                           0,            -1.821865171e-07,              -0.001137230648,                          nan,                      0.7618769443,                        1.344264339,                                nan,           300.0059725,            300.4976059,                      0,            17152.38185,             16966.54001,                       0,      0.8920295036,      0.5590380777,                 0,                 0,                 0,      0.4352921902,      0.3708152239,      0.9852594975,                 0,      0.6267035736
        1269,     0.06161408268,      -5.738637038,      -3.200445058,     -0.3284389486,                         5,      -4.023710097,               3,       -4.26643234,   1.195010967e-08,   5.160133039e-06,      0.5939615315,       5.295820677,       4.929052269,         0.7091998146,         -0.7036434357,                     0,      0.4380511842,      0.6873143055,                 0,       288.9182006,       274.5447756,                 0,       15034.33575,        12364.95238,                  0,        0.1812757404,          0.156902554,                    0,          301417.1686,           301910.0428,                     0,           118.7335893,           -136.2387077,                      0,          118.73358,         136.1613362,                   0,                90.45827063,                 183.0614577,                           0,            -1.572242218e-07,                -0.0011354997,                          nan,                      0.7618592033,                        1.344445221,                                nan,           300.0062393,            300.4968063,                      0,            17152.52624,              16966.4102,                       0,       0.891856997,       0.559038156,                 0,                 0,                 0,      0.4352523269,       0.370677952,      0.9851550228,                 0,       0.626824881
        1270,      0.0615877321,      -5.745466358,      -3.208569963,      -0.338175481,                         6,      -4.286478061,               4,      -5.147835578,   1.434023564e-08,   6.192359357e-06,      0.7127538378,       6.354984813,       5.914862722,         0.7090701163,         -0.7035654078,                     0,      0.4379379646,      0.6873093164,                 0,       288.9245497,       274.5445558,                 0,        15035.5657,        12364.91996,                  0,        0.1812865865,         0.1569022971,                    0,          301418.0341,           301909.3837,                     0,           118.7047706,           -136.2235683,                      0,        118.7047623,         136.1463373,                   0,                90.43514312,                 183.0706239,                           0,             -1.40256589e-07,              -0.001133564648,                          nan,                      0.7618493256,                        1.344660661,                                nan,           300.0071007,            300.4961503,                      0,            17152.78253,             16966.28495,                       0,      0.8916408458,      0.5590388921,                 0,                 0,                 0,      0.4352037158,      0.3705055634,      0.9850246231,                 0,      0.6269776611
        1271,     0.06156362068,      -5.750988766,       -3.21574789,     -0.3452288035,                         7,      -4.442235813,               4,      -4.719302964,    1.72084339e-08,   7.431131966e-06,      0.8553046054,       7.625981775,       7.097835267,         0.7089110523,         -0.7034761487,                     0,      0.4378036457,      0.6873054211,                 0,       288.9320979,       274.5444896,                 0,       15036.99443,         12364.8928,                  0,        0.1812990765,         0.1569020247,                    0,          301419.0792,           301908.9647,                     0,           118.6699651,           -136.2062596,                      0,        118.6699572,         136.1291725,                   0,                90.40851866,                 183.0819547,                           0,            -1.340616221e-07,              -0.001131596785,                          nan,                       0.761848414,                        1.344913447,                                nan,           300.0081409,            300.4957333,                      0,            17153.05213,             16966.18043,                       0,      0.8913722005,      0.5590374785,                 0,                 0,                 0,      0.4351449712,      0.3702927198,      0.9848607027,                 0,      0.6271650363
        1272,     0.06154090628,      -5.755386679,      -3.221360964,     -0.3500917534,                         8,      -4.512965149,               4,      -4.313356888,   2.065034109e-08,   8.917806267e-06,       1.026365526,        9.15117813,        8.51740232,         0.7087175728,         -0.7033764593,                     0,      0.4376454269,      0.6873029611,                 0,       288.9406739,       274.5446698,                 0,       15038.58987,        12364.88177,                  0,        0.1813129309,          0.156901821,                    0,          301419.9838,           301908.9117,                     0,           118.6285125,           -136.1868742,                      0,        118.6285042,         136.1099295,                   0,                90.37761539,                 183.0955695,                           0,            -1.385519194e-07,              -0.001129667955,                          nan,                      0.7618541258,                        1.345203618,                                nan,           300.0090412,            300.4956806,                      0,            17153.27023,             16966.11574,                       0,      0.8910429681,      0.5590302209,                 0,                 0,                 0,      0.4350755656,      0.3700352221,      0.9846554185,                 0,      0.6273886232
        1273,      0.0615181281,      -5.759046737,      -3.225077644,     -0.3539197806,                         8,      -4.024139429,               5,      -4.855073967,   2.478073321e-08,   1.070201868e-05,       1.231638632,       10.98141376,       10.22088278,          0.708489141,         -0.7032692133,                     0,      0.4374619996,       0.687302524,                 0,        288.950208,       274.5451991,                 0,       15040.34872,        12364.90036,                  0,        0.1813281531,         0.1569017964,                    0,          301420.6097,           301909.3809,                     0,           118.5803226,           -136.1658527,                      0,        118.5803137,          136.089061,                   0,                90.34178513,                 183.1114492,                           0,            -1.505065632e-07,              -0.001127596525,                          nan,                      0.7618615798,                        1.345526583,                                nan,           300.0096643,            300.4961475,                      0,            17153.41998,             16966.11703,                       0,      0.8906473302,       0.559012731,                 0,                 0,                 0,      0.4349967635,      0.3697311014,      0.9844017538,                 0,      0.6276476805
        1274,     0.06150099749,      -5.761883223,      -3.226421771,     -0.3572635401,                        10,      -4.421265283,               5,      -4.406940849,   2.973736167e-08,   1.284333826e-05,       1.477966358,       13.17769651,       12.26505934,         0.7082282859,         -0.7031593913,                     0,      0.4372534866,      0.6873051835,                 0,       288.9607302,       274.5460974,                 0,        15042.2862,        12364.95622,                  0,        0.1813449079,          0.156902034,                    0,          301420.9959,           301910.4743,                     0,           118.5257133,           -136.1440314,                      0,        118.5257035,         136.0674354,                   0,                90.30069184,                 183.1294573,                           0,            -1.649005449e-07,              -0.001124904215,                          nan,                      0.7618659005,                        1.345872778,                                nan,           300.0100487,            300.4972358,                      0,            17153.52024,             16966.20964,                       0,       0.890182963,      0.5589795354,                 0,                 0,                 0,      0.4349124991,      0.3693818257,      0.9840939465,                 0,      0.6279378045
        1275,     0.06148423621,      -5.761912292,      -3.225228241,     -0.3576195993,                        10,      -3.910207354,               6,      -4.920104171,   3.568556152e-08,   1.541324864e-05,        1.77355963,       15.81323581,       14.71807121,         0.7079379293,         -0.7030525679,                     0,      0.4370209316,      0.6873125973,                 0,       288.9723441,       274.5471864,                 0,       15044.41934,        12365.03802,                  0,        0.1813633349,         0.1569024894,                    0,          301421.3051,             301912.12,                     0,           118.4650849,            -136.122454,                      0,        118.4650743,         136.0461375,                   0,                90.25443963,                 183.1494555,                           0,            -1.782497053e-07,              -0.001120977882,                          nan,                      0.7618653864,                        1.346230469,                                nan,           300.0103564,            300.4988738,                      0,            17153.60119,             16966.40155,                       0,      0.8896504431,      0.5589224067,                 0,                 0,                 0,       0.434829457,      0.3689928396,      0.9837258012,                 0,      0.6282494558
        1276,     0.06146621597,      -5.755893199,      -3.222583756,      -0.350144509,                        10,      -3.453414447,               6,      -4.463301219,   4.282378716e-08,    1.84975318e-05,       2.128271556,       18.97588297,       17.66168545,         0.7076189191,         -0.7029529912,                     0,      0.4367652863,      0.6873269325,                 0,       288.9852211,       274.5480909,                 0,       15046.76198,        12365.11603,                  0,        0.1813834931,         0.1569029982,                    0,          301421.7657,           301914.0666,                     0,           118.3985446,           -136.1020263,                      0,        118.3985333,         136.0261054,                   0,                90.20349401,                 183.1715199,                           0,             -1.91500848e-07,              -0.001115335936,                          nan,                      0.7618632725,                        1.346590932,                                nan,           300.0108148,            300.5008113,                      0,            17153.68849,             16966.68284,                       0,       0.889049745,      0.5588287751,                 0,                 0,                 0,      0.4347560634,      0.3685717399,      0.9832873037,                 0,      0.6285686242
        1277,     0.06144783208,        -5.7442268,      -3.220550752,     -0.3348996322,                        10,      -3.052810859,               6,      -4.050248371,   5.139025744e-08,   2.219914336e-05,       2.553925867,       22.77105957,       21.19402254,         0.7072691325,         -0.7028633465,                     0,      0.4364861801,      0.6873507364,                 0,       288.9995667,       274.5483923,                 0,       15049.32886,          12365.165,                  0,        0.1814054306,         0.1569034783,                    0,          301422.5752,           301916.0424,                     0,           118.3257104,           -136.0833109,                      0,         118.325698,         136.0079168,                   0,                90.14823296,                 183.1961117,                           0,            -2.096493243e-07,              -0.001107751057,                          nan,                      0.7618652115,                        1.346951824,                                nan,           300.0116205,            300.5027779,                      0,            17153.79549,             16967.05495,                       0,      0.8883765249,       0.558680741,                 0,                 0,                 0,      0.4347013701,      0.3681259181,      0.9827615829,                 0,      0.6288783251
        1278,     0.06142971759,        -5.7315983,       -3.22077946,     -0.3179280053,                        10,      -2.700784828,               7,      -4.428494367,   6.167092827e-08,    2.66416807e-05,      0.2553925867,       2.277105957,       2.119402254,         0.7068853454,         -0.7027866828,                     0,      0.4361817366,       0.687386667,                 0,       289.0154556,        274.547751,                 0,       15052.12591,         12365.1876,                  0,        0.1814291715,         0.1569041566,                    0,          301423.7183,           301917.8713,                     0,           118.2460327,           -136.0666884,                      0,        118.2460186,         135.9919597,                   0,                90.08835183,                 183.2239077,                           0,            -2.391310217e-07,              -0.001098111255,                          nan,                      0.7618721788,                        1.347314269,                                nan,           300.0127583,            300.5045982,                      0,             17153.9103,             16967.55935,                       0,      0.8876272094,      0.5584552235,                 0,                 0,                 0,      0.4346773048,      0.3676665185,      0.9821281132,                 0,      0.6291551426
        1279,     0.06140028852,       -5.71995218,      -3.223164601,     -0.3014800872,                         4,      -4.618600346,               3,       -5.67745573,    6.16742207e-09,   2.664461823e-06,       0.306471104,       2.732527148,       2.543282705,         0.7067909427,         -0.7027724801,                     0,      0.4361280466,      0.6873851121,                 0,       289.0144862,       274.5472967,                 0,       15051.90379,         12365.1803,                  0,         0.181427103,         0.1569043311,                    0,          301419.9873,           301917.2278,                     0,           118.2315873,           -136.0634958,                      0,        118.2315737,         135.9889272,                   0,                90.07670839,                 183.2255895,                           0,            -2.311194702e-07,              -0.001095785355,                          nan,                      0.7618667805,                        1.347356681,                                nan,           300.0090447,            300.5039577,                      0,            17153.11542,             16967.51869,                       0,      0.8875715385,      0.5584280778,                 0,                 0,                 0,      0.4346728909,      0.3676386838,      0.9820727836,                 0,      0.6291640206
        1280,     0.06137157135,      -5.726749004,      -3.229996847,     -0.3123880515,                         4,      -4.210652235,               3,       -5.29031989,   7.400941358e-09,   3.197419975e-06,      0.3677653248,       3.279032577,       3.051939246,         0.7067039013,         -0.7027543664,                     0,      0.4360710189,      0.6873838599,                 0,       289.0147054,       274.5467433,                 0,       15051.93696,        12365.15611,                  0,        0.1814273653,         0.1569043478,                    0,           301417.327,           301916.4897,                     0,           118.2168534,           -136.0596153,                      0,        118.2168407,         135.9852451,                   0,                90.06407144,                 183.2279077,                           0,            -2.147532125e-07,              -0.001092901349,                          nan,                      0.7618548332,                         1.34741021,                                nan,            300.006397,            300.5032231,                      0,            17152.57785,             16967.45619,                       0,      0.8875040802,      0.5583975428,                 0,                 0,                 0,      0.4346691263,      0.3676035262,      0.9820076149,                 0,      0.6291774374
        1281,     0.06134437629,      -5.733647241,      -3.236922721,       -0.32268863,                         5,      -4.748489217,               3,      -4.915835656,   8.881179196e-09,    3.83699663e-06,      0.4413183898,       3.934839093,       3.662327095,         0.7066221196,         -0.7027321547,                     0,      0.4360092717,      0.6873830579,                 0,       289.0162252,       274.5461343,                 0,       15052.24651,         12365.1215,                  0,        0.1814301424,         0.1569042636,                    0,          301415.7845,           301915.7145,                     0,           118.2013604,           -136.0549545,                      0,         118.201349,         135.9808249,                   0,                90.05032849,                 183.2310231,                           0,             -1.92645908e-07,              -0.001089404073,                          nan,                      0.7618384159,                        1.347476919,                                nan,           300.0048616,            300.5024514,                      0,            17152.30767,             16967.38227,                       0,      0.8874219533,      0.5583637262,                 0,                 0,                 0,      0.4346668463,      0.3675586889,      0.9819309467,                 0,      0.6291975583
        1282,      0.0613189417,      -5.740336579,      -3.244324779,     -0.3320054677,                         5,      -4.297792739,               3,      -4.555312692,   1.065748521e-08,   4.604526458e-06,      0.5295820677,       4.721806911,       4.394792514,         0.7065404525,         -0.7027059991,                     0,      0.4359405933,      0.6873829427,                 0,       289.0190538,       274.5455313,                 0,       15052.82457,        12365.08609,                  0,        0.1814353344,         0.1569041661,                    0,          301415.2562,           301914.9856,                     0,            118.184314,           -136.0494641,                      0,         118.184304,          135.975619,                   0,                90.03528151,                 183.2351095,                           0,            -1.688072304e-07,              -0.001085267337,                          nan,                      0.7618209734,                        1.347558561,                                nan,           300.0043359,             300.501726,                      0,            17152.27363,             16967.31308,                       0,      0.8873215759,      0.5583258387,                 0,                 0,                 0,      0.4346669646,      0.3675018008,      0.9818399807,                 0,      0.6292260369
        1283,      0.0612926472,      -5.746173669,       -3.25197299,      -0.339502495,                         6,      -4.594133448,               3,      -4.210122928,   1.278908135e-08,   5.525615816e-06,      0.6354984813,       5.666168294,       5.273751017,         0.7064514083,         -0.7026765733,                     0,      0.4358621777,      0.6873838792,                 0,       289.0230756,       274.5450084,                 0,       15053.63371,        12365.06155,                  0,        0.1814425624,         0.1569041606,                    0,            301415.48,           301914.4108,                     0,            118.164709,           -136.0431816,                      0,        118.1647003,         135.9696658,                   0,                90.01862219,                 183.2403355,                           0,            -1.475532148e-07,              -0.001080480427,                          nan,                      0.7618063767,                        1.347655997,                                nan,           300.0045585,            300.5011539,                      0,            17152.40479,              16967.2694,                       0,      0.8871986138,      0.5582816172,                 0,                 0,                 0,      0.4346703405,      0.3674307855,        0.98173029,                 0,      0.6292634011
        1284,     0.06126681642,      -5.750638721,      -3.259237121,     -0.3445717367,                         6,       -4.12965953,               4,       -5.07237379,    1.53470376e-08,   6.630998973e-06,      0.7625981775,       6.799401953,        6.32850122,         0.7063470598,         -0.7026453992,                     0,      0.4357711867,      0.6873864162,                 0,        289.028077,       274.5446433,                 0,       15054.61812,        12365.05984,                  0,        0.1814512877,         0.1569043547,                    0,          301416.0894,            301914.115,                     0,           118.1415718,           -136.0363042,                      0,         118.141564,         135.9631647,                   0,                89.99994137,                 183.2468311,                           0,            -1.322008364e-07,              -0.001075003827,                          nan,                      0.7617974432,                         1.34776821,                                nan,           300.0051651,            300.5008594,                      0,            17152.60894,             16967.27506,                       0,      0.8870480524,      0.5582270716,                 0,                 0,                 0,      0.4346777115,      0.3673440718,       0.981595662,                 0,      0.6293087169
        1285,     0.06124281579,      -5.753824251,        -3.2656779,     -0.3476204139,                         7,      -4.272229347,               4,       -4.66050887,   1.841664359e-08,   7.957565256e-06,       0.915117813,       8.159282343,       7.594201464,         0.7062215646,         -0.7026152637,                     0,      0.4356654913,      0.6873913569,                 0,       289.0338112,       274.5444944,                 0,       15055.72358,        12365.09091,                  0,        0.1814610114,         0.1569048405,                    0,          301416.7197,            301914.221,                     0,            118.114251,           -136.0292758,                      0,        118.1142437,         135.9565688,                   0,                 89.9787915,                 183.2546444,                           0,            -1.240368074e-07,              -0.001068704497,                          nan,                       0.761794587,                        1.347891065,                                nan,           300.0057924,             300.500965,                      0,            17152.80291,             16967.35475,                       0,      0.8868646709,      0.5581568083,                 0,                 0,                 0,      0.4346899088,      0.3672407755,      0.9814286423,                 0,      0.6293596155
        1286,     0.06122034421,      -5.756368523,      -3.271361741,     -0.3499870031,                         8,       -4.33158669,               4,      -4.272828993,   2.210025627e-08,   9.549590491e-06,       1.098141376,       9.791138812,       9.113041757,         0.7060729695,         -0.7025904164,                     0,      0.4355442597,      0.6873998075,                 0,       289.0400854,       274.5445521,                 0,        15056.9163,        12365.15848,                  0,        0.1814714475,         0.1569056695,                    0,          301417.1283,           301914.8006,                     0,           118.0826072,           -136.0228428,                      0,           118.0826,         135.9506421,                   0,                89.95480584,                 183.2636975,                           0,            -1.218959336e-07,              -0.001061314655,                          nan,                      0.7617956059,                        1.348016417,                                nan,           300.0061992,            300.5015419,                      0,             17152.9399,             16967.52906,                       0,      0.8866441849,      0.5580646126,                 0,                 0,                 0,      0.4347084976,      0.3671212542,      0.9812216912,                 0,      0.6294121386
        1287,     0.06120038051,      -5.758634351,      -3.276464808,     -0.3526139273,                         9,      -4.311541548,               5,      -4.800807007,   2.652071981e-08,   1.146021327e-05,       1.317769651,       11.74936657,       10.93565011,         0.7059031492,         -0.7025760206,                     0,      0.4354080937,      0.6874131139,                 0,       289.0468127,       274.5446696,                 0,       15058.18814,        12365.25406,                  0,        0.1814825523,          0.156906817,                    0,          301417.2555,            301915.793,                     0,            118.046983,           -136.0179833,                      0,        118.0469758,         135.9463864,                   0,                89.92783596,                 183.2737739,                           0,            -1.227053047e-07,              -0.001052480328,                          nan,                      0.7617970333,                        1.348132737,                                nan,           300.0063258,            300.5025296,                      0,             17153.0168,             16967.80575,                       0,      0.8863851755,      0.5579438272,                 0,                 0,                 0,       0.434736873,      0.3669884137,      0.9809686528,                 0,      0.6294597908
        1288,     0.06118181971,      -5.759726394,      -3.280864833,     -0.3543739882,                        10,      -4.231745093,               5,      -4.381958431,   3.182547399e-08,   1.375320573e-05,       1.581323581,       14.09923989,       13.12278013,         0.7057159209,         -0.7025767392,                     0,      0.4352586644,      0.6874326102,                 0,       289.0540038,       274.5445235,                 0,       15059.54568,         12365.3545,                  0,        0.1814943982,         0.1569081728,                    0,          301417.1977,           301916.9441,                     0,           118.0079704,           -136.0156608,                      0,        118.0079631,         135.9447835,                   0,                89.89804901,                  183.284567,                           0,            -1.232992776e-07,              -0.001041921235,                          nan,                      0.7617964638,                        1.348228024,                                nan,           300.0062682,            300.5036754,                      0,            17153.05801,             16968.17276,                       0,      0.8860913468,      0.5577870846,                 0,                 0,                 0,      0.4347815247,      0.3668496649,      0.9806659115,                 0,      0.6294916281
        1289,     0.06116409884,      -5.757597429,      -3.284579272,     -0.3519819598,                        10,      -3.747000359,               5,      -4.001510112,   3.819149121e-08,   1.650509816e-05,       1.897588297,       16.91908787,       15.74733616,         0.7055146986,         -0.7025954406,                     0,      0.4350980568,      0.6874592775,                 0,       289.0617167,       274.5436906,                 0,       15060.99394,        12365.43239,                  0,        0.1815070091,         0.1569096308,                    0,          301417.1211,           301917.8637,                     0,           117.9661256,           -136.0165173,                      0,        117.9661184,         135.9464779,                   0,                89.86591144,                 183.2957951,                           0,            -1.226511197e-07,              -0.001029600766,                          nan,                      0.7617942565,                        1.348293813,                                nan,            300.006192,            300.5045906,                      0,            17153.09035,             16968.60735,                       0,       0.885772918,      0.5575853299,                 0,                 0,                 0,      0.4348528895,      0.3667186243,      0.9803124568,                 0,      0.6294901532
        1290,      0.0612028677,       -5.75095119,      -3.288437125,     -0.3428490079,                        10,      -3.315850452,               6,      -4.481257384,    4.58312095e-08,   1.980772959e-05,       2.277105957,       20.30290544,       18.89680339,         0.7053013826,         -0.7026337805,                     0,      0.4349281762,      0.6874936742,                 0,       289.0699873,       274.5418336,                 0,       15062.52629,        12365.48041,                  0,        0.1815202825,           0.15691129,                    0,          301417.1601,           301918.2241,                     0,           117.9218345,           -136.0208127,                      0,        117.9218273,         135.9517152,                   0,                89.83200297,                 183.3073148,                           0,            -1.224535243e-07,              -0.001015726771,                          nan,                      0.7617928339,                        1.348326606,                                nan,           300.0062308,            300.5049493,                      0,            17153.12552,             16969.10795,                       0,      0.8854465592,      0.5573267648,                 0,                 0,                 0,      0.4349655129,      0.3666157019,      0.9799090054,                 0,      0.6294301548
        1291,     0.06119632841,      -5.740615961,      -3.293658639,     -0.3275677266,                        10,       -2.93673376,               6,      -4.102906823,   5.499966189e-08,   2.377131338e-05,       2.277105957,       20.30290544,       18.89680339,         0.7050774184,         -0.7026951912,                     0,      0.4347507409,      0.6875363699,                 0,       289.0787311,        274.538817,                 0,       15064.11831,        12365.52829,                  0,         0.181533977,         0.1569136034,                    0,          301417.3138,           301917.9201,                     0,           117.8754967,           -136.0288473,                      0,        117.8754893,         135.9607805,                   0,                89.79672896,                 183.3190596,                           0,            -1.254100102e-07,              -0.001000518786,                          nan,                      0.7617930536,                        1.348323089,                                nan,           300.0063837,            300.5046468,                      0,            17153.15308,              16969.7236,                       0,      0.8851353498,      0.5569956449,                 0,                 0,                 0,      0.4351378782,      0.3665687979,      0.9794570191,                 0,      0.6292773699
        1292,     0.06118136613,      -5.727645545,       -3.29996094,      -0.307563409,                        10,      -2.959139302,               6,      -4.136912012,   5.500253573e-08,    2.37734348e-05,       2.277105957,       20.30290544,       18.89680339,         0.7048664615,         -0.7027726528,                     0,       0.434586743,      0.6875789551,                 0,       289.0862045,       274.5352321,                 0,       15065.44925,        12365.56669,                  0,        0.1815453226,         0.1569161184,                    0,          301416.8244,           301916.9881,                     0,           117.8328649,           -136.0398204,                      0,        117.8328573,         135.9727802,                   0,                89.76360812,                 183.3282934,                           0,            -1.290213919e-07,             -0.0009853535176,                          nan,                      0.7617875878,                        1.348272008,                                nan,           300.0058967,            300.5037191,                      0,              17153.019,             16970.32564,                       0,      0.8849091121,      0.5566514592,                 0,                 0,                 0,      0.4353431476,      0.3665974044,      0.9790461311,                 0,      0.6290493019
        1293,     0.06116801028,      -5.717804526,      -3.306578661,     -0.2915224679,                        10,      -2.977162237,               6,      -4.163222612,   5.500555739e-08,   2.377543591e-05,       2.277105957,       20.30290544,       18.89680339,         0.7046779129,         -0.7028700592,                     0,      0.4344387762,       0.687621808,                 0,       289.0926502,        274.531361,                 0,       15066.61027,        12365.63745,                  0,        0.1815552653,         0.1569192028,                    0,          301416.0754,            301915.766,                     0,            117.794894,            -136.054153,                      0,        117.7948863,         135.9881438,                   0,                89.73294952,                 183.3350123,                           0,            -1.300371193e-07,             -0.0009701027102,                          nan,                      0.7617728776,                        1.348169092,                                nan,           300.0051512,            300.5025027,                      0,            17152.85307,             16970.97628,                       0,      0.8847649666,      0.5562967209,                 0,                 0,                 0,      0.4355799567,      0.3666977077,      0.9786765957,                 0,      0.6287508456
        1294,     0.06115552463,      -5.711978167,      -3.311948591,     -0.2807655985,                        10,      -2.990210943,               6,      -4.178283379,   5.500870087e-08,   2.377733246e-05,       2.277105957,       20.30290544,       18.89680339,         0.7045147952,         -0.7029910736,                     0,      0.4343087179,      0.6876658977,                 0,       289.0980631,       274.5271752,                 0,       15067.61241,        12365.73116,                  0,        0.1815639416,         0.1569227529,                    0,          301415.1554,            301914.295,                     0,           117.7619988,           -136.0726192,                      0,        117.7619913,         136.0076585,                   0,                89.70526319,                   183.33904,                           0,            -1.272203415e-07,             -0.0009545663896,                          nan,                      0.7617505632,                        1.348005267,                                nan,           300.0042354,            300.5010386,                      0,            17152.68661,             16971.67671,                       0,      0.8847002976,      0.5559329705,                 0,                 0,                 0,      0.4358464452,      0.3668666938,      0.9783480532,                 0,      0.6283856488
        1295,     0.06114736721,      -5.710009155,      -3.315318424,     -0.2751753065,                        10,      -2.998816403,               6,      -4.181086478,   5.501195624e-08,    2.37791278e-05,       2.277105957,       20.30290544,       18.89680339,         0.7043783738,         -0.7031366935,                     0,      0.4341984444,      0.6877117988,                 0,       289.1023724,        274.522502,                 0,       15068.44271,        12365.81708,                  0,        0.1815712402,         0.1569264783,                    0,          301414.0844,           301912.4282,                     0,           117.7344616,           -136.0956511,                      0,        117.7344545,         136.0317629,                   0,                89.68120484,                 183.3402103,                           0,            -1.200681389e-07,              -0.000938651102,                          nan,                      0.7617243841,                        1.347775008,                                nan,           300.0031695,            300.4991806,                      0,            17152.52363,             16972.39332,                       0,      0.8847115292,      0.5555612262,                 0,                 0,                 0,      0.4361394435,       0.367100901,      0.9780591467,                 0,      0.6279574843
        1296,     0.06114523015,      -5.711047776,      -3.317136858,     -0.2736876129,                        10,      -3.004008704,               6,      -4.172960206,   5.501533089e-08,   2.378081402e-05,       2.732527148,       24.36348653,       22.67616407,         0.7042696376,         -0.7033048926,                     0,      0.4341097199,      0.6877591685,                 0,       289.1055299,       274.5172114,                 0,       15069.08813,         12365.8708,                  0,        0.1815770344,         0.1569301445,                    0,          301412.9007,           301909.9967,                     0,           117.7125286,           -136.1230679,                      0,        117.7125222,          136.060271,                   0,                89.66142377,                 183.3384424,                           0,             -1.08875156e-07,             -0.0009224362944,                          nan,                      0.7616982638,                        1.347479621,                                nan,           300.0019913,            300.4967604,                      0,            17152.36687,             16973.08773,                       0,      0.8847929396,      0.5551824013,                 0,                 0,                 0,      0.4364540734,      0.3673952243,      0.9778071353,                 0,      0.6274715546
        1297,     0.06113587542,      -5.713852893,      -3.318287361,     -0.2747080845,                        10,      -2.652931682,               7,      -4.516963464,   6.602261551e-08,    2.85388526e-05,      0.2732527148,       2.436348653,       2.267616407,         0.7041846543,         -0.7035204209,                     0,      0.4340382373,      0.6878145884,                 0,       289.1077262,        274.510384,                 0,       15069.59834,        12365.97752,                  0,        0.1815818028,         0.1569353497,                    0,          301411.5852,           301906.4697,                     0,           117.6952315,           -136.1581037,                      0,        117.6952259,         136.0965123,                   0,                89.64484926,                 183.3337446,                           0,             -9.52134418e-08,             -0.0009044994825,                          nan,                       0.761669376,                        1.347086281,                                nan,            300.000682,            300.4932499,                      0,            17152.22953,             16973.96608,                       0,      0.8849740361,      0.5547080906,                 0,                 0,                 0,      0.4368563615,      0.3678267086,      0.9775395761,                 0,       0.626807192
        1298,     0.06110910269,      -5.711218874,        -3.3157925,     -0.2683493437,                         4,      -4.510992471,               3,      -5.632407767,   6.602802774e-09,   2.854067904e-06,      0.3279032577,       2.923618383,       2.721139688,         0.7041659795,         -0.7035452275,                     0,      0.4340285762,      0.6878221313,                 0,       289.1077766,       274.5088849,                 0,       15069.60061,         12365.7565,                  0,        0.1815817984,         0.1569334049,                    0,          301411.1504,           301905.3556,                     0,           117.6921119,           -136.1641779,                      0,        117.6921067,         136.1028124,                   0,                89.64353184,                 183.3319228,                           0,            -8.741211877e-08,             -0.0009011438938,                          nan,                      0.7616783684,                         1.34701054,                                nan,           300.0002492,            300.4921411,                      0,            17152.13505,             16973.76219,                       0,      0.8849774337,      0.5546668554,                 0,                 0,                 0,      0.4368753661,      0.3678543993,      0.9775088335,                 0,       0.626758191
        1299,     0.06108218515,      -5.718762072,      -3.319978127,     -0.2804299758,                         4,      -4.108766964,               3,      -5.246379034,   7.923431258e-09,   3.424945418e-06,      0.3934839093,        3.50834206,       3.265367625,         0.7041486796,         -0.7035784367,                     0,      0.4340184502,      0.6878297923,                 0,       289.1080098,       274.5074794,                 0,       15069.64769,        12365.59173,                  0,        0.1815822193,         0.1569321162,                    0,          301410.8828,           301904.3446,                     0,           117.6889465,           -136.1712437,                      0,        117.6889418,         136.1101416,                   0,                89.64209031,                 183.3295283,                           0,            -7.923885714e-08,             -0.0008972283627,                          nan,                      0.7616866031,                        1.346920414,                                nan,           299.9999829,            300.4911348,                      0,            17152.08691,             16973.63289,                       0,      0.8849870036,      0.5546189593,                 0,                 0,                 0,      0.4369034819,      0.3678910364,      0.9774765327,                 0,      0.6266972928
        1300,     0.06105827771,      -5.727542949,       -3.32402255,     -0.2936747084,                         5,      -4.625168729,               3,       -4.87253255,   9.508214853e-09,    4.11001929e-06,      0.4721806911,       4.210010472,       3.918441151,          0.704132834,         -0.7036210579,                     0,      0.4340080211,      0.6878375977,                 0,       289.1083787,       274.5060875,                 0,       15069.73229,        12365.47942,                  0,        0.1815830071,         0.1569314808,                    0,          301410.7413,           301903.3494,                     0,           117.6857863,           -136.1794972,                      0,        117.6857821,         136.1186973,                   0,                 89.6405287,                 183.3263908,                           0,            -7.077714992e-08,             -0.0008927385015,                          nan,                       0.761693784,                        1.346812704,                                nan,           299.9998421,            300.4901442,                      0,            17152.07843,             16973.57275,                       0,      0.8850064105,      0.5545629348,                 0,                 0,                 0,      0.4369445122,      0.3679404242,       0.977443727,                 0,      0.6266202462
        1301,     0.06205573049,      -5.737412417,      -3.328006632,     -0.3079097528,                         5,      -4.179655956,               3,      -4.511724391,   1.140999741e-08,   4.932133144e-06,      0.5666168294,       5.052012566,       4.702129381,         0.7041185203,         -0.7036740714,                     0,      0.4339976377,       0.687845533,                 0,       289.1088033,       274.5046297,                 0,       15069.83963,        12365.41261,                  0,        0.1815840338,          0.156931455,                    0,          301410.6602,           301902.2803,                     0,           117.6827272,            -136.189163,                      0,        117.6827235,         136.1287055,                   0,                89.63888348,                 183.3223027,                           0,            -6.208976833e-08,             -0.0008876481786,                          nan,                      0.7616996003,                        1.346683655,                                nan,           299.9997613,            300.4890801,                      0,            17152.09629,             16973.57145,                       0,       0.885039995,      0.5544962064,                 0,                 0,                 0,       0.437002713,      0.3680075765,      0.9774109982,                 0,       0.626521072
        1302,     0.06203052348,      -5.747647583,      -3.331876661,     -0.3221473707,                         6,      -4.449559698,               3,      -4.164684056,   1.369219725e-08,    5.91869904e-06,      0.6799401953,        6.06241508,       5.642555257,          0.704106099,         -0.7037389773,                     0,       0.433987981,      0.6878536024,                 0,       289.1091724,       274.5030639,                 0,       15069.94824,         12365.3865,                  0,        0.1815851107,         0.1569320022,                    0,          301410.5579,           301901.0902,                     0,           117.6799519,           -136.2005529,                      0,        117.6799488,         136.1404838,                   0,                89.63725114,                   183.31702,                           0,            -5.321017305e-08,             -0.0008818732077,                          nan,                      0.7617036891,                        1.346528342,                                nan,           299.9996595,            300.4878956,                      0,             17152.1229,             16973.62208,                       0,      0.8850922284,      0.5544148479,                 0,                 0,                 0,      0.4370822973,       0.368098429,      0.9773779324,                 0,      0.6263921771
        1303,     0.06200843367,      -5.757258339,      -3.335657957,     -0.3349441538,                         7,      -4.598679512,               4,       -4.97558842,   1.643092493e-08,   7.102610843e-06,      0.8159282343,       7.274898096,       6.771066308,         0.7040966025,         -0.7038183499,                     0,      0.4339802427,      0.6878619831,                 0,       289.1093517,       274.5013871,                 0,       15070.03228,        12365.40135,                  0,        0.1815860107,         0.1569331269,                    0,          301410.3546,           301899.7888,                     0,           117.6777801,           -136.2141399,                      0,        117.6777775,         136.1545169,                   0,                89.63582558,                 183.3102758,                           0,            -4.418904598e-08,              -0.000875238766,                          nan,                      0.7617056292,                        1.346340025,                                nan,           299.9994572,            300.4866004,                      0,            17152.14081,             16973.72733,                       0,      0.8851669394,      0.5543136082,                 0,                 0,                 0,      0.4371868317,      0.3682192097,       0.977342673,                 0,       0.626224934
        1304,     0.06198690245,      -5.765558614,      -3.339555696,     -0.3452257876,                         7,      -4.110732561,               4,      -4.556983228,   1.971752637e-08,   8.523340927e-06,      0.9791138812,       8.729877715,        8.12527957,         0.7040920666,         -0.7039157885,                     0,       0.433976277,      0.6878711935,                 0,       289.1091964,       274.4995803,                 0,       15070.06452,        12365.45785,                  0,        0.1815864967,         0.1569348489,                    0,          301409.9926,           301898.3946,                     0,           117.6767057,           -136.2305754,                      0,        117.6767036,         136.1714714,                   0,                89.63494024,                 183.3018067,                           0,            -3.523428593e-08,             -0.0008675168761,                          nan,                      0.7617050572,                        1.346110201,                                nan,           299.9990968,            300.4852126,                      0,            17152.13765,             16973.89589,                       0,       0.885266744,      0.5541861759,                 0,                 0,                 0,      0.4373187917,      0.3683758241,      0.9773017844,                 0,      0.6260103858
        1305,     0.06196701753,       -5.77214942,      -3.343568254,     -0.3524167255,                         8,      -4.160544039,               4,       -4.15930653,   2.366163785e-08,   1.022825772e-05,       1.174936657,       10.47585326,       9.750335484,         0.7040955956,         -0.7040349241,                     0,      0.4339786468,      0.6878821157,                 0,       289.1085654,       274.4975201,                 0,       15070.01857,        12365.54724,                  0,        0.1815863394,         0.1569371279,                    0,          301409.4541,           301896.8391,                     0,           117.6773961,           -136.2505778,                      0,        117.6773945,         136.1920757,                   0,                 89.6351009,                 183.2913912,                           0,             -2.68695125e-08,             -0.0008585591694,                          nan,                        0.76170195,                        1.345830073,                                nan,           299.9985608,            300.4836644,                      0,            17152.10912,             16974.12926,                       0,      0.8853932879,      0.5540255418,                 0,                 0,                 0,      0.4374796014,      0.3685738289,      0.9772506884,                 0,       0.625739487
        1306,     0.06194848829,      -5.775908425,      -3.346748755,      -0.355177037,                         9,        -4.1388332,               5,       -4.67151656,   2.839485759e-08,    1.22742084e-05,       1.409923989,       12.57102391,       11.70040258,         0.7041111055,          -0.704178104,                     0,      0.4339905185,      0.6878957682,                 0,       289.1073248,       274.4949537,                 0,       15069.86876,        12365.64764,                  0,        0.1815853136,         0.1569398321,                    0,          301408.7591,           301894.9234,                     0,           117.6806521,           -136.2747257,                      0,        117.6806509,         136.2169017,                   0,                89.63698113,                 183.2788857,                           0,            -1.989174403e-08,             -0.0008484591032,                          nan,                      0.7616968503,                        1.345492986,                                nan,           299.9978692,            300.4817577,                      0,            17152.05783,             16974.41348,                       0,      0.8855486367,      0.5538242342,                 0,                 0,                 0,      0.4376702808,      0.3688193948,       0.977184693,                 0,      0.6254023904
        1307,      0.0619337935,      -5.774538307,      -3.346906584,      -0.350784481,                        10,       -4.07275213,               5,      -4.246180482,    3.40751601e-08,   1.472941753e-05,       1.691908787,       15.08522869,        14.0404831,         0.7041430457,         -0.7043462618,                     0,      0.4340155081,      0.6879129531,                 0,       289.1053241,       274.4916152,                 0,       15069.58618,        12365.73837,                  0,        0.1815831652,         0.1569428521,                    0,          301407.9333,           301892.4183,                     0,            117.687382,           -136.3033388,                      0,        117.6873811,         136.2462433,                   0,                89.64135874,                 183.2642205,                           0,            -1.498669944e-08,             -0.0008375954362,                          nan,                      0.7616904881,                        1.345095586,                                nan,           299.9970472,            300.4792643,                      0,            17151.98716,             16974.73339,                       0,      0.8857377533,      0.5535745929,                 0,                 0,                 0,       0.437892668,      0.3691211118,      0.9771007126,                 0,      0.6249870132
        1308,     0.06191912124,      -5.766317302,       -3.34149833,     -0.3374042475,                        10,      -3.621845175,               6,      -4.729565922,   4.089220689e-08,   1.767575953e-05,       2.030290544,       18.10227443,       16.84857972,         0.7041967115,         -0.7045408899,                     0,      0.4340578113,      0.6879341117,                 0,       289.1023327,       274.4874033,                 0,       15069.12983,        12365.82381,                  0,        0.1815795452,         0.1569463016,                    0,          301406.9478,           301889.2496,                     0,           117.6986974,           -136.3366666,                      0,        117.6986967,         136.2803164,                   0,                89.64903694,                 183.2472973,                           0,            -1.224422475e-08,             -0.0008264618808,                          nan,                      0.7616824948,                        1.344635103,                                nan,           299.9960663,            300.4761105,                      0,            17151.89262,             16975.10302,                       0,      0.8859711288,      0.5532687147,                 0,                 0,                 0,      0.4381508318,      0.3694921144,      0.9769988174,                 0,      0.6244771378
        1309,      0.0619070171,      -5.752151232,      -3.329071258,     -0.3166065348,                        10,      -3.221873303,               6,      -4.292686076,   4.907374004e-08,   2.121147402e-05,       2.436348653,       21.72272932,       20.21829566,         0.7042793764,         -0.7047670793,                     0,      0.4341229108,      0.6879596104,                 0,       289.0979732,       274.4824206,                 0,        15068.4371,        12365.93928,                  0,         0.181573936,         0.1569505687,                    0,          301405.6859,            301885.563,                     0,           117.7161501,           -136.3753955,                      0,        117.7161495,         136.3197859,                   0,                89.66090317,                 183.2277686,                           0,            -1.110298886e-08,             -0.0008153716638,                          nan,                      0.7616703703,                        1.344102527,                                nan,           299.9948103,            300.4724411,                      0,            17151.75805,             16975.57782,                       0,      0.8862673121,      0.5528978706,                 0,                 0,                 0,      0.4384527423,      0.3699524476,      0.9768833043,                 0,      0.6238500089
        1310,     0.06190709687,      -5.734890519,      -3.309667346,     -0.2922251897,                        10,      -2.869080657,               7,      -4.650819612,   5.889328462e-08,   2.545441268e-05,      0.2436348653,       2.172272932,       2.021829566,         0.7044012984,         -0.7050352499,                     0,      0.4342185117,      0.6879903698,                 0,       289.0917353,       274.4767814,                 0,       15067.42388,        12366.12335,                  0,        0.1815656444,          0.156956075,                    0,          301404.0048,           301881.5586,                     0,           117.7419054,           -136.4211679,                      0,        117.7419047,         136.3662977,                   0,                89.67823299,                 183.2048307,                           0,            -1.121882209e-08,             -0.0008042618833,                          nan,                      0.7616509451,                        1.343475872,                                nan,           299.9931371,            300.4684554,                      0,            17151.56519,             16976.22561,                       0,       0.886654774,      0.5524513347,                 0,                 0,                 0,      0.4388112477,      0.3705312588,      0.9767628943,                 0,      0.6230737723
        1311,     0.06187928773,       -5.71675613,      -3.284502012,      -0.267163416,                         4,      -4.763649731,               3,       -5.77532062,   5.889952681e-09,   2.545494552e-06,      0.2923618383,       2.606727518,       2.426195479,         0.7044329171,         -0.7050712869,                     0,      0.4342377381,      0.6879984782,                 0,        289.092375,        274.475586,                 0,       15067.54182,        12365.92673,                  0,        0.1815666638,         0.1569542627,                    0,          301405.6417,           301880.8368,                     0,           117.7465292,           -136.4295326,                      0,        117.7465286,         136.3747607,                   0,                89.68324813,                 183.2015287,                           0,            -1.030810481e-08,              -0.000802771727,                          nan,                      0.7616636276,                        1.343368288,                                nan,           299.9947663,             300.467737,                      0,            17151.89263,             16976.06836,                       0,      0.8866729129,      0.5524130467,                 0,                 0,                 0,      0.4388301436,        0.37056889,      0.9767434292,                 0,      0.6230178441
        1312,     0.06185144623,      -5.720839352,      -3.289544187,     -0.2746946175,                         4,      -4.353416836,               3,      -5.383405337,   7.068023187e-09,   3.054626059e-06,       0.350834206,       3.128073021,       2.911434575,         0.7044624881,         -0.7051189527,                     0,      0.4342585756,      0.6880068453,                 0,       289.0925301,        274.474545,                 0,       15067.56007,         12365.7887,                  0,        0.1815667864,         0.1569531027,                    0,          301406.8547,           301880.3006,                     0,           117.7513924,           -136.4395652,                      0,        117.7513919,         136.3849002,                   0,                89.68865062,                 183.1971991,                           0,            -8.989941902e-09,             -0.0008011467178,                          nan,                      0.7616780507,                         1.34323667,                                nan,           299.9959736,            300.4672034,                      0,            17152.12279,             16975.99322,                       0,      0.8866988017,      0.5523677854,                 0,                 0,                 0,      0.4388556964,      0.3706169116,      0.9767231133,                 0,      0.6229486094
        1313,     0.06182524513,      -5.726912662,      -3.295136142,     -0.2844984396,                         5,      -4.904604767,               3,      -5.003195058,   8.481743258e-09,   3.665593787e-06,      0.4210010472,       3.753687626,        3.49372149,         0.7044912973,         -0.7051801865,                     0,      0.4342819227,      0.6880156293,                 0,       289.0921125,       274.4735857,                 0,       15067.46299,        12365.70668,                  0,        0.1815658788,          0.156952603,                    0,          301407.5972,           301879.8819,                     0,           117.7567963,           -136.4516374,                      0,        117.7567958,         136.3970857,                   0,                  89.694513,                 183.1915934,                           0,            -7.327842444e-09,             -0.0007994159287,                          nan,                      0.7616928803,                        1.343075568,                                nan,           299.9967127,            300.4667866,                      0,            17152.24689,             16975.99877,                       0,       0.886736438,         0.5523142,                 0,                 0,                 0,       0.438890881,      0.3706793224,      0.9767032947,                 0,      0.6228617392
        1314,     0.06179887194,      -5.735859677,      -3.301246811,     -0.2976403791,                         5,      -4.444456265,               3,      -4.635639585,   1.017825841e-08,   4.398765512e-06,      0.5052012566,       4.504425151,       4.192465788,         0.7045220582,          -0.705256929,                     0,      0.4343092212,      0.6880250474,                 0,       289.0910582,       274.4726158,                 0,        15067.2431,        12365.67245,                  0,        0.1815638912,         0.1569527117,                    0,          301407.8754,           301879.4952,                     0,           117.7632269,           -136.4661694,                      0,        117.7632265,         136.4117378,                   0,                89.70098121,                 183.1844418,                           0,            -5.546197945e-09,             -0.0007975715617,                          nan,                      0.7617062121,                        1.342878881,                                nan,           299.9969895,            300.4664017,                      0,            17152.27092,              16976.0767,                       0,      0.8867909534,      0.5522502711,                 0,                 0,                 0,      0.4389393225,      0.3707614282,      0.9766854767,                 0,      0.6227513587
        1315,     0.06177316915,      -5.747633308,      -3.307490208,     -0.3140099942,                         5,      -4.009231615,               3,      -4.281674223,   1.221415019e-08,   5.278580471e-06,       0.606241508,       5.405310181,       5.030958945,         0.7045588069,         -0.7053514766,                     0,      0.4343424669,      0.6880354344,                 0,       289.0893341,       274.4715508,                 0,       15066.90158,         12365.6762,                  0,        0.1815608586,         0.1569533516,                    0,          301407.7553,           301879.0727,                     0,           117.7713364,           -136.4836596,                      0,        117.7713362,         136.4293621,                   0,                89.70830735,                 183.1754737,                           0,            -3.929920944e-09,             -0.0007955049859,                          nan,                      0.7617159681,                         1.34263967,                                nan,           299.9968701,            300.4659811,                      0,            17152.21625,             16976.21823,                       0,      0.8868682634,      0.5521731367,                 0,                 0,                 0,      0.4390050028,      0.3708696688,      0.9766709673,                 0,      0.6226100984
        1316,     0.06175007555,      -5.760973621,      -3.313293253,     -0.3318651386,                         6,      -4.259135043,               4,      -5.144097922,   1.465732679e-08,   6.334362209e-06,      0.7274898096,       6.486372217,       6.037150734,         0.7046063317,         -0.7054668124,                     0,      0.4343840983,      0.6880473497,                 0,       289.0869312,       274.4703215,                 0,       15066.44446,        12365.70948,                  0,        0.1815568593,         0.1569544544,                    0,          301407.3509,           301878.5803,                     0,           117.7818747,           -136.5047124,                      0,        117.7818746,         136.4505812,                   0,                  89.716875,                 183.1644498,                           0,            -2.724959591e-09,             -0.0007929457427,                          nan,                      0.7617205563,                        1.342350089,                                nan,           299.9964675,            300.4654911,                      0,             17152.1143,              16976.4198,                       0,      0.8869743863,      0.5520790587,                 0,                 0,                 0,      0.4390918045,      0.3710110969,      0.9766604399,                 0,      0.6224295394
        1317,     0.06172821608,      -5.773968211,      -3.318170083,     -0.3484620316,                         7,      -4.397049792,               4,      -4.716138613,   1.758929362e-08,   7.601294413e-06,      0.8729877715,       7.783646661,       7.244580881,         0.7046693135,         -0.7056063173,                     0,      0.4344368068,      0.6880616434,                 0,       289.0838382,       274.4688323,                 0,       15065.87504,        12365.76258,                  0,          0.18155194,         0.1569559508,                    0,          301406.7863,           301877.9772,                     0,           117.7955943,           -136.5299914,                      0,        117.7955942,         136.4760874,                   0,                89.72720514,                 183.1512028,                           0,            -2.142272915e-09,             -0.0007894721406,                          nan,                      0.7617195341,                         1.34200215,                                nan,           299.9959055,            300.4648908,                      0,            17151.99587,             16976.68047,                       0,      0.8871146568,      0.5519634546,                 0,                 0,                 0,      0.4392030306,      0.3711927331,      0.9766534823,                 0,      0.6222008062
        1318,     0.06170760697,      -5.785129366,       -3.32165832,     -0.3615757094,                         8,      -4.462295751,               4,      -4.309929705,   2.110788111e-08,   9.121593539e-06,       1.047585326,       9.340375993,       8.693497058,         0.7047515702,          -0.705772408,                     0,      0.4345033272,      0.6880793111,                 0,       289.0800153,       274.4668881,                 0,       15065.18686,        12365.81647,                  0,        0.1815460478,         0.1569577113,                    0,           301406.158,           301877.1238,                     0,           117.8131683,           -136.5600249,                      0,        117.8131682,         136.5064379,                   0,                89.73993542,                 183.1356785,                           0,             -2.44720666e-09,             -0.0007846575861,                          nan,                      0.7617139645,                        1.341590047,                                nan,           299.9952802,            300.4640414,                      0,            17151.88113,             16976.98892,                       0,      0.8872934403,      0.5518209431,                 0,                 0,                 0,      0.4393411986,       0.371421311,      0.9766484588,                 0,      0.6219148232
        1319,     0.06169033886,      -5.793504565,      -3.322702342,     -0.3699576958,                         9,      -4.449790255,               5,       -4.85615765,   2.533052256e-08,   1.094591856e-05,       1.257102391,       11.20845119,       10.43219647,         0.7048558208,         -0.7059646342,                     0,      0.4345862803,      0.6881010399,                 0,       289.0753801,       274.4641808,                 0,       15064.36183,        12365.84026,                  0,        0.1815390166,         0.1569595213,                    0,          301405.5129,           301875.7332,                     0,           117.8351598,             -136.59489,                      0,        117.8351596,         136.5417216,                   0,                89.75576557,                 183.1179607,                           0,            -3.987177588e-09,              -0.000778332394,                          nan,                      0.7617061484,                        1.341113607,                                nan,           299.9946381,            300.4626573,                      0,            17151.77589,              16977.3133,                       0,      0.8875149988,      0.5516454552,                 0,                 0,                 0,      0.4395083644,      0.3717038985,      0.9766431248,                 0,      0.6215618394
        1320,     0.06168004534,      -5.797330361,      -3.319326571,      -0.371767934,                        10,      -4.381775855,               5,       -4.41946204,   3.039819445e-08,   1.313506429e-05,       1.508522869,       13.45014143,       12.51863576,         0.7049841454,         -0.7061790372,                     0,      0.4346881206,      0.6881266303,                 0,       289.0698049,       274.4604356,                 0,       15063.37372,        12365.80825,                  0,        0.1815306099,         0.1569612149,                    0,          301404.8421,           301873.4885,                     0,            117.862071,           -136.6339995,                      0,        117.8620706,         136.5813306,                   0,                89.77536252,                 183.0982503,                           0,            -7.125181667e-09,             -0.0007708003999,                          nan,                      0.7616985011,                        1.340580367,                                nan,           299.9939704,            300.4604232,                      0,            17151.67501,             16977.61623,                       0,       0.887785875,      0.5514308294,                 0,                 0,                 0,      0.4397069712,       0.372049434,      0.9766365435,                 0,      0.6211304381
        1321,     0.06166360257,      -5.793696655,         -3.309882,     -0.3640917847,                        10,      -3.898046184,               5,      -4.013619061,   3.648015471e-08,   1.576199051e-05,       1.810227443,       16.14016972,       15.02236292,         0.7051391519,         -0.7064103592,                     0,      0.4348113884,      0.6881547661,                 0,        289.063087,       274.4556613,                 0,        15062.1888,        12365.73237,                  0,        0.1815205488,         0.1569629406,                    0,          301404.0632,            301870.302,                     0,           117.8945206,           -136.6762953,                      0,        117.8945199,         136.6241561,                   0,                89.79925659,                 183.0767485,                           0,            -1.222912216e-08,             -0.0007628121503,                          nan,                      0.7616915246,                        1.340002776,                                nan,           299.9931952,            300.4572516,                      0,            17151.56574,             16977.89588,                       0,      0.8881181901,      0.5511722849,                 0,                 0,                 0,      0.4399406048,      0.3724704569,      0.9766322573,                 0,      0.6206069091
        1322,     0.06164798466,      -5.781552177,      -3.294950832,     -0.3464900987,                        10,      -3.466661517,               6,      -4.487813459,   4.377964516e-08,   1.891424605e-05,       2.172272932,       19.36820366,        18.0268355,         0.7053257772,         -0.7066562285,                     0,      0.4349596423,      0.6881834329,                 0,       289.0548764,       274.4502522,                 0,       15060.75673,        12365.67621,                  0,        0.1815084459,         0.1569652808,                    0,          301402.9917,           301866.4599,                     0,           117.9335874,           -136.7209188,                      0,        117.9335862,         136.6692789,                   0,                89.82788393,                 183.0533924,                           0,            -1.974227637e-08,             -0.0007552625857,                          nan,                        0.76168195,                        1.339389466,                                nan,           299.9921287,            300.4534274,                      0,            17151.42669,             16978.21168,                       0,      0.8885321896,      0.5508687145,                 0,                 0,                 0,      0.4402136781,      0.3729837426,       0.976641654,                 0,       0.619976092
        1323,      0.0616318398,      -5.764860154,       -3.27688867,     -0.3242693125,                        10,      -3.082918572,               6,       -4.07486059,   5.254076192e-08,   2.269685913e-05,       2.606727518,       23.24184439,        21.6322026,         0.7055529452,         -0.7069202269,                     0,       0.435138992,      0.6882107949,                 0,        289.044647,       274.4447637,                 0,       15059.00088,        12365.72239,                  0,        0.1814937077,         0.1569689646,                    0,          301401.3892,           301862.4416,                     0,           117.9811525,           -136.7680097,                      0,        117.9811507,         136.7167928,                   0,                89.86198758,                 183.0275274,                           0,            -3.064868825e-08,             -0.0007488190181,                          nan,                       0.761663936,                        1.338734793,                                nan,           299.9905337,            300.4494279,                      0,            17151.23225,             16978.65222,                       0,      0.8890542063,       0.550524018,                 0,                 0,                 0,      0.4405287783,      0.3736078752,      0.9766837931,                 0,      0.6192243556
        1324,      0.0616162194,      -5.749812475,      -3.257343966,     -0.3045763719,                        10,      -2.740100688,               7,      -4.434672174,   6.305674188e-08,   2.723579081e-05,      0.2606727518,       2.324184439,        2.16322026,         0.7058332646,         -0.7072116032,                     0,      0.4353589275,      0.6882361177,                 0,       289.0318281,       274.4395189,                 0,       15056.82826,        12365.91224,                  0,        0.1814755712,         0.1569743286,                    0,          301399.1418,           301858.5546,                     0,           118.0398252,           -136.8190954,                      0,        118.0398224,         136.7682078,                   0,                89.90323528,                 182.9978192,                           0,            -4.798224396e-08,             -0.0007437287259,                          nan,                      0.7616347894,                         1.33801431,                                nan,           299.9882968,            300.4455591,                      0,             17150.9723,              16979.2654,                       0,      0.8897077017,      0.5501458081,                 0,                 0,                 0,      0.4408819536,      0.3743569042,      0.9767789478,                 0,      0.6183444372
        1325,     0.06158819804,      -5.738381672,      -3.236524762,     -0.2892045587,                         4,      -4.585617044,               3,      -5.610096263,   6.306550853e-09,   2.723507293e-06,      0.3128073021,       2.789021327,       2.595864312,         0.7059050294,         -0.7072544753,                     0,      0.4354005848,      0.6882457007,                 0,        289.032887,       274.4387574,                 0,       15057.04509,        12365.76954,                  0,        0.1814775197,         0.1569729517,                    0,          301402.3527,           301858.4388,                     0,           118.0505589,           -136.8285976,                      0,        118.0505561,         136.7777009,                   0,                89.91302298,                  182.994334,                           0,            -4.727741809e-08,             -0.0007438101798,                          nan,                      0.7616484491,                        1.337895964,                                nan,           299.9914927,            300.4454439,                      0,            17151.63888,             16979.21039,                       0,       0.889746475,      0.5501165572,                 0,                 0,                 0,       0.440901349,      0.3744054731,      0.9767791757,                 0,      0.6182846155
        1326,     0.06155951168,      -5.744711803,      -3.244549151,      -0.300407515,                         4,      -4.181327522,               3,      -5.224139672,   7.567950966e-09,    3.26821506e-06,      0.3753687626,       3.346825592,       3.115037174,         0.7059709016,         -0.7073106135,                     0,      0.4354449946,      0.6882559446,                 0,       289.0329337,        274.438165,                 0,       15057.04805,        12365.69036,                  0,        0.1814775261,         0.1569722819,                    0,          301404.6475,           301858.5596,                     0,             118.06157,           -136.8400743,                      0,        118.0615675,         136.7891543,                   0,                89.92356603,                   182.98973,                           0,            -4.299525758e-08,             -0.0007440884951,                          nan,                       0.761666713,                        1.337750284,                                nan,           299.9937768,            300.4455641,                      0,            17152.08961,             16979.25208,                       0,        0.88979777,      0.5500820519,                 0,                 0,                 0,      0.4409270675,      0.3744671868,      0.9767828118,                 0,      0.6182101938
        1327,     0.06153229006,      -5.752789603,      -3.253534489,     -0.3135376096,                         5,      -4.702123884,               3,      -4.850597132,   9.081673398e-09,   3.921862429e-06,      0.4504425151,       4.016190711,       3.738044609,         0.7060333363,         -0.7073816045,                     0,      0.4354937179,      0.6882670023,                 0,       289.0318379,       274.4376271,                 0,        15056.8146,        12365.66477,                  0,        0.1814754004,         0.1569722582,                    0,          301405.9693,           301858.8031,                     0,           118.0733932,           -136.8538941,                      0,        118.0733911,         136.8029317,                   0,                89.93498501,                 182.9837307,                           0,            -3.640761581e-08,             -0.0007446321117,                          nan,                      0.7616871525,                        1.337571705,                                nan,           299.9950924,            300.4458065,                      0,            17152.31455,             16979.37918,                       0,      0.8898668092,      0.5500411553,                 0,                 0,                 0,      0.4409617083,      0.3745468885,      0.9767921166,                 0,      0.6181162727
        1328,      0.0615053237,      -5.763642586,      -3.263511322,     -0.3298148896,                         5,      -4.249707462,               3,       -4.49043341,   1.089820305e-08,   4.706232127e-06,      0.5405310181,       4.819428853,       4.485653531,          0.706097631,         -0.7074686872,                     0,      0.4355492548,      0.6882789766,                 0,       289.0295413,       274.4370058,                 0,        15056.3438,        12365.67609,                  0,         0.181471168,         0.1569727468,                    0,          301406.3838,           301859.0259,                     0,           118.0868986,           -136.8704151,                      0,        118.0868969,         136.8193902,                   0,                89.94751876,                 182.9760357,                           0,            -2.953533762e-08,             -0.0007454554804,                          nan,                      0.7617061767,                        1.337354562,                                nan,           299.9955049,            300.4460283,                      0,             17152.3378,             16979.57035,                       0,      0.8899601022,      0.5499923335,                 0,                 0,                 0,      0.4410083068,       0.374650686,      0.9768098146,                 0,      0.6179966182
        1329,     0.06148148278,      -5.777145443,      -3.273783756,     -0.3489434092,                         6,      -4.525034114,               3,      -4.144664643,    1.30781318e-08,   5.647458605e-06,      0.6486372217,       5.783314623,       5.382784237,         0.7061713789,         -0.7075730194,                     0,      0.4356149203,      0.6882919358,                 0,       289.0260714,       274.4361735,                 0,         15055.656,        12365.70632,                  0,        0.1814650566,         0.1569735916,                    0,          301406.0876,           301859.0935,                     0,           118.1032089,           -136.8899864,                      0,        118.1032075,         136.8388852,                   0,                89.96156935,                 182.9663482,                           0,            -2.450818282e-08,             -0.0007464623866,                          nan,                      0.7617199505,                        1.337093238,                                nan,           299.9952101,            300.4460955,                      0,            17152.21594,              16979.8019,                       0,      0.8900849375,      0.5499337264,                 0,                 0,                 0,      0.4410699524,      0.3747855044,      0.9768388429,                 0,      0.6178440992
        1330,     0.06145960323,      -5.791816993,      -3.283164023,     -0.3687320854,                         6,       -4.05786628,               4,      -4.976560184,    1.56941847e-08,    6.77689623e-06,      0.7783646661,       6.939977548,       6.459341084,         0.7062629294,         -0.7076958505,                     0,      0.4356944646,      0.6883059722,                 0,       289.0215152,       274.4350259,                 0,       15054.78237,        12365.74038,                  0,        0.1814573873,           0.15697466,                    0,          301405.3613,           301858.8984,                     0,           118.1235124,           -136.9129369,                      0,         118.123511,          136.861762,                   0,                89.97772246,                 182.9544156,                           0,            -2.290508383e-08,             -0.0007474145968,                          nan,                      0.7617257707,                        1.336782553,                                nan,           299.9944873,            300.4459013,                      0,            17152.02234,              16980.0545,                       0,       0.890248393,      0.5498632764,                 0,                 0,                 0,      0.4411491726,      0.3749582208,       0.976881854,                 0,      0.6176515237
        1331,     0.06143759812,      -5.805600491,      -3.290515641,      -0.386128775,                         7,      -4.190310191,               4,      -4.561745561,   1.883365374e-08,   8.132162138e-06,      0.9340375993,       8.327973057,       7.751209301,         0.7063793553,         -0.7078381294,                     0,      0.4357915302,      0.6883212202,                 0,       289.0159663,       274.4334577,                 0,       15053.74826,        12365.76527,                  0,        0.1814484066,         0.1569758474,                    0,          301404.4873,           301858.3355,                     0,           118.1488326,           -136.9395021,                      0,        118.1488311,         136.8882783,                   0,                89.99672208,                  182.940079,                           0,            -2.534483878e-08,             -0.0007479819559,                          nan,                      0.7617233386,                        1.336418875,                                nan,           299.9936173,             300.445341,                      0,             17151.8226,             16980.31243,                       0,      0.8904561546,      0.5497788147,                 0,                 0,                 0,      0.4412472335,      0.3751746724,      0.9769405681,                 0,      0.6174125609
        1332,     0.06141752836,      -5.817176291,      -3.294914404,     -0.3992870657,                         8,       -4.25764744,               4,      -4.169666126,    2.26013221e-08,   9.758390136e-06,       1.120845119,       9.993567669,       9.301451161,         0.7065250155,         -0.7079994266,                     0,       0.435909202,      0.6883377155,                 0,        289.009457,       274.4313298,                 0,       15052.55842,        12365.76607,                  0,        0.1814381513,         0.1569770446,                    0,           301403.656,            301857.255,                     0,            118.179876,           -136.9696616,                      0,        118.1798741,         136.9184322,                   0,                90.01938927,                 182.9233115,                           0,            -3.134850457e-08,               -0.00074790073,                          nan,                      0.7617150547,                         1.33600209,                                nan,           299.9927899,            300.4442656,                      0,            17151.65335,             16980.55603,                       0,      0.8907116583,      0.5496779407,                 0,                 0,                 0,      0.4413636141,      0.3754390473,      0.9770151578,                 0,      0.6171222029
        1333,     0.06140421889,      -5.826087909,      -3.295135782,     -0.4080533203,                         9,      -4.248438132,               5,      -4.699248696,   2.712297901e-08,   1.170973816e-05,       1.345014143,        11.9922812,       11.16174139,         0.7067015638,          -0.708177055,                     0,      0.4360498177,      0.6883550892,                 0,       289.0019292,       274.4285075,                 0,       15051.19512,        12365.72852,                  0,        0.1814264443,         0.1569781492,                    0,          301402.9258,           301855.4807,                     0,            118.217036,           -137.0029832,                      0,        118.2170337,         136.9517914,                   0,                90.04649681,                 182.9042168,                           0,            -3.956595684e-08,             -0.0007471698435,                          nan,                      0.7617049252,                        1.335537235,                                nan,           299.9920631,            300.4424996,                      0,            17151.51808,             16980.76073,                       0,       0.891016369,      0.5495579037,                 0,                 0,                 0,      0.4414960484,      0.3757541776,      0.9771043226,                 0,      0.6167764396
        1334,      0.0613904033,      -5.830584625,      -3.289744933,     -0.4109301804,                        10,      -4.174011978,               5,      -4.280346458,    3.25496469e-08,   1.405119746e-05,       1.614016972,       14.39073744,       13.39408967,         0.7069094502,         -0.7083668601,                     0,      0.4362151332,      0.6883723305,                 0,       288.9932343,       274.4250004,                 0,       15049.62717,        12365.65496,                  0,        0.1814130022,         0.1569791882,                    0,          301402.2315,           301852.9471,                     0,           118.2605747,           -137.0386789,                      0,        118.2605718,          136.987545,                   0,                90.07862444,                 182.8829539,                           0,            -4.876086812e-08,             -0.0007461316686,                          nan,                      0.7616961688,                        1.335033444,                                nan,           299.9913721,            300.4399779,                      0,            17151.39907,             16980.91542,                       0,      0.8913718079,      0.5494157951,                 0,                 0,                 0,      0.4416413459,      0.3761230361,      0.9772066709,                 0,      0.6163710701
        1335,     0.06137700778,       -5.82617921,      -3.278758372,     -0.4027875811,                        10,      -3.701201144,               6,      -4.783342139,   3.906266769e-08,    1.68607587e-05,       1.936820366,       17.26888493,       16.07290761,         0.7071502334,         -0.7085659466,                     0,      0.4364069789,      0.6883878878,                 0,       288.9831195,       274.4210824,                 0,       15047.81617,        12365.58041,                  0,        0.1813975208,         0.1569804509,                    0,          301401.4038,           301849.8398,                     0,           118.3109538,           -137.0760012,                      0,        118.3109503,         137.0249077,                   0,                90.11608657,                 182.8595455,                           0,            -5.919094137e-08,             -0.0007453380116,                          nan,                      0.7616884685,                        1.334498585,                                nan,           299.9905482,            300.4368851,                      0,            17151.27126,             16981.04616,                       0,      0.8917833019,       0.549249095,                 0,                 0,                 0,      0.4417967997,      0.3765513869,      0.9773234259,                 0,      0.6158997301
        1336,     0.06136804936,      -5.810924846,      -3.264603901,     -0.3816739382,                        10,       -3.28108299,               6,      -4.354843172,   4.687982527e-08,   2.023199854e-05,       2.324184439,       20.72266192,       19.28748913,         0.7074287161,         -0.7087752315,                     0,      0.4366285434,      0.6884000347,                 0,       288.9711982,       274.4171944,                 0,       15045.71163,        12365.56135,                  0,        0.1813796334,         0.1569824019,                    0,          301400.2024,           301846.5171,                     0,           118.3692202,           -137.1147827,                      0,        118.3692159,         137.0636778,                   0,                90.15913621,                 182.8335829,                           0,            -7.299378135e-08,             -0.0007452929484,                          nan,                      0.7616772276,                        1.333931686,                                nan,           299.9893525,             300.433578,                      0,             17151.1095,             16981.20637,                       0,      0.8922639745,      0.5490561452,                 0,                 0,                 0,      0.4419615405,      0.3770506746,      0.9774612216,                 0,      0.6153516906
        1337,     0.06135221659,      -5.791631623,      -3.250400982,     -0.3563947118,                        10,       -2.90862953,               7,      -4.737319936,   5.626271704e-08,   2.427716535e-05,      0.2324184439,       2.072266192,       1.928748913,         0.7077534952,         -0.7089992459,                     0,      0.4368856705,      0.6884071518,                 0,       288.9570072,       274.4136514,                 0,       15043.24891,        12365.63473,                  0,        0.1813588508,         0.1569853284,                    0,          301398.4427,           301843.2093,                     0,           118.4371373,           -137.1556852,                      0,        118.4371317,         137.1044974,                   0,                90.20854529,                 182.8040164,                           0,            -9.391833811e-08,             -0.0007462796257,                          nan,                       0.761657632,                        1.333318891,                                nan,            299.987601,            300.4302857,                      0,            17150.89944,             16981.42459,                       0,      0.8928342563,       0.548836423,                 0,                 0,                 0,      0.4421362347,      0.3776374677,      0.9776320225,                 0,      0.6147125506
        1338,      0.0613240466,      -5.777034202,      -3.237928498,     -0.3372763142,                         4,      -4.812289084,               2,      -4.063629779,    5.62713568e-09,   2.427572659e-06,      0.2789021327,        2.48671943,       2.314498695,         0.7078319168,         -0.7090326663,                     0,      0.4369309977,      0.6884151212,                 0,       288.9579304,       274.4131081,                 0,       15043.44551,        12365.54351,                  0,        0.1813606417,         0.1569844808,                    0,          301401.7053,           301843.2244,                     0,             118.44909,           -137.1630135,                      0,        118.4490846,         137.1117532,                   0,                90.21873746,                 182.8014754,                           0,            -9.098978215e-08,             -0.0007472963836,                          nan,                      0.7616668188,                          1.3332298,                                nan,           299.9908483,            300.4303007,                      0,            17151.58163,             16981.42137,                       0,      0.8928723291,      0.5488209982,                 0,                 0,                 0,      0.4421467701,      0.3776771009,      0.9776428241,                 0,      0.6146690633
        1339,     0.06129590813,      -5.783146509,      -3.245161892,     -0.3479400019,                         4,      -4.397500115,               3,      -5.522580552,   6.752657226e-09,   2.913069637e-06,      0.3346825592,       2.984063316,       2.777398435,         0.7079059127,         -0.7090755088,                     0,      0.4369798637,      0.6884235051,                 0,       288.9578621,       274.4126891,                 0,       15043.43511,        12365.49387,                  0,        0.1813605592,         0.1569840888,                    0,          301404.1135,           301843.4107,                     0,           118.4615251,           -137.1718006,                      0,        118.4615202,         137.1204482,                   0,                90.22986519,                 182.7980582,                           0,            -8.352114766e-08,             -0.0007485909713,                          nan,                      0.7616807979,                        1.333120338,                                nan,           299.9932453,            300.4304861,                      0,            17152.06362,              16981.4823,                       0,      0.8929202974,      0.5488022127,                 0,                 0,                 0,      0.4421600904,      0.3777266422,       0.977656949,                 0,      0.6146150046
        1340,     0.06126932274,      -5.790323772,      -3.253288856,     -0.3595786713,                         5,      -4.959354401,               3,      -5.141278393,    8.10332613e-09,   3.495656774e-06,      0.4016190711,       3.580875979,       3.332878121,         0.7079770869,         -0.7091288958,                     0,      0.4370336028,      0.6884322836,                 0,       288.9566581,       274.4123313,                 0,       15043.18977,        12365.48063,                  0,        0.1813583571,         0.1569841221,                    0,          301405.5847,           301843.6982,                     0,           118.4748724,           -137.1822982,                      0,        118.4748681,         137.1308294,                   0,                90.24205299,                 182.7935292,                           0,            -7.294548199e-08,             -0.0007502301569,                          nan,                      0.7616978556,                         1.33298639,                                nan,           299.9947096,            300.4307722,                      0,            17152.32705,             16981.60021,                       0,      0.8929816875,      0.5487790423,                 0,                 0,                 0,      0.4421772518,      0.3777895174,      0.9776757193,                 0,      0.6145468042
        1341,      0.0612449924,      -5.799196295,       -3.26253938,     -0.3729367581,                         5,      -4.493407286,               3,      -4.772822686,   9.724191753e-09,   4.194746131e-06,      0.4819428853,       4.297051175,       3.999453746,         0.7080496593,         -0.7091936597,                     0,      0.4370943845,       0.688441364,                 0,       288.9542401,       274.4119514,                 0,       15042.70137,        12365.49341,                  0,        0.1813539867,         0.1569844961,                    0,          301406.1473,           301843.9894,                     0,           118.4898708,           -137.1947465,                      0,        118.4898671,          137.143134,                   0,                90.25551737,                 182.7876209,                           0,            -6.157449828e-08,             -0.0007522550878,                          nan,                      0.7617150696,                        1.332823712,                                nan,           299.9952696,            300.4310621,                      0,            17152.38458,             16981.75975,                       0,      0.8930610434,      0.5487502384,                 0,                 0,                 0,      0.4421995789,      0.3778700977,      0.9777008953,                 0,      0.6144599436
        1342,     0.06122054036,      -5.809636065,      -3.272518389,     -0.3877123281,                         5,      -4.052370412,               3,      -4.418223404,   1.166932259e-08,   5.033628091e-06,      0.5783314623,        5.15646141,       4.799344495,         0.7081302774,         -0.7092704599,                     0,      0.4371651655,      0.6884505774,                 0,       288.9506152,       274.4114667,                 0,       15041.98414,        12365.51982,                  0,        0.1813476149,         0.1569851005,                    0,          301405.9589,           301844.1815,                     0,           118.5075244,           -137.2093673,                      0,        118.5075213,         137.1575854,                   0,                90.27060526,                 182.7800506,                           0,            -5.200160835e-08,             -0.0007546446924,                          nan,                       0.761728912,                        1.332628086,                                nan,           299.9950821,            300.4312533,                      0,            17152.28236,             16981.94168,                       0,      0.8931637889,      0.5487144526,                 0,                 0,                 0,      0.4422285677,      0.3779735148,      0.9777346912,                 0,      0.6143491926
        1343,     0.06119881741,      -5.820655503,      -3.282229016,     -0.4023860026,                         6,        -4.3160053,               3,      -4.078478648,    1.40036144e-08,   6.040244812e-06,      0.6939977548,       6.187753693,       5.759213394,         0.7082268422,          -0.709359885,                     0,      0.4372493788,      0.6884597018,                 0,       288.9458686,       274.4108087,                 0,       15041.06864,        12365.54875,                  0,        0.1813395564,         0.1569858327,                    0,          301405.2831,           301844.1834,                     0,           118.5289511,           -137.2263511,                      0,        118.5289483,         137.1743815,                   0,                90.28781562,                 182.7705491,                           0,            -4.638625506e-08,             -0.0007572851679,                          nan,                      0.7617364102,                        1.332395649,                                nan,           299.9944094,            300.4312552,                      0,            17152.08994,             16982.12767,                       0,      0.8932958212,      0.5486703731,                 0,                 0,                 0,      0.4422656655,      0.3781052546,      0.9777796371,                 0,      0.6142090448
        1344,     0.06117946639,      -5.830890292,      -3.290511388,     -0.4149769053,                         7,      -4.471724119,               4,      -4.889041624,   1.680496194e-08,   7.248118383e-06,      0.8327973057,       7.425304431,       6.911056073,          0.708346617,         -0.7094622297,                     0,      0.4373504311,      0.6884684714,                 0,       288.9401159,       274.4099151,                 0,       15039.98686,        12365.57089,                  0,        0.1813301242,         0.1569866098,                    0,          301404.4137,           301843.9078,                     0,           118.5551631,           -137.2458041,                      0,        118.5551604,          137.193642,                   0,                90.30778403,                 182.7589005,                           0,            -4.591388902e-08,             -0.0007599819991,                          nan,                      0.7617364248,                        1.332123689,                                nan,            299.993544,            300.4309809,                      0,            17151.87832,             16982.30127,                       0,      0.8934628877,      0.5486167357,                 0,                 0,                 0,      0.4423119384,      0.3782706553,      0.9778382104,                 0,      0.6140341622
        1345,     0.06116156865,      -5.839433937,      -3.296507875,     -0.4244540111,                         8,      -4.553673827,               4,      -4.483762442,   2.016686809e-08,   8.697465981e-06,      0.9993567669,       8.910365317,       8.293267287,         0.7084944584,         -0.7095767838,                     0,      0.4374711883,      0.6884764977,                 0,       288.9334398,       274.4087094,                 0,       15038.75592,        12365.57637,                  0,        0.1813194729,         0.1569873502,                    0,          301403.5829,           301843.2416,                     0,           118.5868737,           -137.2676373,                      0,        118.5868707,          137.215291,                   0,                90.33122048,                 182.7449789,                           0,            -5.047852036e-08,             -0.0007625438321,                          nan,                      0.7617303668,                        1.331812057,                                nan,           299.9927171,            300.4303178,                      0,             17151.6961,              16982.4434,                       0,      0.8936699558,      0.5485521407,                 0,                 0,                 0,      0.4423677158,      0.3784745163,      0.9779123077,                 0,      0.6138196066
        1346,     0.06114223742,      -5.846281536,      -3.299544123,     -0.4314928513,                         8,      -4.061906424,               4,      -4.101503645,   2.420157926e-08,   1.043654063e-05,        1.19922812,       10.69243838,       9.951920744,         0.7086721788,         -0.7097010637,                     0,      0.4376136695,      0.6884830862,                 0,       288.9258446,       274.4071097,                 0,       15037.37065,        12365.55444,                  0,        0.1813075369,         0.1569879648,                    0,          301402.8988,           301842.0426,                     0,           118.6244303,           -137.2914406,                      0,        118.6244268,         137.2389222,                   0,                90.35880543,                 182.7287654,                           0,            -5.860017993e-08,             -0.0007649178166,                          nan,                      0.7617217453,                         1.33146459,                                nan,           299.9920362,            300.4291245,                      0,            17151.55791,             16982.52924,                       0,      0.8939208739,      0.5484749038,                 0,                 0,                 0,      0.4424323859,      0.3787209196,      0.9780029212,                 0,      0.6135609088
        1347,     0.06112380601,      -5.851408772,      -3.298826839,     -0.4369207426,                         9,      -4.050661185,               5,      -4.612174612,   2.904385461e-08,   1.252324256e-05,       1.439073744,       12.83092606,       11.94230489,         0.7088794115,         -0.7098310624,                     0,      0.4377790307,      0.6884870825,                 0,       288.9172578,       274.4051099,                 0,       15035.81027,        12365.50212,                  0,        0.1812941112,         0.1569884207,                    0,          301402.3451,           301840.2165,                     0,           118.6679075,            -137.316488,                      0,        118.6679035,         137.2637978,                   0,                90.39105944,                 182.7103167,                           0,            -6.802365549e-08,             -0.0007672812817,                          nan,                      0.7617144719,                        1.331088894,                                nan,           299.9914851,            300.4273069,                      0,             17151.4519,             16982.53774,                       0,        0.89421864,      0.5483833612,                 0,                 0,                 0,      0.4425044878,      0.3790132584,      0.9781105444,                 0,      0.6132542274
        1348,     0.06110831453,      -5.852399312,      -3.294150083,     -0.4378932818,                        10,      -3.972666566,               5,       -4.20166094,   3.485549855e-08,   1.502705273e-05,       1.726888493,       15.39711127,       14.33076587,         0.7091154871,          -0.709963148,                     0,      0.4379678679,      0.6884869781,                 0,       288.9075423,       274.4028779,                 0,       15034.05018,        12365.43749,                  0,        0.1812789848,         0.1569888525,                    0,          301401.8104,           301837.8333,                     0,           118.7173337,           -137.3420008,                      0,        118.7173291,         137.2891147,                   0,                90.42822105,                 182.6896615,                           0,            -7.734834151e-08,             -0.0007699893205,                          nan,                       0.761710373,                        1.330692983,                                nan,            299.990953,            300.4249349,                      0,            17151.35622,             16982.47152,                       0,      0.8945665268,      0.5482770399,                 0,                 0,                 0,      0.4425820501,      0.3793544227,      0.9782367839,                 0,      0.6128968874
        1349,     0.06109199459,      -5.844766036,        -3.2869959,     -0.4279781778,                        10,      -3.513660261,               6,      -4.679642749,   4.183081184e-08,   1.803134742e-05,       2.072266192,       18.47653352,       17.19691905,          0.709381502,         -0.7100963706,                     0,      0.4381810115,      0.6884812389,                 0,       288.8964778,       274.4007199,                 0,       15032.06355,        12365.39812,                  0,        0.1812619721,         0.1569895627,                    0,          301401.1083,           301835.1154,                     0,           118.7730171,           -137.3675735,                      0,        118.7730119,         137.3144432,                   0,                90.47025713,                 182.6666015,                           0,            -8.752539882e-08,             -0.0007733995281,                          nan,                        0.76170719,                        1.330279592,                                nan,           299.9902542,            300.4222296,                      0,            17151.24888,             16982.35999,                       0,      0.8949708336,      0.5481584614,                 0,                 0,                 0,      0.4426632149,      0.3797478952,      0.9783874631,                 0,      0.6124875144
        1350,     0.06107477624,      -5.828863883,      -3.279943781,      -0.407037107,                        10,      -3.105988976,               6,      -4.254798561,   5.020314861e-08,   2.163616129e-05,        2.48671943,       22.17184023,       20.63630286,         0.7096816748,         -0.7102325837,                     0,      0.4384208008,       0.688468411,                 0,       288.8837465,       274.3988598,                 0,       15029.81339,        12365.41295,                  0,         0.181242826,         0.1569907902,                    0,           301400.028,           301832.2024,                     0,           118.8358301,           -137.3933838,                      0,        118.8358241,         137.3399455,                   0,                90.51720011,                 182.6404872,                           0,            -1.017027398e-07,             -0.0007777361517,                          nan,                      0.7616996037,                        1.329842432,                                nan,           299.9891789,            300.4193303,                      0,            17151.11161,             16982.22253,                       0,      0.8954448394,      0.5480344372,                 0,                 0,                 0,      0.4427469372,      0.3802001114,      0.9785760471,                 0,      0.6120247871
        1351,     0.06202906664,      -5.812139405,      -3.274917274,     -0.3845930154,                        10,      -2.743525505,               7,      -4.617554606,   6.025280468e-08,   2.596148477e-05,       0.248671943,       2.217184023,       2.063630286,         0.7100227366,         -0.7103735763,                     0,      0.4386918574,      0.6884467518,                 0,       288.8690401,       274.3972466,                 0,       15027.25612,        12365.47179,                  0,        0.1812212135,         0.1569924335,                    0,           301398.485,           301828.9114,                     0,           118.9071236,           -137.4198834,                      0,        118.9071162,         137.3660649,                   0,                90.56974125,                 182.6102005,                           0,            -1.243702246e-07,             -0.0007831184462,                          nan,                      0.7616847851,                        1.329369089,                                nan,           299.9876431,            300.4160547,                      0,            17150.94183,             16982.02062,                       0,       0.896009263,      0.5479163868,                 0,                 0,                 0,      0.4428324126,      0.3807206326,      0.9788241753,                 0,      0.6115075027
        1352,     0.06200031183,      -5.799407052,      -3.272296969,      -0.366727748,                         4,      -4.667891787,               2,       -4.01712067,    6.02637549e-09,   2.595934926e-06,      0.2984063316,       2.660620827,       2.476356343,         0.7101064607,         -0.7103973249,                     0,      0.4387400707,      0.6884520635,                 0,       288.8699884,        274.397131,                 0,       15027.46308,        12365.43273,                  0,        0.1812231146,         0.1569920024,                    0,            301401.93,           301829.2093,                     0,           118.9198962,           -137.4250991,                      0,        118.9198891,          137.371142,                   0,                90.58048853,                 182.6082463,                           0,            -1.203122448e-07,             -0.0007851048024,                          nan,                      0.7616933487,                        1.329305731,                                nan,            299.991072,            300.4163512,                      0,            17151.66711,             16982.05422,                       0,         0.8960501,      0.5479128452,                 0,                 0,                 0,      0.4428391047,      0.3807552635,      0.9788461048,                 0,      0.6114756812
        1353,     0.06197230598,       -5.80790041,      -3.279986793,     -0.3800252609,                         4,      -4.257426115,               3,      -5.444632833,   7.231776287e-09,   3.115082025e-06,      0.3580875979,       3.192744993,       2.971627611,          0.710184172,         -0.7104274579,                     0,      0.4387915708,      0.6884572406,                 0,       288.8698581,       274.3971064,                 0,       15027.44139,        12365.41956,                  0,        0.1812229349,         0.1569918469,                    0,          301404.4171,           301829.6025,                     0,           118.9330266,           -137.4313539,                      0,          118.93302,         137.3772325,                   0,                90.59215393,                 182.6054707,                           0,            -1.107057426e-07,             -0.0007874586558,                          nan,                      0.7617073366,                        1.329226593,                                nan,           299.9935474,            300.4167426,                      0,            17152.16482,             16982.12315,                       0,      0.8961008009,       0.547907578,                 0,                 0,                 0,      0.4428470456,      0.3807987866,       0.978872639,                 0,      0.6114352062
        1354,      0.0619455172,      -5.817270755,      -3.288192507,     -0.3937190599,                         5,      -4.790801688,               3,      -5.065591266,   8.678312661e-09,   3.738041039e-06,      0.4297051175,       3.831293991,       3.565953133,          0.710257834,         -0.7104644326,                     0,       0.438847746,      0.6884620622,                 0,       288.8685225,       274.3971141,                 0,       15027.16732,        12365.42517,                  0,        0.1812204675,         0.1569919099,                    0,          301405.8851,            301830.011,                     0,           118.9469801,           -137.4387917,                      0,        118.9469743,         137.3844773,                   0,                90.60485285,                 182.6016381,                           0,            -9.744486584e-08,               -0.00079022262,                          nan,                      0.7617247381,                        1.329128601,                                nan,           299.9950086,            300.4171491,                      0,            17152.42195,             16982.21471,                       0,      0.8961644586,      0.5478995993,                 0,                 0,                 0,      0.4428565237,      0.3808542596,       0.978904868,                 0,      0.6113828706
        1355,     0.06191948518,      -5.827150015,      -3.297281371,     -0.4072858306,                         5,       -4.33328292,               3,      -4.699514669,   1.041423622e-08,   4.485565885e-06,       0.515646141,       4.597552789,        4.27914376,         0.7103322456,         -0.7105083523,                     0,      0.4389108312,      0.6884661817,                 0,       288.8659388,       274.3970805,                 0,       15026.64122,        12365.43882,                  0,        0.1812157439,          0.156992097,                    0,          301406.4033,           301830.3288,                     0,           118.9625407,           -137.4475168,                      0,        118.9625357,         137.3929799,                   0,                90.61879399,                 182.5964835,                           0,             -8.34226036e-08,             -0.0007934095023,                          nan,                      0.7617422865,                         1.32900883,                                nan,           299.9955243,            300.4174654,                      0,            17152.46159,             16982.30939,                       0,      0.8962450047,      0.5478880192,                 0,                 0,                 0,      0.4428679465,      0.3809253493,      0.9789444664,                 0,      0.6113150046
        1356,      0.0618949913,      -5.836480403,      -3.306899409,      -0.419239026,                         6,      -4.629079785,               3,      -4.347363299,   1.249745985e-08,     5.3825567e-06,      0.6187753693,       5.517063347,       5.134972512,         0.7104145609,         -0.7105589827,                     0,      0.4389837626,      0.6884691067,                 0,       288.8621661,       274.3969317,                 0,       15025.88871,        12365.44895,                  0,        0.1812090356,         0.1569923032,                    0,          301406.1829,           301830.4384,                     0,           118.9807293,           -137.4575722,                      0,        118.9807251,         137.4027855,                   0,                90.63431285,                 182.5897298,                           0,            -7.171483907e-08,             -0.0007969841096,                          nan,                      0.7617562661,                        1.328864834,                                nan,            299.995305,            300.4175745,                      0,            17152.34278,             16982.38428,                       0,      0.8963471267,      0.5478723748,                 0,                 0,                 0,      0.4428818239,      0.3810160649,      0.9789939064,                 0,      0.6112279033
        1357,     0.06187020552,      -5.844156462,        -3.3160829,      -0.428081314,                         6,      -4.155142248,               3,      -4.010092315,   1.499749491e-08,   6.458887003e-06,      0.7425304431,       6.620476017,       6.161967015,         0.7105127256,         -0.7106156993,                     0,      0.4390697453,      0.6884701883,                 0,       288.8573457,       274.3966037,                 0,       15024.95144,        12365.44573,                  0,        0.1812007561,         0.1569924402,                    0,          301405.5352,           301830.2216,                     0,           119.0026063,           -137.4689046,                      0,        119.0026025,         137.4138466,                   0,                90.65187954,                 182.5811148,                           0,            -6.463918489e-08,             -0.0008008637254,                          nan,                       0.761763841,                        1.328695174,                                nan,           299.9946603,            300.4173588,                      0,            17152.14564,              16982.4166,                       0,      0.8964760121,      0.5478528743,                 0,                 0,                 0,      0.4428986568,       0.381130407,      0.9790564973,                 0,      0.6111182752
        1358,     0.06184681111,       -5.84989244,      -3.323850048,     -0.4337197751,                         7,      -4.297582143,               4,      -4.799513219,   1.799777827e-08,   7.750396599e-06,      0.8910365317,        7.94457122,       7.394360418,         0.7106332821,         -0.7106772349,                     0,      0.4391716403,      0.6884685961,                 0,       288.8516457,       274.3960452,                 0,       15023.86966,        12365.42237,                  0,        0.1811912854,         0.1569924507,                    0,          301404.7815,           301829.5601,                     0,           119.0290192,            -137.481308,                      0,        119.0290154,         137.4259636,                   0,                90.67206135,                 182.5704236,                           0,            -6.305905587e-08,             -0.0008049577378,                          nan,                      0.7617643565,                        1.328500225,                                nan,           299.9939101,            300.4167004,                      0,            17151.94519,             16982.38499,                       0,      0.8966370054,      0.5478303554,                 0,                 0,                 0,      0.4429187201,      0.3812721191,      0.9791361442,                 0,      0.6109834326
        1359,     0.06182551721,      -5.854370522,      -3.329696142,     -0.4377890116,                         8,      -4.362444085,               4,      -4.398887482,   2.159846807e-08,   9.300084524e-06,       1.069243838,       9.533485464,       8.873232501,         0.7107796661,         -0.7107412936,                     0,      0.4392914416,      0.6884632712,                 0,        288.845184,       274.3952226,                 0,        15022.6649,        12365.37541,                  0,        0.1811808086,         0.1569923106,                    0,          301404.1473,           301828.3377,                     0,           119.0604228,           -137.4943572,                      0,        119.0604188,         137.4387125,                   0,                90.69543249,                  182.557518,                           0,            -6.610283854e-08,             -0.0008092475784,                          nan,                        0.76175973,                        1.328283093,                                nan,           299.9932789,            300.4154837,                      0,            17151.78634,             16982.26932,                       0,      0.8968353105,       0.547806029,                 0,                 0,                 0,      0.4429418067,      0.3814446071,      0.9792369638,                 0,      0.6108212094
        1360,     0.06180561866,      -5.858321475,       -3.33340486,     -0.4421455747,                         9,      -4.351240098,               4,      -4.020478796,   2.591980345e-08,   1.115954276e-05,       1.283092606,       11.44018256,         10.647879,         0.7109520403,         -0.7108045177,                     0,      0.4394300911,      0.6884529023,                 0,       288.8379828,       274.3941524,                 0,       15021.33441,         12365.3073,                  0,         0.181169279,         0.1569920418,                    0,          301403.7042,           301826.4735,                     0,           119.0968762,           -137.5073981,                      0,        119.0968719,         137.4514309,                   0,                90.72245391,                 182.5423472,                           0,            -7.147436754e-08,             -0.0008138597855,                          nan,                      0.7617534572,                        1.328049814,                                nan,           299.9928379,            300.4136282,                      0,            17151.67563,             16982.05367,                       0,      0.8970758311,      0.5477813321,                 0,                 0,                 0,      0.4429670224,      0.3816509008,      0.9793630708,                 0,      0.6106299079
        1361,     0.06178790492,      -5.860991195,      -3.334763446,     -0.4462310295,                        10,      -4.277351334,               5,      -4.508453262,   3.110614278e-08,   1.339067799e-05,       1.539711127,       13.72821907,        12.7774548,         0.7111487928,         -0.7108633739,                     0,      0.4395877019,       0.688436039,                 0,       288.8299697,       274.3929537,                 0,       15019.86001,         12365.2316,                  0,        0.1811565223,         0.1569917492,                    0,          301403.3833,           301823.9885,                     0,           119.1382253,           -137.5196863,                      0,        119.1382207,         137.4633568,                   0,                90.75335991,                 182.5249177,                           0,             -7.67298669e-08,              -0.000819053479,                          nan,                      0.7617484915,                        1.327807803,                                nan,           299.9925185,            300.4111549,                      0,            17151.59355,             16981.73518,                       0,       0.897363046,      0.5477583163,                 0,                 0,                 0,      0.4429925989,        0.38189332,      0.9795188112,                 0,      0.6104088181
        1362,     0.06177043067,      -5.859139451,      -3.334084934,     -0.4451096484,                        10,      -3.789088448,               5,      -4.100012807,   3.733081769e-08,   1.606777694e-05,       1.847653352,       16.47386288,       15.33294576,         0.7113687657,         -0.7109157255,                     0,      0.4397641317,      0.6884113656,                 0,       288.8210015,       274.3918512,                 0,       15018.22038,        12365.17356,                  0,         0.181142371,         0.1569916249,                    0,          301403.0287,           301821.0302,                     0,           119.1843881,           -137.5306725,                      0,        119.1843832,         137.4739229,                   0,                90.78811613,                 182.5051987,                           0,            -8.116339922e-08,             -0.0008250943802,                          nan,                      0.7617450682,                        1.327562311,                                nan,           299.9921655,            300.4082104,                      0,            17151.51447,             16981.32893,                       0,      0.8977009801,      0.5477407032,                 0,                 0,                 0,       0.443015609,      0.3821728109,      0.9797095846,                 0,      0.6101594132
        1363,     0.06175318585,      -5.849649664,      -3.332726397,     -0.4331655615,                        10,      -3.353848662,               6,      -4.550527025,    4.48019669e-08,    1.92799797e-05,       2.217184023,       19.76863546,       18.39953491,         0.7116129378,         -0.7109615504,                     0,       0.439959822,      0.6883778705,                 0,       288.8108819,       274.3910493,                 0,         15016.395,        12365.15498,                  0,        0.1811267004,         0.1569918287,                    0,          301402.4591,            301817.748,                     0,           119.2356132,           -137.5402289,                      0,         119.235608,         137.4829926,                   0,                90.82655906,                 182.4829607,                           0,            -8.658755923e-08,             -0.0008321110977,                          nan,                      0.7617402263,                         1.32731298,                                nan,           299.9915986,            300.4049435,                      0,            17151.41958,             16980.85011,                       0,      0.8980935691,      0.5477350249,                 0,                 0,                 0,      0.4430315412,      0.3824885461,       0.979942972,                 0,      0.6098863679
        1364,     0.06173568271,      -5.834541132,      -3.332464703,     -0.4122783005,                        10,      -2.967793131,               6,      -4.129146512,   5.376954513e-08,   2.313423668e-05,       2.217184023,       19.76863546,       18.39953491,         0.7118844996,         -0.7110013263,                     0,      0.4401765107,      0.6883345304,                 0,       288.7994169,       274.3905509,                 0,       15014.36408,        12365.16999,                  0,        0.1811093931,         0.1569922837,                    0,           301401.562,           301814.0699,                     0,           119.2925157,           -137.5485141,                      0,        119.2925099,         137.4907259,                   0,                90.86877383,                 182.4576523,                           0,            -9.623373742e-08,             -0.0008400833571,                          nan,                      0.7617307565,                        1.327054251,                                nan,           299.9907057,            300.4012827,                      0,            17151.30413,             16980.27614,                       0,      0.8985449864,       0.547751559,                 0,                 0,                 0,      0.4430338661,      0.3828376171,      0.9802296781,                 0,      0.6095983699
        1365,     0.06171868529,      -5.818705485,      -3.334426946,      -0.389237319,                        10,      -2.990249834,               6,      -4.131077611,   5.377811459e-08,   2.313237163e-05,       2.217184023,       19.76863546,       18.39953491,         0.7121581162,         -0.7110327322,                     0,      0.4403910625,      0.6882898388,                 0,       288.7887493,       274.3904415,                 0,       15012.51785,        12365.20125,                  0,        0.1810938122,         0.1569927228,                    0,          301401.3924,           301810.7202,                     0,           119.3486358,           -137.5552487,                      0,        119.3486293,         137.4968801,                   0,                90.91115098,                 182.4331095,                           0,            -1.080472265e-07,             -0.0008484770001,                          nan,                      0.7617276501,                        1.326816357,                                nan,           299.9905369,            300.3979486,                      0,            17151.37862,             16979.70518,                       0,       0.898969452,      0.5477917809,                 0,                 0,                 0,      0.4430198456,      0.3831508942,      0.9805188948,                 0,      0.6093552786
        1366,     0.06170123848,      -5.810511052,      -3.340834455,     -0.3760285327,                        10,      -3.003014517,               6,      -4.132148199,   5.378656888e-08,   2.313055913e-05,       2.660620827,       23.72236255,        22.0794419,         0.7124241542,         -0.7110553369,                     0,      0.4406013169,      0.6882433841,                 0,       288.7785262,       274.3904123,                 0,        15010.7388,        12365.20952,                  0,        0.1810787619,         0.1569928242,                    0,          301401.4715,           301807.3279,                     0,           119.4031454,           -137.5606148,                      0,        119.4031383,         137.5016465,                   0,                90.95341256,                  182.408872,                           0,             -1.19398849e-07,              -0.000857159277,                          nan,                      0.7617338529,                        1.326594093,                                nan,           299.9906156,            300.3945722,                      0,            17151.48683,             16979.07724,                       0,       0.899367752,      0.5478536944,                 0,                 0,                 0,      0.4429898665,      0.3834302124,      0.9808095105,                 0,      0.6091542566
        1367,     0.06168473509,      -5.807626255,      -3.349733844,     -0.3696520636,                        10,      -2.644850957,               7,      -4.472351587,    6.45538414e-08,   2.775452238e-05,      0.2660620827,       2.372236255,        2.20794419,         0.7127066777,          -0.711064885,                     0,      0.4408303598,      0.6881838133,                 0,       288.7667133,       274.3900448,                 0,       15008.63817,        12365.15038,                  0,         0.181060828,         0.1569922614,                    0,          301400.8569,           301802.5886,                     0,           119.4623307,           -137.5641371,                      0,        119.4623226,         137.5045153,                   0,                90.99941197,                 182.3803043,                           0,            -1.344627729e-07,             -0.0008666329868,                          nan,                      0.7617415263,                        1.326358657,                                nan,           299.9900039,            300.3898551,                      0,            17151.41971,             16978.16743,                       0,      0.8998192714,      0.5479605214,                 0,                 0,                 0,      0.4429324256,      0.3837246481,      0.9811681041,                 0,      0.6089673103
        1368,     0.06165686742,      -5.799378136,      -3.356625783,     -0.3564580933,                         4,      -4.544272571,               3,      -5.694089908,   6.456545158e-09,   2.775215596e-06,      0.3192744993,       2.846683506,       2.649533028,         0.7127753354,         -0.7110689852,                     0,       0.440870623,      0.6881825773,                 0,       288.7675478,       274.3904046,                 0,       15008.80666,        12365.17995,                  0,        0.1810623374,         0.1569924284,                    0,          301403.7878,           301802.9238,                     0,           119.4728416,           -137.5651256,                      0,        119.4728339,         137.5053165,                   0,                91.00860741,                 182.3789684,                           0,            -1.286339638e-07,             -0.0008693494677,                          nan,                      0.7617514748,                        1.326341214,                                nan,           299.9929211,            300.3901887,                      0,            17152.02253,              16978.2008,                       0,      0.8998542146,      0.5479771949,                 0,                 0,                 0,      0.4429321525,      0.3837423406,      0.9812025426,                 0,      0.6089621919
        1369,     0.06162901095,      -5.811057012,      -3.362297949,     -0.3729700472,                         4,      -4.136591464,               3,      -5.306761247,   7.747995774e-09,   3.330198792e-06,      0.3831293991,       3.416020207,       3.179439633,         0.7128380748,         -0.7110739248,                     0,      0.4409133827,      0.6881800078,                 0,       288.7674223,       274.3907689,                 0,       15008.76843,        12365.20954,                  0,         0.181061955,         0.1569925922,                    0,          301405.8444,           301803.1693,                     0,           119.4836083,           -137.5663216,                      0,        119.4836013,         137.5063017,                   0,                91.01845863,                 182.3768913,                           0,            -1.182166183e-07,             -0.0008724055243,                          nan,                      0.7617652771,                        1.326316605,                                nan,           299.9949681,             300.390433,                      0,            17152.41458,             16978.21643,                       0,      0.8998966162,      0.5479950234,                 0,                 0,                 0,      0.4429300914,      0.3837652661,      0.9812424197,                 0,      0.6089533104
        1370,     0.06160300532,      -5.823559956,      -3.367343934,     -0.3898744035,                         5,      -4.652065035,               3,      -4.931861805,   9.297796535e-09,   3.996155331e-06,      0.4597552789,       4.099224249,        3.81532756,         0.7128970294,         -0.7110793898,                     0,      0.4409598119,      0.6881756134,                 0,        288.766276,       274.3911079,                 0,       15008.51275,        12365.23386,                  0,        0.1810595893,          0.156992703,                    0,          301407.0236,           301803.2561,                     0,           119.4950494,           -137.5677088,                      0,        119.4950432,         137.5074542,                   0,                91.02904945,                 182.3738631,                           0,            -1.049993847e-07,             -0.0008758084484,                          nan,                      0.7617809663,                        1.326283467,                                nan,           299.9961417,            300.3905195,                      0,            17152.59555,             16978.20018,                       0,      0.8999481603,       0.548013584,                 0,                 0,                 0,      0.4429251784,      0.3837950206,      0.9812884191,                 0,      0.6089390569
        1371,     0.06157652996,      -5.835567176,      -3.372268903,     -0.4056366091,                         5,      -4.202790183,               3,      -4.570389678,    1.11576426e-08,   4.795271561e-06,      0.5517063347,       4.919069098,       4.578393072,         0.7129565293,         -0.7110848579,                     0,      0.4410116461,      0.6881688082,                 0,       288.7641379,       274.3913898,                 0,       15008.05276,        12365.24753,                  0,        0.1810553807,         0.1569927105,                    0,          301407.4443,           301803.1062,                     0,           119.5077987,           -137.5692302,                      0,        119.5077932,         137.5087168,                   0,                91.04053556,                 182.3696644,                           0,            -9.140163149e-08,             -0.0008795585427,                          nan,                       0.761795805,                        1.326240755,                                nan,           299.9965605,            300.3903703,                      0,            17152.59816,             16978.13637,                       0,      0.9000108197,      0.5480330821,                 0,                 0,                 0,      0.4429162363,      0.3838330488,      0.9813419003,                 0,      0.6089183265
        1372,     0.06155283926,      -5.845384876,      -3.377122305,     -0.4181746562,                         6,      -4.484423952,               3,      -4.223066859,   1.338957876e-08,   5.754168202e-06,      0.6620476017,       5.902882918,       5.494071686,         0.7130223023,          -0.711089504,                     0,      0.4410709119,      0.6881589213,                 0,       288.7611359,       274.3915821,                 0,       15007.42425,        12365.24588,                  0,        0.1810496806,         0.1569925739,                    0,          301407.3441,           301802.6346,                     0,            119.522585,           -137.5707619,                      0,        119.5225802,         137.5099656,                   0,                 91.0531542,                 182.3640903,                           0,            -7.968057925e-08,             -0.0008836583121,                          nan,                      0.7618071334,                        1.326188175,                                nan,           299.9964607,            300.3899009,                      0,            17152.48397,             16978.00911,                       0,       0.900086807,      0.5480547621,                 0,                 0,                 0,      0.4429020782,      0.3838803569,      0.9814051936,                 0,      0.6088910067
        1373,     0.06152871936,      -5.852253745,      -3.381800043,     -0.4265644185,                         6,      -4.024974981,               4,      -5.062801129,   1.606807399e-08,   6.904786341e-06,       0.794457122,       7.083459502,       6.592886023,         0.7130998282,         -0.7110920099,                     0,      0.4411394279,      0.6881451936,                 0,       288.7574671,       274.3916559,                 0,       15006.67515,        12365.22561,                  0,        0.1810429437,         0.1569922679,                    0,          301407.0216,           301801.7532,                     0,           119.5400274,           -137.5720737,                      0,        119.5400231,         137.5109692,                   0,                91.06719911,                 182.3569797,                           0,            -7.113542111e-08,             -0.0008881304592,                          nan,                      0.7618134639,                        1.326126787,                                nan,           299.9961398,            300.3890236,                      0,            17152.32631,             16977.80304,                       0,      0.9001785494,      0.5480811117,                 0,                 0,                 0,      0.4428815804,      0.3839373679,      0.9814817488,                 0,      0.6088582228
        1374,     0.06150662058,       -5.85716565,      -3.386456325,     -0.4322104409,                         7,      -4.153919278,               4,      -4.646986027,   1.928251292e-08,   8.285450851e-06,      0.9533485464,       8.500151402,       7.911463228,         0.7131924783,         -0.7110904057,                     0,      0.4412182408,      0.6881267576,                 0,       288.7533377,       274.3915973,                 0,       15005.84924,        12365.18578,                  0,        0.1810355688,         0.1569917884,                    0,          301406.7461,           301800.3824,                     0,           119.5604283,           -137.5727957,                      0,        119.5604244,         137.5113532,                   0,                91.08295043,                 182.3482379,                           0,            -6.571376909e-08,             -0.0008930357506,                          nan,                      0.7618152154,                        1.326059511,                                nan,           299.9958656,            300.3876592,                      0,            17152.18594,             16977.50436,                       0,      0.9002887729,      0.5481157649,                 0,                 0,                 0,      0.4428536938,      0.3840040484,      0.9815761087,                 0,      0.6088221706
        1375,     0.06148557464,      -5.861660611,      -3.391465487,     -0.4373100066,                         8,      -4.204085194,               4,      -4.253325742,   2.314018819e-08,   9.942146678e-06,       1.144018256,       10.20018168,       9.493755874,         0.7133005254,         -0.7110821584,                     0,      0.4413072942,      0.6881026336,                 0,       288.7488909,       274.3914323,                 0,       15004.97238,        12365.12993,                  0,        0.1810277779,         0.1569911653,                    0,          301406.6644,           301798.4773,                     0,           119.5836871,            -137.572424,                      0,        119.5836834,         137.5106075,                   0,                91.10056969,                 182.3378433,                           0,            -6.223922633e-08,             -0.0008984736051,                          nan,                      0.7618143805,                        1.325991111,                                nan,           299.9957843,            300.3857631,                      0,            17152.09187,             16977.10358,                       0,      0.9004207486,      0.5481633905,                 0,                 0,                 0,      0.4428174418,      0.3840801711,      0.9816939693,                 0,      0.6087858274
        1376,     0.06146659361,      -5.865408505,      -3.396947301,     -0.4415822829,                         9,      -4.179773791,               5,      -4.776217952,   2.776989409e-08,   1.193004999e-05,       1.372821907,       12.24021802,       11.39250705,         0.7134217228,         -0.7110646546,                     0,      0.4414055327,      0.6880717863,                 0,       288.7441709,       274.3912488,                 0,       15004.05013,        12365.06804,                  0,        0.1810196103,         0.1569904745,                    0,          301406.7687,           301796.0564,                     0,           119.6094016,           -137.5704003,                      0,        119.6093981,         137.5081667,                   0,                91.12001053,                 182.3258251,                           0,            -5.922567725e-08,             -0.0009045485428,                          nan,                      0.7618131351,                        1.325927248,                                nan,           299.9958881,            300.3833535,                      0,            17152.03971,             16976.59883,                       0,      0.9005785908,      0.5482298416,                 0,                 0,                 0,       0.442771933,      0.3841654617,        0.98184248,                 0,      0.6087529142
        1377,     0.06145074637,      -5.865646805,       -3.40254957,     -0.4413173795,                        10,       -4.10713927,               5,      -4.350042808,   3.332624171e-08,   1.431536482e-05,       1.647386288,       14.68826162,       13.67100846,         0.7135530117,         -0.7110358262,                     0,        0.44151136,      0.6880332458,                 0,        288.739147,       274.3911825,                 0,       15003.07813,        12365.01421,                  0,         0.181011033,         0.1569898171,                    0,          301406.9456,           301793.1946,                     0,           119.6370812,           -137.5662429,                      0,        119.6370779,         137.5035459,                   0,                91.14100627,                 182.3122108,                           0,            -5.590406782e-08,             -0.0009113095906,                          nan,                      0.7618123737,                        1.325872796,                                nan,           299.9960641,            300.3805051,                      0,            17152.00828,             16975.99463,                       0,      0.9007671088,      0.5483224857,                 0,                 0,                 0,      0.4427162263,      0.3842592816,      0.9820304156,                 0,      0.6087283608
        1378,     0.06143571595,      -5.859928293,      -3.407768911,     -0.4329436768,                        10,      -3.642051727,               6,      -4.835443607,   3.999483868e-08,   1.717752804e-05,       1.976863546,       17.62591395,       16.40521015,         0.7136918968,         -0.7109942856,                     0,      0.4416230647,      0.6879861963,                 0,       288.7337924,       274.3913452,                 0,       15002.05804,        12364.97754,                  0,        0.1810020823,         0.1569892446,                    0,          301407.0796,           301789.9522,                     0,            119.666284,           -137.5596328,                      0,        119.6662809,         137.4964299,                   0,                91.16316306,                 182.2969636,                           0,            -5.269022696e-08,              -0.000918705622,                          nan,                       0.761811618,                        1.325830523,                                nan,           299.9961975,            300.3772778,                      0,            17151.98201,             16975.29084,                       0,      0.9009907622,      0.5484504272,                 0,                 0,                 0,      0.4426487792,      0.3843596608,       0.982267721,                 0,      0.6087192569
        1379,     0.06142213797,      -5.848519814,      -3.412290771,      -0.416560584,                        10,      -3.234020051,               6,      -4.400010725,   4.799850416e-08,   2.061185847e-05,       2.372236255,       21.15109674,       19.68625218,          0.713836199,         -0.7109384138,                     0,      0.4417387542,      0.6879298874,                 0,       288.7281835,       274.3917333,                 0,       15001.01012,        12364.95045,                  0,        0.1809929549,         0.1569886628,                    0,          301407.1536,            301786.267,                     0,           119.6965151,           -137.5503241,                      0,        119.6965121,         137.4865815,                   0,                91.18609933,                 182.2799637,                           0,            -5.061492692e-08,             -0.0009266118486,                          nan,                      0.7618108308,                        1.325801848,                                nan,           299.9962711,            300.3736099,                      0,            17151.96479,             16974.46544,                       0,      0.9012508535,      0.5486241047,                 0,                 0,                 0,       0.442565843,        0.38446131,      0.9825634892,                 0,      0.6087362943
        1380,     0.06140781419,      -5.832621699,      -3.415776364,     -0.3939656707,                        10,      -2.876169075,               6,      -4.001131692,   5.760472198e-08,   2.473273763e-05,      0.2372236255,       2.115109674,       1.968625218,         0.7139822432,         -0.7108646838,                     0,      0.4418555867,       0.687863352,                 0,       288.7225761,       274.3922088,                 0,       14999.97964,        12364.90691,                  0,        0.1809840366,         0.1569878209,                    0,          301407.2891,           301781.9132,                     0,           119.7269034,           -137.5378424,                      0,        119.7269004,         137.4735326,                   0,                91.20947103,                 182.2611028,                           0,            -5.028627681e-08,             -0.0009349393588,                          nan,                      0.7618126817,                        1.325790495,                                nan,            299.996406,            300.3692765,                      0,            17151.97939,             16973.46805,                       0,      0.9015421155,      0.5488564666,                 0,                 0,                 0,      0.4424593818,      0.3845521925,      0.9829248283,                 0,      0.6087973676
        1381,     0.06138182634,       -5.81157703,      -3.417171418,      -0.365094833,                         4,      -4.789004233,               2,      -4.083130303,   5.761214281e-09,   2.473118811e-06,      0.2846683506,       2.538131608,       2.362350262,         0.7140162091,         -0.7108555941,                     0,      0.4418745632,      0.6878570879,                 0,       288.7227463,       274.3928658,                 0,       15000.03359,         12364.9913,                  0,        0.1809845809,         0.1569885141,                    0,          301408.4396,            301782.192,                     0,           119.7322385,           -137.5357506,                      0,        119.7322356,         137.4712934,                   0,                91.21320809,                  182.260197,                           0,            -4.737563075e-08,             -0.0009370966669,                          nan,                       0.761809947,                        1.325805501,                                nan,           299.9975511,             300.369554,                      0,            17152.23485,             16973.50069,                       0,       0.901568514,       0.548881527,                 0,                 0,                 0,      0.4424560063,      0.3845580056,      0.9829607603,                 0,      0.6088073379
        1382,     0.06135544873,      -5.818199622,      -3.420718395,     -0.3747791954,                         4,      -4.374151005,               3,      -5.549119494,   6.913552001e-09,   2.967700091e-06,      0.3416020207,        3.04575793,       2.834820314,         0.7140480557,         -0.7108438682,                     0,      0.4418947881,      0.6878494699,                 0,       288.7225441,       274.3934788,                 0,       15000.00765,        12365.06124,                  0,        0.1809843947,         0.1569890484,                    0,          301409.2654,           301782.3245,                     0,           119.7377013,           -137.5333134,                      0,        119.7376987,         137.4686952,                   0,                91.21731904,                 182.2589439,                           0,            -4.347407068e-08,             -0.0009394526135,                          nan,                      0.7618095221,                        1.325821444,                                nan,           299.9983731,            300.3696858,                      0,            17152.41172,             16973.49483,                       0,       0.901599809,      0.5489102956,                 0,                 0,                 0,      0.4424505212,      0.3845654665,      0.9830026095,                 0,      0.6088181144
        1383,     0.06132973938,      -5.826848757,      -3.423445376,     -0.3865530738,                         5,      -4.934567342,               3,      -5.167608291,   8.296396761e-09,   3.561181951e-06,      0.4099224249,       3.654909516,       3.401784377,         0.7140780609,         -0.7108289811,                     0,      0.4419165428,      0.6878401449,                 0,       288.7219405,        274.394041,                 0,       14999.89525,         12365.1141,                  0,        0.1809834168,         0.1569893944,                    0,          301409.7507,           301782.2772,                     0,           119.7433792,           -137.5304529,                      0,        119.7433768,         137.4656611,                   0,                91.22183507,                 182.2572521,                           0,            -3.891845179e-08,             -0.0009419952266,                          nan,                      0.7618111121,                          1.3258384,                                nan,           299.9988561,            300.3696388,                      0,            17152.50535,              16973.4419,                       0,      0.9016366715,      0.5489429677,                 0,                 0,                 0,      0.4424417159,      0.3845749907,      0.9830509375,                 0,      0.6088294598
        1384,     0.06130436505,      -5.836897023,       -3.42553573,     -0.3997421167,                         5,      -4.470621853,               3,      -4.799161192,   9.955865975e-09,   4.273339686e-06,      0.4919069098,       4.385891419,       4.082141252,         0.7141073423,         -0.7108103803,                     0,       0.441940281,      0.6878287091,                 0,       288.7209437,       274.3945448,                 0,       14999.69953,        12365.14843,                  0,        0.1809816803,          0.156989538,                    0,          301409.9272,           301782.0121,                     0,           119.7494377,           -137.5270733,                      0,        119.7494356,         137.4620959,                   0,                 91.2267971,                 182.2550216,                           0,            -3.417623584e-08,             -0.0009447162828,                          nan,                      0.7618140046,                         1.32585656,                                nan,           299.9990318,            300.3693749,                      0,            17152.52398,             16973.33418,                       0,      0.9016797503,      0.5489802586,                 0,                 0,                 0,       0.442428125,       0.384586661,      0.9831067067,                 0,      0.6088417294
        1385,     0.06127861421,      -5.846893509,      -3.427237787,     -0.4126107006,                         5,       -4.03419538,               3,      -4.444834454,    1.19472634e-08,   5.127902509e-06,      0.5902882918,       5.263069703,       4.898569502,          0.714137681,         -0.7107873184,                     0,      0.4419665352,      0.6878146919,                 0,        288.719609,       274.3949714,                 0,       14999.43471,        12365.16295,                  0,        0.1809793216,         0.1569894741,                    0,          301409.8802,           301781.4736,                     0,           119.7560853,           -137.5230355,                      0,        119.7560835,         137.4578597,                   0,                91.23225475,                 182.2521504,                           0,            -2.971578084e-08,             -0.0009476277734,                          nan,                       0.761817288,                        1.325876533,                                nan,           299.9989849,             300.368839,                      0,            17152.48929,             16973.16329,                       0,       0.901729653,      0.5490237577,                 0,                 0,                 0,      0.4424081285,      0.3845999972,      0.9831715495,                 0,      0.6088562751
        1386,     0.06125578623,      -5.855271057,      -3.428962932,     -0.4231603653,                         6,      -4.296030754,               3,       -4.10558518,    1.43370071e-08,   6.153344014e-06,      0.7083459502,       6.315683644,       5.878283403,         0.7141709329,         -0.7107585364,                     0,      0.4419957016,      0.6877974967,                 0,       288.7180391,       274.3952843,                 0,       14999.12399,        12365.15543,                  0,        0.1809765566,         0.1569891953,                    0,           301409.737,           301780.5775,                     0,           119.7634905,           -137.5181084,                      0,         119.763489,         137.4527178,                   0,                91.23825343,                 182.2485412,                           0,            -2.585911796e-08,             -0.0009507858795,                          nan,                      0.7618202692,                        1.325899874,                                nan,           299.9988424,             300.367947,                      0,            17152.43187,             16972.91771,                       0,      0.9017869821,      0.5490761138,                 0,                 0,                 0,      0.4423800617,      0.3846138738,      0.9832479382,                 0,      0.6088756267
        1387,     0.06123414805,      -5.861549547,      -3.431288856,     -0.4306552355,                         7,      -4.451970354,               4,      -4.911708311,   1.720482665e-08,   7.383830526e-06,      0.8500151402,       7.578820372,       7.053940083,         0.7142081635,         -0.7107219799,                     0,      0.4420277405,      0.6877763066,                 0,       288.7163666,       274.3954433,                 0,       14998.79415,        12365.12323,                  0,        0.1809736252,         0.1569886911,                    0,           301409.634,           301779.2187,                     0,           119.7716735,           -137.5119183,                      0,        119.7716722,         137.4462882,                   0,                91.24480157,                 182.2441069,                           0,            -2.269195376e-08,             -0.0009543103355,                          nan,                       0.761822891,                        1.325929636,                                nan,           299.9987399,            300.3665946,                      0,            17152.38194,             16972.58202,                       0,       0.901852462,        0.54914102,                 0,                 0,                 0,      0.4423422852,       0.384626629,      0.9833392494,                 0,      0.6089033884
        1388,     0.06121384579,      -5.866548083,      -3.434675211,     -0.4360015535,                         8,      -4.524841169,               4,      -4.506824343,   2.064638723e-08,   8.860358861e-06,       1.020018168,       9.094584447,         8.4647281,          0.714248907,         -0.7106749072,                     0,      0.4420619055,      0.6877500308,                 0,       288.7147271,       274.3954472,                 0,       14998.46919,        12365.06733,                  0,         0.180970732,         0.1569879749,                    0,          301409.6747,            301777.314,                     0,           119.7804207,           -137.5039448,                      0,        119.7804195,         137.4380388,                   0,                91.25181832,                 182.2387733,                           0,            -2.008553146e-08,             -0.0009583752922,                          nan,                      0.7618258371,                        1.325970415,                                nan,           299.9987804,            300.3646988,                      0,            17152.35933,             16972.14161,                       0,      0.9019271368,      0.5492231429,                 0,                 0,                 0,      0.4422931812,      0.3846362652,       0.983449828,                 0,      0.6089440271
        1389,     0.06119407827,      -5.870537886,      -3.438998935,     -0.4395011145,                         8,      -4.036414436,               4,      -4.124926648,   2.477650224e-08,   1.063212116e-05,       1.224021802,       10.91350134,       10.15767372,         0.7142910146,         -0.7106146021,                     0,      0.4420966412,      0.6877174016,                 0,        288.713234,       274.3953827,                 0,        14998.1669,        12364.99796,                  0,        0.1809680205,         0.1569871264,                    0,          301409.8976,           301774.8632,                     0,           119.7892766,           -137.4936147,                      0,        119.7892755,         137.4273849,                   0,                  91.259076,                 182.2324774,                           0,            -1.782986525e-08,             -0.0009631545632,                          nan,                      0.7618301021,                        1.326027396,                                nan,           299.9990023,            300.3622595,                      0,             17152.3685,             16971.59162,                       0,      0.9020125703,      0.5493283726,                 0,                 0,                 0,      0.4422311135,      0.3846404573,      0.9835853072,                 0,      0.6090030125
        1390,     0.06117590927,       -5.87124442,      -3.443320644,     -0.4383786104,                         9,      -4.013232287,               5,      -4.631788405,    2.97329654e-08,   1.275814245e-05,       1.468826162,        13.0962016,       12.18920846,         0.7143312001,         -0.7105393653,                     0,      0.4421297046,      0.6876772609,                 0,       288.7119745,       274.3954227,                 0,        14997.9009,        12364.93481,                  0,        0.1809656004,          0.156986296,                    0,          301410.2788,           301771.9686,                     0,           119.7976176,           -137.4804804,                      0,        119.7976166,         137.4138731,                   0,                   91.26617,                 182.2251572,                           0,            -1.580003739e-08,             -0.0009687353794,                          nan,                      0.7618362748,                        1.326104512,                                nan,           299.9993817,            300.3593784,                      0,            17152.40209,             16970.94151,                       0,      0.9021108469,      0.5494644562,                 0,                 0,                 0,      0.4421543529,      0.3846361687,      0.9837531126,                 0,      0.6090875175
        1391,      0.0611588852,      -5.865302098,      -3.446145605,     -0.4287066314,                        10,      -3.948305126,               5,      -4.226320918,   3.568114981e-08,    1.53092472e-05,       1.762591395,       15.71544192,       14.62705016,         0.7143657686,         -0.7104489512,                     0,      0.4421583694,      0.6876288811,                 0,       288.7110393,       274.3957403,                 0,       14997.68773,        12364.89637,                  0,        0.1809636144,         0.1569856186,                    0,           301410.773,           301768.7646,                     0,           119.8047294,             -137.46437,                      0,        119.8047286,         137.3973361,                   0,                91.27254451,                 182.2167317,                           0,            -1.401580241e-08,              -0.000975053086,                          nan,                      0.7618442575,                        1.326202799,                                nan,           299.9998736,            300.3561894,                      0,            17152.45118,             16970.20524,                       0,      0.9022243784,      0.5496419642,                 0,                 0,                 0,      0.4420611226,      0.3846189122,      0.9839631142,                 0,      0.6092076177
        1392,     0.06114266849,      -5.852162879,      -3.446077965,     -0.4103137917,                        10,      -3.508713571,               6,      -4.709352776,   4.281952911e-08,   1.837042363e-05,       2.115109674,       18.85853031,       17.55246019,         0.7143906893,         -0.7103438435,                     0,      0.4421793947,      0.6875720638,                 0,       288.7105844,       274.3963868,                 0,       14997.55627,        12364.88384,                  0,        0.1809623133,           0.15698508,                    0,          301411.3767,            301765.291,                     0,             119.80977,           -137.4453652,                      0,        119.8097693,         137.3778697,                   0,                91.27755036,                 182.2070965,                           0,            -1.252764315e-08,             -0.0009819010882,                          nan,                      0.7618539868,                        1.326320584,                                nan,           300.0004744,            300.3527321,                      0,            17152.51567,             16969.38082,                       0,      0.9023555272,      0.5498748042,                 0,                 0,                 0,      0.4419498524,      0.3845821392,      0.9842278069,                 0,      0.6093771109
        1393,     0.06112609584,      -5.834396797,      -3.442424298,     -0.3868162745,                        10,      -3.124757952,               6,      -4.301251625,   5.138630757e-08,   2.204366768e-05,       2.538131608,       22.63023637,       21.06295223,         0.7144006406,         -0.7102236499,                     0,      0.4421884954,      0.6875068908,                 0,       288.7108953,        274.397245,                 0,       14997.55571,        12364.87481,                  0,        0.1809621117,         0.1569844632,                    0,          301412.1681,           301761.4231,                     0,           119.8115722,           -137.4235475,                      0,        119.8115715,         137.3555731,                   0,                91.28043397,                  182.196183,                           0,             -1.12907137e-08,             -0.0009890240275,                          nan,                      0.7618665943,                        1.326456429,                                nan,           300.0012622,            300.3488823,                      0,            17152.60802,             16968.43808,                       0,       0.902504499,      0.5501785183,                 0,                 0,                 0,      0.4418188062,      0.3845165951,      0.9845596786,                 0,      0.6096130478
        1394,     0.06110931011,      -5.814291002,      -3.434957621,     -0.3611728591,                        10,      -2.789682561,               7,      -4.678399528,   6.166738243e-08,   2.645140011e-05,      0.2538131608,       2.263023637,       2.106295223,         0.7143876874,          -0.710085654,                     0,      0.4421794752,      0.6874332833,                 0,        288.712408,       274.3981166,                 0,       14997.75813,        12364.83632,                  0,        0.1809636059,         0.1569834645,                    0,          301413.2846,           301756.9337,                     0,           119.8084104,           -137.3986329,                      0,        119.8084098,         137.3301746,                   0,                91.28016523,                 182.1840872,                           0,            -1.029742924e-08,               -0.00099624335,                          nan,                       0.761884457,                        1.326613672,                                nan,           300.0023734,            300.3444139,                      0,            17152.74735,             16967.32995,                       0,      0.9026636068,      0.5505667813,                 0,                 0,                 0,      0.4416641369,      0.3844078783,       0.984964949,                 0,      0.6099357248
        1395,     0.06108193209,      -5.791755717,      -3.423288958,     -0.3332777937,                         4,      -4.654117833,               2,      -4.015308034,   6.167158131e-09,   2.645047224e-06,       0.304575793,       2.715628365,       2.527554267,         0.7143828214,         -0.7100668516,                     0,      0.4421758624,      0.6874240068,                 0,       288.7121238,       274.3988808,                 0,       14997.71311,        12364.95228,                  0,        0.1809632409,         0.1569844976,                    0,          301412.8025,           301757.0989,                     0,           119.8078359,            -137.394329,                      0,        119.8078353,         137.3257455,                   0,                91.27876636,                 182.1836743,                           0,            -9.715576121e-09,             -0.0009980963727,                          nan,                      0.7618764342,                        1.326653452,                                nan,           300.0018936,            300.3445783,                      0,            17152.65895,             16967.35969,                       0,      0.9026797257,      0.5506019678,                 0,                 0,                 0,      0.4416577478,      0.3843993778,      0.9850027068,                 0,      0.6099638135
        1396,     0.06105515533,      -5.800738909,      -3.426234577,      -0.346232277,                         4,      -4.242753466,               3,      -5.448633584,   7.400631864e-09,    3.17402016e-06,      0.3654909516,       3.258754037,       3.033065121,         0.7143782712,         -0.7100430682,                     0,      0.4421717875,      0.6874131364,                 0,       288.7119767,       274.3995447,                 0,       14997.69415,        12365.04101,                  0,        0.1809631044,          0.156985242,                    0,          301412.4398,           301757.0357,                     0,           119.8071631,           -137.3893249,                      0,        119.8071625,         137.3206108,                   0,                91.27729582,                 182.1830628,                           0,            -9.046648985e-09,              -0.001000033298,                          nan,                      0.7618684383,                        1.326698605,                                nan,           300.0015326,            300.3445154,                      0,            17152.59562,             16967.32918,                       0,      0.9026985149,      0.5506433327,                 0,                 0,                 0,      0.4416484457,      0.3843892575,      0.9850469975,                 0,       0.609996941
        1397,     0.06102986116,      -5.813017601,      -3.428360715,     -0.3629250016,                         5,      -4.767311875,               3,      -5.073072327,   8.880820195e-09,   3.808775724e-06,      0.4385891419,       3.910504845,       3.639678145,         0.7143733722,         -0.7100137361,                     0,      0.4421668061,       0.687400314,                 0,       288.7120115,       274.4001209,                 0,       14997.70846,        12365.10245,                  0,        0.1809632552,         0.1569856899,                    0,          301412.2206,           301756.7313,                     0,           119.8062415,           -137.3835134,                      0,         119.806241,         137.3146655,                   0,                91.27572053,                 182.1821938,                           0,            -8.196628709e-09,               -0.00100202301,                          nan,                      0.7618611496,                        1.326749719,                                nan,           300.0013144,            300.3442124,                      0,            17152.56108,             16967.23315,                       0,       0.902720037,      0.5506919546,                 0,                 0,                 0,       0.441634783,      0.3843769135,      0.9850987171,                 0,      0.6100362593
        1398,     0.06100461315,      -5.827855045,      -3.430049253,     -0.3826982394,                         5,      -4.307655737,               3,      -4.711260662,   1.065707571e-08,   4.570468607e-06,      0.5263069703,       4.692605814,       4.367613774,          0.714366928,         -0.7099783648,                     0,      0.4421601991,      0.6873851634,                 0,       288.7122757,       274.4006236,                 0,       14997.76267,        12365.13873,                  0,        0.1809637437,         0.1569858602,                    0,          301412.1575,           301756.1731,                     0,           119.8048372,           -137.3767798,                      0,        119.8048368,         137.3077961,                   0,                91.27396395,                 182.1810064,                           0,            -7.105385724e-09,              -0.001004046964,                          nan,                      0.7618554175,                        1.326807447,                                nan,           300.0012516,            300.3436568,                      0,            17152.55556,             16967.06909,                       0,      0.9027440836,      0.5507496606,                 0,                 0,                 0,      0.4416150565,      0.3843610727,      0.9851591926,                 0,      0.6100839325
        1399,     0.06098124886,      -5.843242143,      -3.431765762,     -0.4032432996,                         6,      -4.584521271,               3,      -4.364272304,   1.278862593e-08,   5.484485564e-06,      0.6315683644,       5.631126977,       5.241136528,         0.7143571885,         -0.7099362798,                     0,      0.4421509194,      0.6873672738,                 0,       288.7128192,       274.4010517,                 0,       14997.86313,        12365.15183,                  0,        0.1809646152,         0.1569857795,                    0,          301412.2488,            301755.329,                     0,           119.8026266,           -137.3689713,                      0,        119.8026263,         137.2998491,                   0,                91.27188368,                 182.1794441,                           0,            -5.778537315e-09,              -0.001006119558,                          nan,                      0.7618521106,                        1.326872865,                                nan,           300.0013425,            300.3428167,                      0,            17152.57564,             16966.83387,                       0,      0.9027701351,      0.5508192377,                 0,                 0,                 0,      0.4415874551,      0.3843396331,      0.9852303263,                 0,      0.6101433979
        1400,     0.06095748387,      -5.856860273,      -3.433933531,     -0.4215038837,                         6,      -4.116649745,               3,      -4.033045717,   1.534654974e-08,   6.581292609e-06,      0.7578820372,       6.757352372,       6.289363834,         0.7143419317,          -0.709886257,                     0,      0.4421375568,      0.6873461272,                 0,       288.7136992,       274.4013842,                 0,       14998.01736,         12365.1418,                  0,        0.1809659246,         0.1569854604,                    0,          301412.4819,           301754.1373,                     0,            119.799201,           -137.3598475,                      0,        119.7992007,         137.2905795,                   0,                91.26924821,                 182.1774583,                           0,            -4.326303205e-09,              -0.001008308811,                          nan,                      0.7618518961,                        1.326947989,                                nan,           300.0015745,            300.3416306,                      0,            17152.61548,             16966.52007,                       0,      0.9027974403,      0.5509044278,                 0,                 0,                 0,      0.4415502297,      0.3843097295,      0.9853146395,                 0,      0.6102193064
        1401,     0.06187111983,      -5.867880934,      -3.436716223,     -0.4358623257,                         7,      -4.263319834,               4,      -4.817089093,   1.841614913e-08,   7.897451208e-06,      0.9094584447,       8.108822846,       7.547236601,         0.7143186253,          -0.709826369,                     0,       0.442118328,      0.6873210061,                 0,       288.7149863,        274.401603,                 0,        14998.2361,        12365.10798,                  0,        0.1809677571,         0.1569849051,                    0,          301412.8392,           301752.5241,                     0,            119.794079,           -137.3490485,                      0,        119.7940789,          137.279619,                   0,                91.26571703,                 182.1750051,                           0,            -3.007816773e-09,              -0.001010737781,                          nan,                      0.7618549923,                        1.327036063,                                nan,           300.0019301,             300.340025,                      0,            17152.66916,             16966.11626,                       0,      0.9028251874,       0.551009661,                 0,                 0,                 0,      0.4415018113,      0.3842680315,       0.985415164,                 0,      0.6103171119
        1402,     0.06184943172,       -5.87723897,      -3.439759722,     -0.4468346264,                         8,      -4.334449368,               4,      -4.423981712,   2.209979488e-08,   9.476836537e-06,       1.091350134,       9.730587416,       9.056683921,         0.7142845747,         -0.7097543787,                     0,      0.4420910863,      0.6872909692,                 0,       288.7167705,       274.4017419,                 0,       14998.53505,        12365.05428,                  0,        0.1809702459,         0.1569841437,                    0,          301413.3044,           301750.4553,                     0,           119.7867211,           -137.3361326,                      0,         119.786721,         137.2665168,                   0,                91.26083079,                 182.1720337,                           0,            -2.242846908e-09,              -0.001013544895,                          nan,                      0.7618609981,                        1.327141083,                                nan,           300.0023931,            300.3379658,                      0,            17152.73272,             16965.61379,                       0,      0.9028525927,      0.5511397998,                 0,                 0,                 0,       0.441440818,       0.384210969,      0.9855352933,                 0,      0.6104427282
        1403,     0.06183002991,      -5.884790996,       -3.44200375,     -0.4538915699,                         9,      -4.319983214,               4,      -4.054974847,   2.652034099e-08,   1.137209784e-05,        1.30962016,        11.6767049,       10.86802071,         0.7142369987,         -0.7096686277,                     0,       0.442053374,      0.6872549942,                 0,       288.7191604,        274.401918,                 0,       14998.93475,        12364.99381,                  0,        0.1809735706,          0.156983275,                    0,          301413.8649,           301747.9824,                     0,           119.7765421,           -137.3207036,                      0,         119.776542,         137.2508717,                   0,                91.25402251,                 182.1684718,                           0,            -2.522646758e-09,              -0.001016805151,                          nan,                      0.7618689021,                         1.32726641,                                nan,           300.0029511,            300.3355045,                      0,            17152.80453,             16965.01513,                       0,      0.9028785487,      0.5513000287,                 0,                 0,                 0,      0.4413658823,      0.3841345195,      0.9856784802,                 0,      0.6106026436
        1404,     0.06181260712,      -5.886633257,      -3.441794674,      -0.452397345,                        10,      -4.254759909,               5,       -4.55863105,   3.182522124e-08,   1.364641057e-05,       1.571544192,       14.01204588,       13.04162485,         0.7141729274,         -0.7095687403,                     0,      0.4420024792,      0.6872122651,                 0,       288.7222886,        274.402293,                 0,        14999.4601,         12364.9451,                  0,        0.1809779485,         0.1569824409,                    0,          301414.5204,           301745.2205,                     0,           119.7629006,           -137.3025592,                      0,        119.7629003,         137.2324858,                   0,                91.24466683,                 182.1642174,                           0,            -4.227768802e-09,              -0.001020455768,                          nan,                      0.7618775647,                        1.327413232,                                nan,           300.0036034,            300.3327555,                      0,            17152.88539,             16964.33299,                       0,      0.9029004321,      0.5514959549,                 0,                 0,                 0,       0.441275241,      0.3840331982,      0.9858475954,                 0,       0.610804841
        1405,     0.06179483706,      -5.877744888,      -3.437533443,     -0.4373236688,                        10,      -3.781120947,               5,      -4.175261058,    3.81913647e-08,    1.63755824e-05,       1.885853031,       16.81445505,       15.64994982,         0.7140886671,         -0.7094553553,                     0,      0.4419352829,      0.6871624187,                 0,       288.7263507,        274.402966,                 0,        15000.1442,        12364.91877,                  0,        0.1809836562,         0.1569817186,                    0,          301415.3151,           301742.2496,                     0,           119.7449946,           -137.2817311,                      0,        119.7449941,         137.2114053,                   0,                91.23214706,                 182.1591599,                           0,            -7.499126875e-09,              -0.001024285247,                          nan,                      0.7618869393,                        1.327580309,                                nan,           300.0043944,            300.3297985,                      0,            17152.98132,             16963.57566,                       0,      0.9029121802,      0.5517340039,                 0,                 0,                 0,      0.4411662053,      0.3838982885,      0.9860440763,                 0,      0.6110605395
        1406,     0.06177911557,      -5.858092703,      -3.428619924,     -0.4103984813,                        10,      -3.365157912,               6,      -4.664705673,   4.583109617e-08,   1.965058948e-05,       2.263023637,       20.17734607,       18.77993978,         0.7139786076,         -0.7093288675,                     0,      0.4418475544,      0.6871055602,                 0,       288.7316756,       274.4038903,                 0,       15001.03827,          12364.906,                  0,        0.1809911057,         0.1569810231,                    0,          301416.3757,           301739.0232,                     0,           119.7216117,           -137.2583344,                      0,        119.7216109,         137.1877651,                   0,                91.21581755,                 182.1532546,                           0,            -1.234596847e-08,              -0.001028004584,                          nan,                      0.7618993501,                        1.327766033,                                nan,           300.0054501,            300.3265873,                      0,            17153.10774,             16962.73156,                       0,      0.9029023726,       0.552021853,                 0,                 0,                 0,       0.441034644,      0.3837160536,      0.9862671093,                 0,      0.6113859812
        1407,     0.06176404325,      -5.833371584,      -3.415578288,     -0.3793342932,                        10,      -3.002625492,               6,      -4.284781535,   5.499922506e-08,   2.358063268e-05,       2.715628365,       24.21281528,       22.53592773,         0.7138338807,         -0.7091880546,                     0,      0.4417327673,      0.6870420133,                 0,       288.7387545,       274.4048978,                 0,       15002.21922,        12364.88247,                  0,        0.1810009164,         0.1569801426,                    0,          301417.8812,           301735.3769,                     0,           119.6908567,           -137.2322847,                      0,        119.6908555,         137.1614983,                   0,                91.19470798,                 182.1466384,                           0,            -1.925379667e-08,              -0.001031361932,                          nan,                      0.7619187579,                        1.327972066,                                nan,           300.0069485,             300.322958,                      0,            17153.28602,             16961.77091,                       0,      0.9028539796,      0.5523690296,                 0,                 0,                 0,      0.4408748356,      0.3834671733,      0.9865139535,                 0,      0.6118032839
        1408,     0.06174813563,      -5.809166374,      -3.399294655,     -0.3502393357,                        10,      -2.686035448,               7,      -4.676436059,   6.600157806e-08,   2.829681259e-05,      0.2715628365,       2.421281528,       2.253592773,         0.7136422508,         -0.7090295916,                     0,      0.4415814034,      0.6869718787,                 0,       288.7481583,        274.405815,                 0,       15003.78257,        12364.82707,                  0,        0.1810138827,         0.1569789093,                    0,          301419.9406,           301731.1233,                     0,           119.6501559,           -137.2030673,                      0,        119.6501541,         137.1320986,                   0,                91.16709022,                   182.13967,                           0,            -3.038381957e-08,              -0.001034237844,                          nan,                      0.7619471192,                        1.328205955,                                nan,           300.0089983,            300.3187243,                      0,            17153.52835,             16960.66522,                       0,      0.9027455849,      0.5527866658,                 0,                 0,                 0,      0.4406796767,      0.3831278655,      0.9867804861,                 0,      0.6123393734
        1409,     0.06172115943,      -5.786142331,      -3.380716458,     -0.3230438429,                         4,      -4.517015606,               3,      -5.787155589,   6.600441061e-09,   2.829710979e-06,      0.3258754037,       2.905537833,       2.704311328,         0.7135917944,         -0.7090057619,                     0,      0.4415513186,      0.6869605626,                 0,       288.7473076,       274.4066168,                 0,       15003.61637,        12364.95547,                  0,        0.1810124109,          0.156980081,                    0,           301417.511,           301731.1636,                     0,            119.642669,           -137.1975462,                      0,        119.6426672,         137.1265199,                   0,                91.15964099,                 182.1394312,                           0,            -3.067058385e-08,              -0.001035119294,                          nan,                      0.7619325376,                        1.328258249,                                nan,             300.00658,            300.3187644,                      0,            17153.03129,             16960.67803,                       0,      0.9027407062,      0.5528203927,                 0,                 0,                 0,      0.4406697003,      0.3831035464,      0.9868043585,                 0,      0.6123800433
        1410,     0.06169423196,      -5.799529921,      -3.384737106,     -0.3416141668,                         4,      -4.107967349,               3,      -5.403993631,   7.920556873e-09,   3.395639061e-06,      0.3910504845,         3.4866454,       3.245173594,         0.7135458923,         -0.7089753924,                     0,      0.4415192504,      0.6869473937,                 0,        288.747228,       274.4072844,                 0,       15003.61203,        12365.04707,                  0,        0.1810124085,         0.1569808615,                    0,          301415.7849,           301730.9153,                     0,           119.6349742,           -137.1910843,                      0,        119.6349725,         137.1200109,                   0,                91.15168135,                  182.139071,                           0,            -2.865834825e-08,              -0.001035853437,                          nan,                      0.7619150109,                        1.328318673,                                nan,            300.004862,            300.3185173,                      0,            17152.69907,             16960.61233,                       0,      0.9027332724,      0.5528604186,                 0,                 0,                 0,      0.4406558664,      0.3830733778,      0.9868316933,                 0,      0.6124294247
        1411,     0.06166887932,      -5.817223181,      -3.387812698,     -0.3651786769,                         5,      -4.597649466,               3,      -5.034007129,   9.504708765e-09,   4.074751222e-06,      0.4692605814,        4.18397448,       3.894208312,         0.7135023103,         -0.7089377908,                     0,      0.4414838548,      0.6869319706,                 0,       288.7480261,       274.4078473,                 0,        15003.7868,        12365.10433,                  0,        0.1810140166,         0.1569812656,                    0,          301414.8046,           301730.3802,                     0,           119.6266038,           -137.1835279,                      0,        119.6266023,         137.1124215,                   0,                91.14311534,                 182.1385586,                           0,            -2.489226114e-08,              -0.001036393054,                          nan,                      0.7618967154,                        1.328388461,                                nan,           300.0038863,            300.3179847,                      0,            17152.53768,             16960.46545,                       0,      0.9027218183,      0.5529082991,                 0,                 0,                 0,        0.44063651,      0.3830352514,      0.9868628399,                 0,      0.6124902356
        1412,     0.06164329993,      -5.837871284,      -3.391048059,      -0.392566024,                         5,      -4.142106211,               3,       -4.67841479,   1.140571065e-08,   4.889687857e-06,      0.5631126977,       5.020769376,       4.673049975,         0.7134565748,         -0.7088923847,                     0,      0.4414429967,      0.6869138862,                 0,       288.7497578,       274.4083388,                 0,       15004.14235,        12365.13278,                  0,        0.1810172207,         0.1569813449,                    0,           301414.519,           301729.5636,                     0,           119.6168178,           -137.1747186,                      0,        119.6168166,         137.1035939,                   0,                91.13373788,                 182.1378647,                           0,            -2.045658443e-08,                -0.0010367249,                          nan,                      0.7618806495,                         1.32846893,                                nan,           300.0036021,            300.3171719,                      0,            17152.52725,             16960.23893,                       0,       0.902704247,      0.5529663537,                 0,                 0,                 0,      0.4406097024,      0.3829860934,      0.9868983727,                 0,      0.6125664697
        1413,     0.06162005347,      -5.858319889,      -3.395073688,     -0.4201632469,                         6,      -4.400993712,               3,      -4.338338787,   1.368694271e-08,   5.867621429e-06,      0.6757352372,       6.024923251,        5.60765997,         0.7134024585,         -0.7088384443,                     0,      0.4413938416,      0.6868927066,                 0,       288.7524204,       274.4087768,                 0,       15004.66602,        12365.13798,                  0,        0.1810218691,         0.1569811602,                    0,          301414.7805,            301728.452,                     0,           119.6046728,           -137.1644661,                      0,        119.6046718,         137.0933352,                   0,                91.12319264,                 182.1369609,                           0,            -1.668707661e-08,              -0.001036892439,                          nan,                      0.7618698438,                        1.328561747,                                nan,           300.0038623,            300.3160655,                      0,            17152.62437,             16959.93401,                       0,      0.9026778387,      0.5530376718,                 0,                 0,                 0,      0.4405734015,      0.3829218684,      0.9869391013,                 0,      0.6126633979
        1414,     0.06159773689,      -5.875493907,      -3.399696541,     -0.4437177671,                         7,      -4.560445807,               3,      -4.014766349,   1.642446612e-08,   7.041164607e-06,      0.8108822846,       7.229907902,       6.729191964,         0.7133331882,         -0.7087748161,                     0,      0.4413331306,      0.6868679004,                 0,       288.7559773,       274.4091637,                 0,       15005.33955,        12365.12369,                  0,        0.1810277651,         0.1569807584,                    0,          301415.3838,           301727.0078,                     0,           119.5891641,           -137.1525188,                      0,        119.5891633,         137.0813864,                   0,                91.11095043,                 182.1358121,                           0,            -1.485736956e-08,                -0.0010370053,                          nan,                      0.7618662757,                        1.328669171,                                nan,           300.0044628,            300.3146281,                      0,            17152.77497,             16959.54802,                       0,       0.902639412,      0.5531259634,                 0,                 0,                 0,      0.4405256065,      0.3828377973,      0.9869860487,                 0,      0.6127872948
        1415,     0.06157565106,      -5.889149498,      -3.403993261,     -0.4618825431,                         7,      -4.076795307,               4,      -4.792858075,   1.970956084e-08,   8.449459024e-06,      0.9730587416,       8.675889482,       8.075030357,         0.7132429176,         -0.7087000687,                     0,      0.4412575507,      0.6868387875,                 0,       288.7604022,       274.4095181,                 0,       15006.15219,        12365.09421,                  0,        0.1810347946,         0.1569801833,                    0,          301416.1322,           301725.1997,                     0,           119.5693876,           -137.1385798,                      0,        119.5693866,         137.0674405,                   0,                91.09632433,                 182.1343601,                           0,            -1.593641374e-08,              -0.001037211523,                          nan,                      0.7618699645,                        1.328793764,                                nan,           300.0052077,            300.3128285,                      0,            17152.93297,             16959.07671,                       0,      0.9025856056,      0.5532353678,                 0,                 0,                 0,      0.4404644799,      0.3827286979,       0.987040471,                 0,      0.6129450375
        1416,     0.06155537763,       -5.90139636,      -3.406719805,     -0.4764102409,                         8,      -4.141377614,               4,      -4.410871034,   2.365177133e-08,   1.013947955e-05,        1.16767049,       10.41106738,       9.690036428,         0.7131276644,         -0.7086132739,                     0,      0.4411640344,      0.6868046205,                 0,       288.7657232,       274.4099169,                 0,       15007.11035,        12365.05955,                  0,        0.1810430178,         0.1569795178,                    0,          301416.8981,           301723.0558,                     0,           119.5446369,           -137.1224115,                      0,        119.5446357,         137.0512527,                   0,                91.07852843,                 182.1325052,                           0,             -2.03487851e-08,              -0.001037617955,                          nan,                      0.7618788407,                        1.328937179,                                nan,           300.0059701,            300.3106946,                      0,            17153.07448,             16958.52245,                       0,      0.9025130812,      0.5533703518,                 0,                 0,                 0,      0.4403884024,       0.382589208,      0.9871038983,                 0,      0.6131438573
        1417,     0.06153662236,       -5.91185537,       -3.40667399,     -0.4864774586,                         9,      -4.125744087,               4,      -4.053854524,   2.838256226e-08,   1.216759708e-05,       1.401204588,       12.49328085,       11.62804371,         0.7129851121,          -0.708514981,                     0,      0.4410498525,      0.6867648367,                 0,        288.772046,       274.4104911,                 0,       15008.23821,        12365.03638,                  0,        0.1810526598,         0.1569788976,                    0,          301417.6529,           301720.6766,                     0,           119.5143762,           -137.1039996,                      0,        119.5143746,         137.0328113,                   0,                 91.0567769,                 182.1300913,                           0,            -2.781415487e-08,                 -0.001038188,                          nan,                      0.7618897495,                        1.329098408,                                nan,           300.0067213,            300.3083266,                      0,            17153.19938,             16957.89924,                       0,      0.9024183103,       0.553535755,                 0,                 0,                 0,      0.4402959701,      0.3824135879,       0.987178042,                 0,      0.6133915376
        1418,     0.06151965123,      -5.913947292,      -3.402970724,     -0.4841930531,                        10,      -4.058971598,               5,        -4.5631913,   3.405970804e-08,    1.46014541e-05,       1.681445505,       14.99193702,       13.95365246,         0.7128133071,          -0.708407361,                     0,      0.4409124267,      0.6867193408,                 0,       288.7795588,       274.4113313,                 0,       15009.57151,        12365.03768,                  0,        0.1810640335,         0.1569784345,                    0,          301418.4617,           301718.1541,                     0,           119.4780733,           -137.0836401,                      0,        119.4780711,         137.0124281,                   0,                91.03039921,                 182.1269155,                           0,            -3.769615331e-08,              -0.001038688292,                          nan,                      0.7619004759,                        1.329272957,                                nan,           300.0075263,            300.3058159,                      0,            17153.32234,             16957.22276,                       0,        0.90229643,      0.5537365741,                 0,                 0,                 0,      0.4401858308,      0.3821949413,      0.9872639302,                 0,      0.6136969577
        1419,     0.06150330831,      -5.899575995,      -3.395520549,     -0.4613591981,                        10,      -3.611524649,               5,      -4.195978356,   4.087256574e-08,   1.752222114e-05,       2.017734607,       17.99032443,       16.74438295,         0.7126086924,         -0.7082929525,                     0,      0.4407486502,      0.6866685507,                 0,       288.7885665,       274.4123718,                 0,       15011.15689,        12365.05764,                  0,          0.18107751,         0.1569780917,                    0,          301419.4846,           301715.4452,                     0,           119.4348893,           -137.0618112,                      0,        119.4348863,         136.9906069,                   0,                90.99887967,                  182.122783,                           0,            -4.991400793e-08,              -0.001038741122,                          nan,                      0.7619120552,                        1.329454531,                                nan,           300.0085445,            300.3031196,                      0,            17153.46516,             16956.49019,                       0,      0.9021391379,      0.5539772999,                 0,                 0,                 0,       0.440056388,      0.3819239425,      0.9873601041,                 0,      0.6140707976
        1420,     0.06148682533,      -5.870946887,      -3.385055249,     -0.4234853278,                        10,      -3.219848521,               6,      -4.682234745,   4.904841335e-08,   2.102731847e-05,       2.421281528,       21.58838932,       20.09325954,         0.7123641711,         -0.7081727782,                     0,      0.4405535614,      0.6866131046,                 0,       288.7995343,       274.4133772,                 0,       15013.06032,        12365.06927,                  0,        0.1810935931,         0.1569776612,                    0,          301420.9549,           301712.3356,                     0,            119.383306,           -137.0388433,                      0,        119.3833021,         136.9677045,                   0,                90.96161951,                 182.1176225,                           0,            -6.575063638e-08,              -0.001037958605,                          nan,                      0.7619291636,                        1.329639152,                                nan,           300.0100079,            300.3000245,                      0,            17153.65286,             16955.67278,                       0,      0.9019328835,      0.5542604039,                 0,                 0,                 0,       0.439905514,      0.3815883149,       0.987460318,                 0,      0.6145251093
        1421,     0.06147074262,      -5.841027774,      -3.372406063,     -0.3867749853,                        10,      -2.873494687,               6,      -4.300261661,   5.886007463e-08,   2.523370059e-05,      0.2421281528,       2.158838932,       2.009325954,         0.7120685082,         -0.7080453617,                     0,      0.4403190453,       0.686553401,                 0,        288.813034,       274.4140716,                 0,       15015.36864,        12365.04324,                  0,        0.1811129709,         0.1569769297,                    0,          301423.0563,           301708.5474,                     0,           119.3209924,           -137.0146008,                      0,        119.3209871,         136.9436039,                   0,                90.91735903,                 182.1115901,                           0,            -8.869556289e-08,              -0.001036072701,                          nan,                      0.7619561422,                        1.329829105,                                nan,           300.0120994,            300.2962541,                      0,             17153.9023,             16954.73496,                       0,      0.9016605229,      0.5545846834,                 0,                 0,                 0,      0.4397310721,      0.3811751496,      0.9875532263,                 0,      0.6150703833
        1422,      0.0614442319,      -5.819139676,      -3.358331286,     -0.3607089415,                         4,      -4.756314604,               2,      -4.227751602,   5.886258602e-09,   2.523483755e-06,      0.2905537833,       2.590606718,       2.411191144,         0.7119954542,         -0.7080258196,                     0,      0.4402763113,       0.686543793,                 0,       288.8120761,        274.414532,                 0,       15015.17036,        12365.11471,                  0,          0.18111118,         0.1569775756,                    0,          301419.8727,           301708.3274,                     0,             119.30993,            -137.010238,                      0,        119.3099248,          136.939253,                   0,                90.90744541,                 182.1111098,                           0,            -8.732714563e-08,              -0.001035932061,                          nan,                      0.7619436991,                        1.329867849,                                nan,           300.0089307,            300.2960351,                      0,             17153.2408,             16954.69069,                       0,      0.9016423774,      0.5546088486,                 0,                 0,                 0,      0.4397206144,      0.3811460715,      0.9875614532,                 0,      0.6151095629
        1423,     0.06141822654,      -5.833920255,      -3.361737195,     -0.3810536292,                         4,      -4.334587897,               3,      -5.743252702,   7.063539622e-09,   3.028189041e-06,        0.34866454,       3.108728061,       2.893429373,         0.7119271112,         -0.7080011314,                     0,      0.4402303261,      0.6865323193,                 0,       288.8120976,       274.4149017,                 0,        15015.1764,        12365.16179,                  0,        0.1811112393,         0.1569779629,                    0,          301417.5453,            301707.863,                     0,           119.2984374,           -137.0050707,                      0,        119.2984326,         136.9341177,                   0,                90.89668852,                 182.1104368,                           0,            -8.131462881e-08,              -0.001035503521,                          nan,                      0.7619269302,                        1.329912806,                                nan,           300.0066142,            300.2955729,                      0,            17152.77966,             16954.58375,                       0,      0.9016193344,      0.5546379795,                 0,                 0,                 0,      0.4397070846,      0.3811100884,      0.9875706623,                 0,       0.615157593
        1424,     0.06139404702,       -5.85278006,      -3.363964273,     -0.4062503218,                         5,      -4.857148659,               3,      -5.363707609,   8.476289584e-09,   3.633841436e-06,       0.418397448,       3.730473674,       3.472115248,         0.7118615349,         -0.7079707305,                     0,      0.4401796495,      0.6865185871,                 0,       288.8132421,       274.4152029,                 0,       15015.41332,        12365.18616,                  0,        0.1811133795,         0.1569781004,                    0,          301416.1503,           301707.1481,                     0,           119.2860378,           -136.9989734,                      0,        119.2860335,         136.9280771,                   0,                90.88496611,                  182.109521,                           0,            -7.185746909e-08,              -0.001034723009,                          nan,                      0.7619078569,                        1.329964788,                                nan,           300.0052258,            300.2948614,                      0,            17152.53458,              16954.4103,                       0,      0.9015896233,      0.5546734749,                 0,                 0,                 0,       0.439689366,      0.3810649442,      0.9875808933,                 0,      0.6152172347
        1425,     0.06136920049,      -5.874177133,      -3.366357961,      -0.434939255,                         5,      -4.384452213,               3,      -4.996989009,   1.017160808e-08,   4.360635739e-06,      0.5020769376,       4.476568408,       4.166538298,         0.7117941025,         -0.7079341813,                     0,      0.4401219514,      0.6865021964,                 0,       288.8155896,       274.4154653,                 0,       15015.88834,        12365.19208,                  0,         0.181117637,         0.1569780254,                    0,          301415.6525,           301706.1842,                     0,           119.2719329,            -136.991823,                      0,        119.2719293,         136.9210108,                   0,                90.87204981,                 182.1083101,                           0,            -6.108854389e-08,              -0.001033549183,                          nan,                      0.7618896615,                        1.330024581,                                nan,           300.0047302,             300.293902,                      0,            17152.49008,             16954.17002,                       0,      0.9015508384,      0.5547171407,                 0,                 0,                 0,      0.4396661264,       0.381007631,      0.9875921251,                 0,      0.6152921355
        1426,     0.06134608914,      -5.894593587,       -3.36973785,     -0.4630569177,                         6,       -4.66905229,               3,      -4.643986048,   1.220601755e-08,   5.232810044e-06,      0.6024923251,        5.37188209,       4.999845957,         0.7117177955,         -0.7078910382,                     0,      0.4400540683,      0.6864827415,                 0,       288.8191397,       274.4157133,                 0,        15016.5878,        12365.18454,                  0,        0.1811238473,          0.156977788,                    0,          301415.8897,           301704.9664,                     0,           119.2550561,            -136.983488,                      0,         119.255053,          136.912788,                   0,                90.85756074,                  182.106751,                           0,            -5.156930494e-08,              -0.001031975406,                          nan,                      0.7618759831,                        1.330093074,                                nan,           300.0049664,            300.2926898,                      0,            17152.59838,             16953.86356,                       0,      0.9014999261,      0.5547710691,                 0,                 0,                 0,      0.4396359031,      0.3809344515,      0.9876041715,                 0,       0.615386705
        1427,     0.06132260203,      -5.910507347,      -3.373943233,     -0.4857330268,                         6,      -4.188283022,               3,      -4.305510659,   1.464734948e-08,   6.279456723e-06,      0.7229907902,       6.446258508,       5.999815149,         0.7116244377,         -0.7078406617,                     0,      0.4399723035,      0.6864597805,                 0,       288.8238273,       274.4159593,                 0,       15017.48474,        12365.16742,                  0,         0.181131726,         0.1569774304,                    0,          301416.6057,           301703.4743,                     0,           119.2342257,           -136.9738107,                      0,         119.234223,         136.9032487,                   0,                90.84094319,                 182.1047866,                           0,            -4.567843337e-08,               -0.00103003286,                          nan,                      0.7618697125,                        1.330171404,                                nan,            300.005679,            300.2912047,                      0,            17152.79111,             16953.48952,                       0,      0.9014333006,      0.5548374256,                 0,                 0,                 0,       0.439597219,      0.3808412414,      0.9876165821,                 0,      0.6155058009
        1428,     0.06130074199,      -5.921648514,      -3.377957835,     -0.5015991747,                         7,      -4.335862105,               4,      -5.139039286,   1.757700855e-08,   7.535495301e-06,      0.8675889482,        7.73551021,       7.199778178,           0.71150657,         -0.7077822191,                     0,      0.4398729099,      0.6864327985,                 0,       288.8295692,        274.416214,                 0,       15018.55403,        12365.14366,                  0,        0.1811410219,         0.1569769844,                    0,          301417.5224,           301701.6799,                     0,           119.2083588,           -136.9626083,                      0,        119.2083561,         136.8922069,                   0,                90.82147607,                 182.1023448,                           0,            -4.510956897e-08,              -0.001027774777,                          nan,                      0.7618717263,                         1.33026086,                                nan,           300.0065914,            300.2894188,                      0,            17153.00148,             16953.04413,                       0,      0.9013470918,       0.554918232,                 0,                 0,                 0,      0.4395487055,      0.3807236969,      0.9876286199,                 0,      0.6156543213
        1429,     0.06128065175,      -5.931163761,      -3.380588262,     -0.5139424044,                         8,      -4.408876974,               4,      -4.732015704,   2.109269084e-08,   9.042838105e-06,       1.041106738,       9.282612252,       8.639733814,         0.7113590324,         -0.7077150971,                     0,      0.4397525376,      0.6864012296,                 0,       288.8363308,       274.4165108,                 0,       15019.78812,        12365.11828,                  0,        0.1811516656,         0.1569764941,                    0,          301418.4334,           301699.5767,                     0,           119.1766379,           -136.9497283,                      0,        119.1766349,         136.8795075,                   0,                90.79833351,                 182.0993219,                           0,            -5.045666374e-08,              -0.001025234699,                          nan,                      0.7618803264,                        1.330362195,                                nan,           300.0074982,            300.2873254,                      0,            17153.18692,             16952.52558,                       0,      0.9012374639,      0.5550152931,                 0,                 0,                 0,       0.439489228,      0.3805776729,      0.9876393962,                 0,       0.615836908
        1430,     0.06126337876,      -5.941156793,      -3.381061824,     -0.5253381008,                         9,      -4.397634414,               4,      -4.346194436,   2.531164732e-08,   1.085178609e-05,       1.249328085,        11.1391347,       10.36768058,         0.7111793338,         -0.7076396216,                     0,      0.4396084657,      0.6863645982,                 0,       288.8441644,        274.416914,                 0,       15021.20256,        12365.10085,                  0,        0.1811638116,          0.156976044,                    0,          301419.2552,            301697.199,                     0,           119.1385458,           -136.9351561,                      0,        119.1385422,         136.8651388,                   0,                90.77068642,                 182.0955662,                           0,            -6.090109983e-08,              -0.001022373297,                          nan,                      0.7618918676,                         1.33047442,                                nan,           300.0083161,            300.2849588,                      0,            17153.33762,             16951.93965,                       0,      0.9011009045,      0.5551301886,                 0,                 0,                 0,      0.4394180259,      0.3803994182,       0.987648039,                 0,      0.6160577421
        1431,     0.06124809937,      -5.948168638,      -3.379110087,     -0.5314678168,                        10,      -4.327818043,               5,      -4.859462779,   3.037460306e-08,    1.30227017e-05,       1.499193702,       13.36696164,       12.44121669,         0.7109665607,         -0.7075574867,                     0,      0.4394385426,      0.6863227373,                 0,       288.8532092,       274.4174741,                 0,       15022.82867,         12365.1022,                  0,          0.18117775,         0.1569757417,                    0,          301420.0242,           301694.5897,                     0,           119.0937407,           -136.9191109,                      0,        119.0937363,         136.8493291,                   0,                90.73783261,                 182.0908765,                           0,             -7.46045139e-08,              -0.001019053964,                          nan,                      0.7619026444,                        1.330593856,                                nan,           300.0090815,            300.2823617,                      0,            17153.46767,             16951.29835,                       0,       0.900934143,      0.5552641507,                 0,                 0,                 0,      0.4393348131,      0.3801855844,      0.9876535468,                 0,      0.6163204658
        1432,     0.06123597397,      -5.943134144,      -3.375036715,     -0.5210883171,                        10,      -3.847193251,               5,      -4.443227573,   3.645046495e-08,    1.56280181e-05,       1.799032443,       16.04035397,       14.92946003,         0.7107193211,         -0.7074712984,                     0,      0.4392407456,        0.68627593,                 0,       288.8636943,       274.4181474,                 0,       15024.70482,        12365.12495,                  0,        0.1811937994,         0.1569756451,                    0,          301420.8775,           301691.7215,                     0,           119.0417829,            -136.902023,                      0,        119.0417775,          136.832522,                   0,                90.69930845,                 182.0850349,                           0,            -9.030162174e-08,              -0.001015081129,                          nan,                       0.761911577,                        1.330714601,                                nan,           300.0099308,             300.279507,                      0,            17153.60049,             16950.60916,                       0,      0.9007329692,      0.5554176429,                 0,                 0,                 0,       0.439239662,      0.3799325414,      0.9876537368,                 0,      0.6166285258
        1433,     0.06122053278,      -5.920356336,      -3.369698324,     -0.4887175732,                        10,      -3.427615166,               5,      -4.052620432,   4.374197882e-08,   1.875465945e-05,       2.158838932,       19.24842477,       17.91535204,         0.7104334601,         -0.7073834177,                     0,      0.4390121063,      0.6862248539,                 0,       288.8759819,        274.418759,                 0,       15026.87998,        12365.15785,                  0,        0.1812123228,         0.1569757112,                    0,          301422.0436,           301688.4521,                     0,           118.9817422,           -136.8843656,                      0,        118.9817357,         136.8152023,                   0,                90.65481903,                   182.07789,                           0,            -1.089863407e-07,              -0.001010280535,                          nan,                       0.761922143,                        1.330830835,                                nan,           300.0110915,            300.2762529,                      0,            17153.76212,             16949.86617,                       0,       0.900489245,      0.5555892837,                 0,                 0,                 0,      0.4391324555,       0.379634653,      0.9876425785,                 0,      0.6169860293
        1434,     0.06120578021,      -5.888820597,      -3.363763464,     -0.4477490283,                        10,      -3.056746832,               6,      -4.471221998,   5.249253033e-08,   2.250696388e-05,       2.590606718,       23.09810972,       21.49842244,         0.7101005725,         -0.7072950576,                     0,       0.438747138,      0.6861703766,                 0,       288.8905782,       274.4190641,                 0,       15029.42303,        12365.18232,                  0,        0.1812338325,         0.1569758447,                    0,          301423.7732,           301684.5754,                     0,           118.9118803,           -136.8664435,                      0,        118.9118723,         136.7976813,                   0,                90.60377439,                 182.0694593,                           0,            -1.344572206e-07,              -0.001004555101,                          nan,                      0.7619405251,                        1.330939659,                                nan,           300.0128129,            300.2723943,                      0,            17153.97583,             16949.05612,                       0,      0.9001875149,      0.5557736747,                 0,                 0,                 0,      0.4390123182,      0.3792828959,      0.9876064117,                 0,      0.6173976705
        1435,     0.06119051358,      -5.863900434,      -3.357314334,     -0.4165875951,                        10,      -2.719936289,               6,      -4.060160208,   6.299432833e-08,   2.701020998e-05,      0.2590606718,       2.309810972,       2.149842244,         0.7097089118,         -0.7072064045,                     0,      0.4384371302,      0.6861133291,                 0,       288.9079846,        274.418848,                 0,       15032.41372,        12365.18685,                  0,        0.1812589745,         0.1569760231,                    0,          301426.1487,           301679.9161,                     0,            118.829815,           -136.8483076,                      0,        118.8298047,         136.7800118,                   0,                90.54461366,                 182.0599488,                           0,            -1.735816603e-07,             -0.0009978751269,                          nan,                      0.7619688837,                        1.331042061,                                nan,           300.0151774,            300.2677568,                      0,            17154.24469,             16948.17499,                       0,      0.8998055547,       0.555958071,                 0,                 0,                 0,      0.4388783427,      0.3788673146,      0.9875216306,                 0,      0.6178646799
        1436,     0.06116479214,      -5.850392215,      -3.350372901,     -0.3993692348,                         4,      -4.593796751,               2,      -4.120727193,   6.299855445e-09,   2.701237016e-06,      0.3108728061,       2.771773166,       2.579810693,         0.7096102837,         -0.7071899513,                     0,      0.4383799368,      0.6861028745,                 0,       288.9067177,       274.4192089,                 0,       15032.14572,        12365.23416,                  0,        0.1812565379,         0.1569764213,                    0,          301421.9157,           301679.5104,                     0,           118.8148972,           -136.8446492,                      0,         118.814887,          136.776423,                   0,                 90.5314969,                 182.0586203,                           0,            -1.703471439e-07,             -0.0009968848342,                          nan,                      0.7619541553,                        1.331067273,                                nan,           300.0109641,             300.267353,                      0,              17153.359,             16948.08135,                       0,      0.8997787414,      0.5559685618,                 0,                 0,                 0,       0.438869665,       0.378839628,      0.9875137272,                 0,      0.6178947515
        1437,      0.0611386886,      -5.872534928,      -3.354328391,     -0.4292844633,                         4,      -4.170631091,               3,      -5.563803235,   7.559879519e-09,    3.24151872e-06,      0.3730473674,       3.326127799,       3.095772832,         0.7095195804,          -0.707169762,                     0,       0.438319008,      0.6860902912,                 0,       288.9067908,       274.4194923,                 0,        15032.1621,        12365.26398,                  0,        0.1812566897,         0.1569766403,                    0,          301418.8908,           301678.8525,                     0,           118.7996085,           -136.8403754,                      0,        118.7995991,         136.7722472,                   0,                90.51733875,                 182.0568687,                           0,            -1.583443969e-07,             -0.0009954846095,                          nan,                      0.7619330322,                        1.331095104,                                nan,           300.0079534,            300.2666982,                      0,            17152.76004,             16947.92952,                       0,      0.8997450714,      0.5559815246,                 0,                 0,                 0,      0.4388586575,      0.3788049892,      0.9875036351,                 0,      0.6179322813
        1438,     0.06111405038,      -5.898149606,      -3.356714426,     -0.4636294552,                         5,      -4.659181219,               3,       -5.18297436,   9.071930699e-09,   3.889873253e-06,      0.4476568408,       3.991353359,       3.714927398,         0.7094338381,         -0.7071456109,                     0,      0.4382524473,      0.6860751996,                 0,       288.9083613,       274.4197096,                 0,       15032.49066,        12365.27846,                  0,        0.1812596662,          0.156976701,                    0,          301417.1419,            301677.925,                     0,           118.7832987,            -136.835418,                      0,        118.7832904,         136.7674194,                   0,                90.50199296,                 182.0546004,                           0,            -1.402252714e-07,              -0.000993627096,                          nan,                      0.7619084524,                        1.331125506,                                nan,           300.0062127,            300.2657751,                      0,            17152.46029,             16947.71644,                       0,      0.8997023115,      0.5559979781,                 0,                 0,                 0,      0.4388446049,      0.3787610042,      0.9874908114,                 0,      0.6179799373
        1439,     0.06109000826,       -5.92359868,      -3.359559681,     -0.4984576316,                         5,      -4.191071207,               3,      -4.814278625,   1.088642389e-08,   4.667924704e-06,       0.537188209,       4.789624031,       4.457912878,          0.709346451,         -0.7071174291,                     0,      0.4381772224,      0.6860572443,                 0,       288.9114839,       274.4198747,                 0,       15033.12937,        12365.28156,                  0,        0.1812654086,         0.1569766464,                    0,           301416.572,           301676.7154,                     0,           118.7649019,           -136.8297234,                      0,        118.7648948,         136.7618873,                   0,                90.48517649,                 182.0517203,                           0,            -1.203072585e-07,             -0.0009912937236,                          nan,                      0.7618848707,                        1.331158292,                                nan,           300.0056454,            300.2645711,                      0,            17152.42669,             16947.44197,                       0,      0.8996475409,      0.5560189828,                 0,                 0,                 0,       0.438826673,       0.378704707,      0.9874743298,                 0,      0.6180409077
        1440,      0.0610695526,      -5.943302913,      -3.363763766,     -0.5264472026,                         6,      -4.457767358,               3,      -4.458449929,   1.306386142e-08,    5.60162792e-06,      0.6446258508,       5.747548837,       5.349495454,         0.7092479211,         -0.7070852107,                     0,      0.4380893641,      0.6860361066,                 0,       288.9160917,       274.4199943,                 0,       15034.04648,        12365.27745,                  0,        0.1812735758,         0.1569765257,                    0,          301416.9094,           301675.2058,                     0,           118.7430527,            -136.823247,                      0,        118.7430466,          136.755606,                   0,                90.46642045,                 182.0481359,                           0,            -1.034031697e-07,             -0.0009884908975,                          nan,                      0.7618670992,                        1.331193222,                                nan,           300.0059813,            300.2630686,                      0,            17152.58282,              16947.1069,                       0,      0.8995771531,      0.5560453336,                 0,                 0,                 0,      0.4388039619,      0.3786327471,       0.987452637,                 0,       0.618118559
        1441,     0.06105472302,      -5.954267854,      -3.368775039,     -0.5425176177,                         7,      -4.615577603,               3,      -4.116382289,     1.5676853e-08,   6.722137306e-06,       0.773551021,       6.897058605,       6.419394544,          0.709127934,         -0.7070489109,                     0,      0.4379845149,      0.6860114914,                 0,       288.9220278,       274.4200637,                 0,       15035.19381,        12365.26908,                  0,        0.1812836851,         0.1569763798,                    0,          301417.7694,            301673.368,                     0,           118.7163425,           -136.8159458,                      0,        118.7163369,         136.7485315,                   0,                90.44505617,                 182.0437562,                           0,            -9.346905017e-08,             -0.0009852315047,                          nan,                      0.7618585489,                        1.331230063,                                nan,           300.0068373,            300.2612394,                      0,             17152.8296,             16946.71077,                       0,      0.8994869301,      0.5560772538,                 0,                 0,                 0,       0.438775571,      0.3785416338,      0.9874233546,                 0,      0.6182160465
        1442,     0.06103549196,      -5.959820123,      -3.373283366,     -0.5501142674,                         7,      -4.129753109,               4,      -4.887117366,   1.881254111e-08,   8.066848586e-06,      0.9282612252,       8.276470326,       7.703273453,         0.7089780645,         -0.7070085133,                     0,      0.4378586681,      0.6859831136,                 0,       288.9291218,       274.4200742,                 0,       15036.52928,        12365.25852,                  0,        0.1812953358,         0.1569762398,                    0,          301418.7709,           301671.1704,                     0,            118.683625,           -136.8077877,                      0,        118.6836195,         136.7406324,                   0,                 90.4202617,                 182.0384847,                           0,            -9.253853051e-08,             -0.0009815052594,                          nan,                      0.7618596576,                        1.331268413,                                nan,           300.0078341,            300.2590521,                      0,            17153.07853,             16946.25202,                       0,      0.8993721851,      0.5561142158,                 0,                 0,                 0,      0.4387406902,      0.3784279586,      0.9873832227,                 0,      0.6183360182
        1443,     0.06101728601,      -5.966186483,      -3.376383609,     -0.5575373768,                         8,      -4.191935492,               4,      -4.478863619,   2.257551373e-08,   9.680646534e-06,        1.11391347,       9.931764391,       9.243928144,         0.7087936828,         -0.7069643956,                     0,      0.4377087645,       0.685950739,                 0,       288.9372775,       274.4200269,                 0,       15038.03678,        12365.24912,                  0,        0.1813083938,         0.1569761477,                    0,          301419.6589,           301668.5963,                     0,           118.6442149,           -136.7988017,                      0,         118.644209,         136.7319422,                   0,                90.39117476,                 182.0322075,                           0,            -1.000848697e-07,             -0.0009772476783,                          nan,                      0.7618675664,                        1.331307115,                                nan,           300.0087179,              300.25649,                      0,            17153.28037,             16945.73163,                       0,      0.8992279434,      0.5561548671,                 0,                 0,                 0,      0.4386987437,       0.378288584,      0.9873281509,                 0,      0.6184804099
        1444,     0.06100050602,      -5.975587703,      -3.378014785,      -0.568242225,                         9,      -4.175768907,               4,      -4.092391906,   2.709130287e-08,   1.161739934e-05,       1.336696164,       11.91811727,       11.09271377,         0.7085738559,         -0.7069178278,                     0,      0.4375328645,      0.6859143102,                 0,       288.9465254,       274.4199296,                 0,       15039.73047,        12365.24702,                  0,        0.1813230106,         0.1569761764,                    0,          301420.3676,           301665.6499,                     0,            118.597859,           -136.7891548,                      0,        118.5978523,         136.7226365,                   0,                90.35704927,                 182.0247868,                           0,            -1.131722152e-07,             -0.0009723300976,                          nan,                      0.7618776184,                        1.331343451,                                nan,           300.0094233,            300.2535574,                      0,            17153.43183,             16945.15698,                       0,      0.8990490988,      0.5561968246,                 0,                 0,                 0,      0.4386496052,      0.3781208922,      0.9872531492,                 0,      0.6186501107
        1445,     0.06098526369,      -5.982393324,      -3.378572147,     -0.5749612236,                        10,      -4.101807479,               5,      -4.579151289,    3.25105878e-08,   1.394175075e-05,       1.604035397,       14.30174072,       13.31125653,         0.7083192647,         -0.7068711151,                     0,      0.4373298202,      0.6858741101,                 0,        288.957017,       274.4197583,                 0,       15041.64283,        12365.25818,                  0,        0.1813394819,         0.1569764149,                    0,          301420.9983,           301662.3262,                     0,           118.5444803,           -136.7791962,                      0,        118.5444727,         136.7130755,                   0,                90.31740434,                 182.0160744,                           0,            -1.282621771e-07,             -0.0009665915371,                          nan,                      0.7618862549,                        1.331372832,                                nan,           300.0100511,            300.2502493,                      0,            17153.55853,             16944.54039,                       0,      0.8988302822,      0.5562361349,                 0,                 0,                 0,      0.4385938094,      0.3779230078,      0.9871518192,                 0,      0.6188444536
        1446,     0.06097022522,      -5.975080227,      -3.378675477,     -0.5621393935,                        10,      -3.640287821,               5,       -4.17223995,     3.9014246e-08,   1.673127381e-05,       1.924842477,       17.16208887,       15.97350783,          0.708029306,         -0.7068270484,                     0,      0.4370984436,      0.6858308468,                 0,       288.9690145,       274.4194099,                 0,        15043.8126,        12365.28255,                  0,        0.1813581104,         0.1569769215,                    0,          301421.7656,           301658.5655,                     0,           118.4837837,           -136.7694001,                      0,        118.4837751,         136.7037413,                   0,                90.27206895,                 182.0059628,                           0,            -1.442399061e-07,             -0.0009599092282,                          nan,                      0.7618939289,                        1.331389771,                                nan,           300.0108147,            300.2465062,                      0,             17153.6929,             16943.89225,                       0,      0.8985648758,      0.5562664068,                 0,                 0,                 0,      0.4385325321,      0.3776935395,      0.9870150665,                 0,      0.6190609291
        1447,     0.06095580635,      -5.949893281,      -3.378852046,     -0.5261145852,                        10,      -3.243892761,               6,      -4.631869609,   4.681942462e-08,   2.007906594e-05,       2.309810972,       20.59450664,        19.1682094,         0.7076998576,          -0.706787977,                     0,      0.4368361956,      0.6857855962,                 0,       288.9828888,        274.418705,                 0,       15046.28519,        12365.31233,                  0,        0.1813792095,            0.1569777,                    0,          301422.9296,           301654.2513,                     0,           118.4148796,            -136.760215,                      0,        118.4148699,         136.6950835,                   0,                90.22093836,                 181.9944719,                           0,            -1.639863041e-07,             -0.0009522649353,                          nan,                      0.7619054809,                        1.331390035,                                nan,           300.0119733,            300.2422122,                      0,            17153.86133,             16943.21776,                       0,      0.8982433395,      0.5562776995,                 0,                 0,                 0,       0.438467252,      0.3774309227,      0.9868292024,                 0,      0.6192951008
        1448,     0.06094257129,      -5.920829105,      -3.378979867,      -0.486779899,                        10,      -2.891917653,               6,      -4.218191682,   5.618684212e-08,   2.409688148e-05,      0.2309810972,       2.059450664,        1.91682094,         0.7073231505,         -0.7067552564,                     0,      0.4365380524,      0.6857396512,                 0,       288.9990422,        274.417452,                 0,       15049.11309,        12365.33802,                  0,         0.181403159,           0.15697874,                    0,          301424.6576,           301649.2703,                     0,           118.3362271,           -136.7519238,                      0,        118.3362156,         136.6873782,                   0,                90.16337743,                 181.9818234,                           0,            -1.935755739e-07,             -0.0009437585437,                          nan,                      0.7619254761,                        1.331372551,                                nan,           300.0136932,            300.2372545,                      0,             17154.0733,             16942.52309,                       0,      0.8978531252,      0.5562549625,                 0,                 0,                 0,      0.4383995907,      0.3771342959,      0.9865746502,                 0,      0.6195389278
        1449,     0.06091858152,      -5.902373466,        -3.3787585,     -0.4614966067,                         4,      -4.809897095,               2,       -4.20652009,   5.619131566e-09,   2.409908702e-06,      0.2771773166,       2.471340797,       2.300185128,         0.7072327525,         -0.7067459845,                     0,      0.4364861618,      0.6857310427,                 0,       288.9980654,       274.4174993,                 0,       15048.89948,         12365.3433,                  0,        0.1814011974,         0.1569787845,                    0,           301421.008,           301648.6558,                     0,           118.3223813,           -136.7499375,                      0,        118.3223702,          136.685474,                   0,                90.15195613,                  181.979869,                           0,            -1.875525109e-07,              -0.000942570938,                          nan,                      0.7619181054,                        1.331376799,                                nan,           300.0100607,            300.2366429,                      0,            17153.30582,             16942.39818,                       0,      0.8978241712,      0.5562495041,                 0,                 0,                 0,      0.4383941709,      0.3771145715,      0.9865527625,                 0,      0.6195528278
        1450,     0.06089291737,      -5.921725988,      -3.381905345,       -0.48810864,                         4,      -4.377655655,               3,      -5.698897733,    6.74301428e-09,   2.891930696e-06,      0.3326127799,       2.965608956,       2.760222153,         0.7071473179,         -0.7067352571,                     0,      0.4364302384,       0.685720561,                 0,       288.9982027,        274.417503,                 0,       15048.91911,        12365.34508,                  0,         0.181401348,          0.156978808,                    0,          301418.3161,           301647.8457,                     0,           118.3079873,           -136.7476411,                      0,         118.307977,          136.683287,                   0,                90.13945991,                 181.9773852,                           0,            -1.742870956e-07,             -0.0009409884018,                          nan,                      0.7619051747,                        1.331379931,                                nan,           300.0073814,            300.2358366,                      0,            17152.76354,             16942.23804,                       0,       0.897788359,      0.5562430027,                 0,                 0,                 0,      0.4383876755,      0.3770900237,       0.986525889,                 0,      0.6195702997
        1451,     0.06173171646,      -5.944130136,      -3.383420907,     -0.5184168832,                         5,      -4.915454018,               3,      -5.312072153,   8.091697789e-09,   3.470374035e-06,      0.3991353359,       3.558730748,       3.312266584,         0.7070651829,         -0.7067230568,                     0,      0.4363688548,      0.6857079055,                 0,       288.9996111,       274.4174537,                 0,       15049.20284,        12365.34384,                  0,        0.1814038841,         0.1569788221,                    0,          301416.6736,           301646.8059,                     0,           118.2925893,            -136.745016,                      0,        118.2925801,         136.6808012,                   0,                90.12575101,                 181.9742627,                           0,            -1.557344941e-07,             -0.0009389701148,                          nan,                      0.7618884546,                          1.3313813,                                nan,           300.0057466,            300.2348017,                      0,            17152.46722,              16942.0385,                       0,      0.8977437493,      0.5562355136,                 0,                 0,                 0,      0.4383799371,      0.3770590761,      0.9864928987,                 0,      0.6195927447
        1452,      0.0617066446,      -5.966588793,      -3.384988468,     -0.5489503695,                         5,      -4.436906429,               3,      -4.937359818,    9.71015256e-09,   4.164530992e-06,      0.4789624031,       4.270476897,       3.974719901,         0.7069817859,         -0.7067094613,                     0,      0.4362996852,      0.6856928002,                 0,        289.002371,       274.4173418,                 0,        15049.7588,        12365.34076,                  0,        0.1814088533,         0.1569788474,                    0,          301416.0464,            301645.504,                     0,           118.2753941,           -136.7420569,                      0,        118.2753861,         136.6780123,                   0,                90.11059594,                 181.9703901,                           0,            -1.351805942e-07,             -0.0009365024583,                          nan,                      0.7618710784,                        1.331380132,                                nan,           300.0051223,            300.2335058,                      0,            17152.40265,             16941.79676,                       0,       0.897687922,      0.5562269114,                 0,                 0,                 0,      0.4383707786,      0.3770198798,      0.9864522252,                 0,      0.6196216945
        1453,     0.06168315034,      -5.984144021,      -3.387625815,     -0.5730371102,                         6,      -4.738593275,               3,      -4.575689956,   1.165234768e-08,    4.99755676e-06,      0.5747548837,       5.124572277,       4.769663881,         0.7068898789,         -0.7066946589,                     0,      0.4362195723,      0.6856750219,                 0,       289.0064616,       274.4171568,                 0,       15050.56911,        12365.33751,                  0,        0.1814160529,         0.1569789118,                    0,          301416.2532,           301643.9105,                     0,           118.2553226,           -136.7387765,                      0,        118.2553157,         136.6749323,                   0,                90.09362641,                  181.965662,                           0,            -1.164969226e-07,             -0.0009335944524,                          nan,                      0.7618568846,                        1.331375542,                                nan,           300.0053281,            300.2319198,                      0,             17152.5176,             16941.51168,                       0,      0.8976179825,       0.556216621,                 0,                 0,                 0,      0.4383600133,      0.3769704806,      0.9864016569,                 0,      0.6196585094
        1454,     0.06165974859,      -5.993355684,      -3.391312887,     -0.5853097548,                         6,      -4.257345652,               3,      -4.228037243,   1.398305282e-08,   5.997244432e-06,      0.6897058605,       6.149486732,       5.723596657,         0.7067808444,         -0.7066789506,                     0,      0.4361248883,      0.6856544255,                 0,       289.0117712,       274.4168859,                 0,       15051.59654,        12365.33588,                  0,        0.1814251042,         0.1569790455,                    0,          301416.9937,           301642.0002,                     0,           118.2311816,           -136.7352076,                      0,        118.2311755,         136.6715931,                   0,                 90.0743202,                 181.9599879,                           0,            -1.031830614e-07,             -0.0009302601421,                          nan,                       0.761849147,                        1.331366554,                                nan,           300.0060652,            300.2300184,                      0,            17152.73305,             16941.18347,                       0,      0.8975305843,      0.5562033689,                 0,                 0,                 0,      0.4383474363,      0.3769089883,      0.9863381529,                 0,      0.6197040843
        1455,     0.06163822005,      -5.996092223,      -3.395384787,     -0.5877934872,                         7,      -4.414398917,               4,      -5.051094826,     1.6780002e-08,   7.196955124e-06,      0.8276470326,       7.379384078,       6.868315989,         0.7066468566,         -0.7066627623,                     0,      0.4360121276,      0.6856309644,                 0,       289.0181446,       274.4165122,                 0,       15052.80075,         12365.3372,                  0,        0.1814356182,         0.1569792753,                    0,          301417.9292,           301639.7505,                     0,           118.2019171,           -136.7314082,                      0,        118.2019114,         136.6680531,                   0,                90.05202298,                 181.9532976,                           0,            -9.753149743e-08,             -0.0009264941144,                          nan,                       0.761849127,                        1.331352086,                                nan,           300.0069963,            300.2277793,                      0,            17152.96776,             16940.81324,                       0,      0.8974219632,      0.5561850693,                 0,                 0,                 0,      0.4383328231,      0.3768336725,       0.986257773,                 0,      0.6197587001
        1456,     0.06161727914,      -5.997871119,      -3.399391393,     -0.5881414915,                         8,       -4.48957453,               4,      -4.636334228,   2.013649211e-08,   8.636733049e-06,      0.9931764391,       8.855260894,       8.241979187,          0.706482905,         -0.7066467148,                     0,      0.4358785025,      0.6856047154,                 0,       289.0254598,       274.4160138,                 0,       15054.15722,        12365.34222,                  0,        0.1814473755,         0.1569796235,                    0,          301418.7919,           301637.1432,                     0,           118.1668356,           -136.7274738,                      0,        118.1668297,         136.6644107,                   0,                90.02602483,                 181.9455426,                           0,            -1.000039591e-07,             -0.0009222526099,                          nan,                      0.7618552942,                        1.331330825,                                nan,           300.0078549,            300.2251842,                      0,            17153.16572,             16940.40316,                       0,      0.8972880069,      0.5561588376,                 0,                 0,                 0,      0.4383159731,      0.3767430099,      0.9861557303,                 0,      0.6198219895
        1457,     0.06159856289,      -6.002306816,      -3.403466146,     -0.5917078084,                         9,      -4.483082566,               4,      -4.244149688,   2.416450448e-08,   1.036464111e-05,       1.191811727,       10.62631307,       9.890375024,         0.7062875261,         -0.7066317647,                     0,      0.4357222822,       0.685575924,                 0,       289.0336814,       274.4153604,                 0,       15055.66624,        12365.35146,                  0,        0.1814604019,         0.1569801136,                    0,           301419.458,            301634.164,                     0,           118.1256772,           -136.7235594,                      0,        118.1256708,         136.6608262,                   0,                89.99567792,                 181.9366973,                           0,            -1.088952096e-07,             -0.0009174545322,                          nan,                      0.7618638466,                         1.33130102,                                nan,            300.008518,            300.2222189,                      0,            17153.30998,             16939.95762,                       0,       0.897124466,      0.5561209079,                 0,                 0,                 0,      0.4382968583,      0.3766359024,      0.9860264544,                 0,      0.6198927005
        1458,     0.06158229308,      -6.008027213,      -3.407879693,     -0.5971738485,                        10,      -4.414264213,               5,      -4.803221252,   2.899845561e-08,   1.243836096e-05,       1.430174072,       12.75157569,       11.86845003,         0.7060618061,         -0.7066193259,                     0,      0.4355427769,      0.6855450691,                 0,       289.0428631,       274.4145061,                 0,         15057.346,         12365.3655,                  0,        0.1814748824,         0.1569807788,                    0,          301419.9498,           301630.7992,                     0,           118.0785049,           -136.7198989,                      0,        118.0784977,         136.6575397,                   0,                89.96053358,                 181.9267656,                           0,            -1.209399758e-07,             -0.0009120105033,                          nan,                      0.7618705802,                        1.331260361,                                nan,           300.0090074,            300.2188698,                      0,            17153.41446,             16939.48463,                       0,      0.8969272933,      0.5560662176,                 0,                 0,                 0,      0.4382758684,      0.3765121985,      0.9858634653,                 0,      0.6199679971
        1459,      0.0615663039,        -6.0086698,      -3.412778507,     -0.5961979293,                        10,      -3.913510087,               5,       -4.38994091,   3.479970488e-08,   1.492711214e-05,       1.716208887,       15.30189082,       14.24214003,         0.7058072872,         -0.7066112458,                     0,      0.4353399854,      0.6855129352,                 0,       289.0531224,       274.4133797,                 0,        15059.2181,        12365.38476,                  0,        0.1814910036,          0.156981665,                    0,          301420.3907,           301627.0303,                     0,           118.0254574,           -136.7168039,                      0,        118.0254495,         136.6548659,                   0,                89.92045769,                  181.915804,                           0,            -1.334310482e-07,              -0.000905872094,                          nan,                      0.7618734608,                        1.331206195,                                nan,           300.0094463,            300.2151186,                      0,            17153.50395,             16938.99662,                       0,      0.8966926276,      0.5559876167,                 0,                 0,                 0,      0.4382539747,      0.3763731593,      0.9856587357,                 0,      0.6200425871
        1460,     0.06155009295,       -5.99682312,      -3.418349444,     -0.5787406162,                        10,      -3.474940326,               5,      -4.011744713,   4.176197346e-08,   1.791395854e-05,       2.059450664,       18.36226899,       17.09056804,         0.7055238559,         -0.7066096415,                     0,      0.4351138395,      0.6854806795,                 0,       289.0646395,       274.4118868,                 0,       15061.30247,        12365.40956,                  0,        0.1815088919,         0.1569828305,                    0,           301420.967,           301622.8419,                     0,           117.9664368,           -136.7146376,                      0,        117.9664281,         136.6531654,                   0,                89.87561542,                 181.9039678,                           0,            -1.465413447e-07,             -0.0008990748648,                          nan,                      0.7618745168,                        1.331136145,                                nan,           300.0100198,            300.2109498,                      0,             17153.6007,              16938.5115,                       0,       0.896415546,      0.5558748335,                 0,                 0,                 0,      0.4382325156,      0.3762210936,      0.9854011114,                 0,      0.6201084262
        1461,     0.06153397011,       -5.97435666,      -3.424406704,     -0.5476827704,                        10,      -3.093111372,               6,      -4.497581622,   5.011785941e-08,   2.149858832e-05,       2.471340797,       22.03472279,       20.50868165,         0.7052086186,         -0.7066167454,                     0,      0.4348631072,      0.6854498771,                 0,       289.0776546,       274.4099264,                 0,       15063.62272,        12365.44078,                  0,        0.1815286806,         0.1569843442,                    0,           301421.868,            301618.243,                     0,           117.9008766,           -136.7137873,                      0,         117.900867,         136.6528167,                   0,                89.82615683,                 181.8915587,                           0,            -1.636610167e-07,              -0.000891746655,                          nan,                      0.7618786794,                        1.331048734,                                nan,           300.0109167,            300.2063724,                      0,             17153.7194,             16938.05419,                       0,      0.8960875373,      0.5557130158,                 0,                 0,                 0,      0.4382124929,       0.376058231,      0.9850736203,                 0,      0.6201548316
        1462,     0.06151788442,      -5.952482903,      -3.430165133,     -0.5176130132,                        10,       -2.75093096,               6,      -4.113990661,   6.014667353e-08,   2.580066775e-05,      0.2471340797,       2.203472279,       2.050868165,          0.704856829,         -0.7066348153,                     0,       0.434584847,      0.6854224828,                 0,       289.0923582,       274.4074054,                 0,       15066.20239,         12365.4794,                  0,        0.1815505332,         0.1569862719,                    0,           301423.146,           301613.2801,                     0,           117.8278824,           -136.7146557,                      0,        117.8278712,         136.6542093,                   0,                89.77167994,                 181.8790237,                           0,            -1.900361378e-07,             -0.0008840747821,                          nan,                      0.7618883296,                        1.330943442,                                nan,           300.0121886,            300.2014328,                      0,             17153.8576,              16937.6556,                       0,      0.8956960143,      0.5554812475,                 0,                 0,                 0,      0.4381943255,      0.3758872337,      0.9846519963,                 0,      0.6201671534
        1463,     0.06149154153,      -5.936110824,       -3.43501166,     -0.4939206242,                         4,      -4.634403853,               2,      -4.068027957,   6.015322729e-09,   2.580322557e-06,      0.2965608956,       2.644166735,       2.461041798,          0.704770805,         -0.7066320597,                     0,      0.4345358146,      0.6854159157,                 0,        289.091434,        274.407119,                 0,       15065.99564,        12365.44905,                  0,        0.1815486224,         0.1569860547,                    0,          301419.7067,           301612.4546,                     0,           117.8147406,           -136.7141879,                      0,        117.8147298,         136.6538072,                   0,                89.76096148,                 181.8765878,                           0,            -1.841930715e-07,             -0.0008831167719,                          nan,                      0.7618823355,                        1.330929533,                                nan,           300.0087655,            300.2006112,                      0,            17153.12913,             16937.51257,                       0,      0.8956673219,      0.5554598563,                 0,                 0,                 0,      0.4381915559,      0.3758773725,      0.9846175929,                 0,      0.6201631373
        1464,     0.06146564253,      -5.954535023,      -3.438474973,     -0.5187130319,                         4,      -4.212981859,               3,      -5.508842599,   7.218469534e-09,   3.096442298e-06,      0.3558730748,       3.173000081,       2.953250158,         0.7046908477,         -0.7066299462,                     0,      0.4344834862,      0.6854079533,                 0,       289.0915876,       274.4067982,                 0,       15066.01855,        12365.42627,                  0,        0.1815488021,         0.1569859516,                    0,           301417.225,           301611.4802,                     0,           117.8012556,           -136.7137073,                      0,        117.8012455,         136.6534145,                   0,                89.74929566,                 181.8735982,                           0,            -1.714473087e-07,             -0.0008818356142,                          nan,                      0.7618705157,                         1.33091148,                                nan,           300.0062954,            300.1996413,                      0,            17152.62904,             16937.35666,                       0,      0.8956317438,      0.5554339618,                 0,                 0,                 0,      0.4381885729,      0.3758647629,      0.9845754346,                 0,      0.6201588606
        1465,     0.06144114693,      -5.973996298,      -3.440068138,     -0.5441668092,                         5,      -4.742911349,               3,      -5.130362228,   8.662281264e-09,   3.715808315e-06,      0.4270476897,       3.807600098,       3.543900189,         0.7046151292,         -0.7066287446,                     0,      0.4344265543,      0.6853984745,                 0,       289.0929384,       274.4064167,                 0,       15066.29404,        12365.41081,                  0,        0.1815512736,         0.1569859746,                    0,          301415.7596,           301610.3178,                     0,           117.7869918,           -136.7132537,                      0,        117.7869827,         136.6530716,                   0,                89.73656896,                 181.8699648,                           0,            -1.538017139e-07,             -0.0008802185966,                          nan,                      0.7618547217,                        1.330888231,                                nan,           300.0048368,            300.1984843,                      0,            17152.37029,             16937.18544,                       0,      0.8955873473,      0.5554026555,                 0,                 0,                 0,      0.4381855686,      0.3758484179,      0.9845236275,                 0,      0.6201546473
        1466,     0.06141692836,      -5.991644501,      -3.441534606,     -0.5668083949,                         5,      -4.282861069,               3,      -4.765090771,   1.039490605e-08,    4.45907921e-06,      0.5124572277,       4.569120117,       4.252680227,         0.7045390249,         -0.7066287942,                     0,      0.4343629084,      0.6853874212,                 0,       289.0955188,       274.4059449,                 0,        15066.8202,        12365.40212,                  0,        0.1815559934,         0.1569861339,                    0,          301415.2376,             301608.93,                     0,           117.7712054,           -136.7128849,                      0,        117.7711975,         136.6528357,                   0,                89.72258389,                 181.8656067,                           0,            -1.344769796e-07,             -0.0008782794476,                          nan,                      0.7618380877,                        1.330858638,                                nan,           300.0043173,             300.197103,                      0,            17152.32948,             16936.99715,                       0,      0.8955318362,      0.5553644929,                 0,                 0,                 0,      0.4381827841,      0.3758273863,      0.9844596311,                 0,      0.6201504743
        1467,     0.06139465463,      -6.003898303,      -3.443750627,      -0.581925384,                         6,      -4.579852422,               3,      -4.414002545,    1.24741282e-08,    5.35104971e-06,      0.6149486732,       5.482944141,       5.103216272,         0.7044555961,         -0.7066305813,                     0,      0.4342897942,      0.6853748362,                 0,       289.0992539,       274.4053554,                 0,       15067.56878,            12365.4,                  0,        0.1815626681,          0.156986443,                    0,          301415.4421,           301607.2895,                     0,            117.752928,           -136.7126858,                      0,        117.7529211,         136.6527895,                   0,                89.70703037,                 181.8604637,                           0,            -1.170978062e-07,             -0.0008760445205,                          nan,                      0.7618242465,                        1.330821452,                                nan,           300.0045208,            300.1954702,                      0,            17152.44678,             16936.79215,                       0,      0.8954625751,      0.5553172153,                 0,                 0,                 0,      0.4381804542,      0.3758009406,      0.9843800516,                 0,       0.620145644
        1468,     0.06137368012,      -6.009427309,      -3.446727391,     -0.5875840417,                         6,      -4.117810548,               3,      -4.077956847,   1.496929861e-08,   6.421479882e-06,      0.7379384078,       6.579532969,       6.123859527,         0.7043571683,         -0.7066348013,                     0,      0.4342042646,       0.685360904,                 0,       289.1039809,       274.4046235,                 0,        15068.4943,        12365.40472,                  0,        0.1815708516,           0.15698692,                    0,           301416.055,           301605.3831,                     0,           117.7311672,           -136.7127762,                      0,         117.731161,          136.653052,                   0,                89.68948397,                 181.8545091,                           0,            -1.046722184e-07,             -0.0008735265313,                          nan,                      0.7618160154,                        1.330775321,                                nan,           300.0051309,            300.1935727,                      0,            17152.64081,             16936.57368,                       0,      0.8953765496,       0.555257595,                 0,                 0,                 0,       0.438178715,      0.3757686389,      0.9842804948,                 0,      0.6201386392
        1469,     0.06135328354,      -6.010982842,      -3.450363506,     -0.5873815552,                         7,       -4.26822346,               4,      -4.879865359,   1.796365303e-08,   7.706090055e-06,      0.8855260894,       7.895439563,       7.348631432,         0.7042375592,         -0.7066423404,                     0,      0.4341038158,      0.6853459795,                 0,       289.1095047,       274.4037198,                 0,       15069.55153,        12365.41613,                  0,        0.1815801216,           0.15698758,                    0,          301416.7469,           301603.2056,                     0,           117.7051646,           -136.7133111,                      0,        117.7051588,           136.65378,                   0,                89.66944902,                   181.84776,                           0,            -9.872304318e-08,             -0.0008706995871,                          nan,                      0.7618140947,                        1.330718843,                                nan,           300.0058196,            300.1914054,                      0,            17152.83501,             16936.34695,                       0,      0.8952702952,      0.5551815025,                 0,                 0,                 0,      0.4381775382,      0.3757302275,      0.9841555763,                 0,      0.6201272459
        1470,     0.06133385486,      -6.012969574,      -3.455096209,     -0.5872512379,                         8,      -4.334249028,               4,      -4.481482232,   2.155709685e-08,   9.247753569e-06,       1.062631307,       9.474527475,       8.818357718,         0.7040938299,         -0.7066541545,                     0,       0.433986932,      0.6853305887,                 0,       289.1156759,       274.4025991,                 0,       15070.71331,        12365.43225,                  0,        0.1815902444,         0.1569884234,                    0,          301417.2861,           301600.7477,                     0,           117.6745818,           -136.7144666,                      0,         117.674576,         136.6551542,                   0,                89.64645385,                 181.8402819,                           0,            -9.878576568e-08,              -0.000867494448,                          nan,                      0.7618166721,                        1.330650739,                                nan,           300.0063562,             300.188959,                      0,            17152.98327,             16936.11721,                       0,      0.8951399212,      0.5550840605,                 0,                 0,                 0,      0.4381767755,      0.3756855671,      0.9839990586,                 0,      0.6201087086
        1471,     0.06131577541,       -6.01716436,      -3.461583557,      -0.589799338,                         9,      -4.320570765,               4,      -4.106038098,   2.586955108e-08,   1.109792622e-05,       1.275157569,       11.36943297,       10.58202926,         0.7039264835,         -0.7066711238,                     0,      0.4338532769,      0.6853153987,                 0,       289.1224391,       274.4011966,                 0,       15071.97651,        12365.44899,                  0,        0.1816012167,          0.156989435,                    0,          301417.5984,           301597.9893,                     0,           117.6395055,           -136.7164161,                      0,        117.6394995,         136.6573538,                   0,                89.62017147,                 181.8321926,                           0,            -1.025454621e-07,             -0.0008638262084,                          nan,                      0.7618204077,                        1.330570127,                                nan,            300.006667,            300.1862135,                      0,            17153.07877,             16935.88895,                       0,      0.8949814671,       0.554959611,                 0,                 0,                 0,      0.4381764096,      0.3756349361,       0.983804041,                 0,      0.6200794445
        1472,     0.06129961181,      -6.020686887,      -3.469915547,     -0.5917071516,                        10,      -4.252691214,               5,      -4.696056273,   3.104497367e-08,   1.331836016e-05,       1.530189082,       13.64331956,       12.69843511,         0.7037379818,         -0.7066940249,                     0,      0.4337034672,      0.6853011907,                 0,       289.1298295,       274.3994426,                 0,       15073.35307,        12365.46249,                  0,        0.1816131604,         0.1569906056,                    0,          301417.7523,           301594.9137,                     0,           117.6002694,           -136.7193125,                      0,        117.6002631,         136.6605346,                   0,                89.59052543,                 181.8236678,                           0,            -1.070853956e-07,             -0.0008596473422,                          nan,                      0.7618224912,                        1.330476778,                                nan,           300.0068202,            300.1831523,                      0,            17153.14139,             16935.66872,                       0,      0.8947916112,      0.5548013436,                 0,                 0,                 0,      0.4381769659,       0.375579819,       0.983563093,                 0,       0.620034136
        1473,     0.06128402341,      -6.017519654,      -3.479488748,     -0.5855551452,                        10,      -3.773201701,               5,      -4.296660348,   3.725619408e-08,   1.598316022e-05,       1.836226899,       16.37198348,       15.23812214,          0.703530589,         -0.7067237335,                     0,      0.4335385398,      0.6852888987,                 0,       289.1379371,       274.3972912,                 0,       15074.85572,         12365.4733,                  0,        0.1816261724,         0.1569919684,                    0,          301417.8944,           301591.5419,                     0,           117.5571904,            -136.723301,                      0,        117.5571839,         136.6648394,                   0,                 89.5577203,                 181.8149592,                           0,            -1.109495765e-07,             -0.0008549985071,                          nan,                       0.761822607,                        1.330371148,                                nan,           300.0069616,            300.1797963,                      0,            17153.19614,             16935.47147,                       0,      0.8945682708,      0.5546006642,                 0,                 0,                 0,      0.4381798439,       0.375523767,      0.9832681162,                 0,      0.6199646045
        1474,     0.06126822041,      -6.004113659,      -3.489284593,     -0.5669626115,                        10,      -3.352011168,               6,      -4.799832909,   4.471072753e-08,   1.918125396e-05,       2.203472279,       19.64638017,       18.28574656,         0.7033049203,         -0.7067616217,                     0,      0.4333592814,      0.6852797552,                 0,       289.1468694,       274.3947407,                 0,       15076.49103,        12365.48889,                  0,        0.1816402636,         0.1569936192,                    0,          301418.1773,           301587.9666,                     0,           117.5103658,           -136.7285814,                      0,        117.5103591,         136.6704576,                   0,                 89.5221153,                 181.8064162,                           0,            -1.152742538e-07,             -0.0008500263042,                          nan,                      0.7618231789,                        1.330253952,                                nan,           300.0072432,            300.1762378,                      0,            17153.25848,             16935.32623,                       0,      0.8943107278,      0.5543464614,                 0,                 0,                 0,      0.4381874379,      0.3754729423,      0.9829098365,                 0,      0.6198588971
        1475,     0.06125253523,      -5.984084654,      -3.497913414,     -0.5403978125,                        10,      -2.983180757,               6,      -4.357426414,   5.365777052e-08,   2.301936371e-05,       2.203472279,       19.64638017,       18.28574656,         0.7030601492,         -0.7068099447,                     0,      0.4331657781,      0.6852754758,                 0,        289.156691,       274.3918229,                 0,        15078.2578,        12365.52097,                  0,         0.181655379,         0.1569956888,                    0,          301418.6733,           301584.3542,                     0,           117.4596954,           -136.7355038,                      0,        117.4596882,         136.6777239,                   0,                89.48391669,                 181.7984863,                           0,            -1.228686622e-07,             -0.0008449557527,                          nan,                      0.7618266151,                        1.330125211,                                nan,           300.0077369,            300.1726423,                      0,            17153.32805,             16935.27525,                       0,      0.8940198625,      0.5540239494,                 0,                 0,                 0,      0.4382032526,      0.3754370052,      0.9824770258,                 0,      0.6196998217
        1476,     0.06123708639,      -5.962632785,      -3.504085877,     -0.5118844107,                        10,      -3.017855908,               6,      -4.327832397,   5.366385107e-08,   2.302131947e-05,       2.644166735,       23.57565621,       21.94289588,          0.702820239,         -0.7068623475,                     0,       0.432979738,      0.6852754639,                 0,       289.1655269,       274.3889216,                 0,       15079.80957,        12365.54713,                  0,        0.1816685226,         0.1569976745,                    0,          301418.5211,           301581.0915,                     0,           117.4111199,           -136.7433721,                      0,        117.4111121,         136.6858892,                   0,                89.44674762,                 181.7915616,                           0,             -1.31394842e-07,             -0.0008405654776,                          nan,                      0.7618252309,                        1.329995091,                                nan,           300.0075855,            300.1693948,                      0,            17153.22842,             16935.28293,                       0,      0.8937548796,      0.5536896893,                 0,                 0,                 0,      0.4382264065,      0.3754287761,      0.9820505542,                 0,      0.6195095567
        1477,     0.06122176319,      -5.949964853,      -3.509069978,      -0.493905043,                        10,      -2.680434637,               7,      -4.633674826,   6.440413981e-08,   2.762782311e-05,      0.2644166735,       2.357565621,       2.194289588,         0.7025713968,         -0.7069302047,                     0,      0.4327825593,      0.6852829844,                 0,       289.1753657,        274.385745,                 0,       15081.56173,        12365.61328,                  0,        0.1816834494,          0.157000323,                    0,          301418.8576,           301578.0975,                     0,            117.359908,           -136.7536812,                      0,        117.3598996,         136.6964796,                   0,                89.40719191,                 181.7857782,                           0,            -1.427929415e-07,             -0.0008363891142,                          nan,                      0.7618206239,                        1.329849743,                                nan,           300.0079203,            300.1664149,                      0,             17153.2457,              16935.4573,                       0,      0.8934683257,      0.5532672923,                 0,                 0,                 0,      0.4382659485,      0.3754567977,      0.9815409002,                 0,      0.6192354854
        1478,     0.06119708587,      -5.932677015,      -3.511796712,     -0.4698579779,                         4,      -4.535546895,               3,      -5.744398157,   6.441315742e-09,   2.763020712e-06,      0.3173000081,       2.829078745,       2.633147505,         0.7025108652,          -0.706936026,                     0,      0.4327481567,      0.6852815949,                 0,       289.1747157,       274.3850698,                 0,       15081.41759,        12365.54898,                  0,        0.1816821214,         0.1569998948,                    0,          301416.4497,           301577.2439,                     0,           117.3506531,           -136.7551407,                      0,        117.3506451,         136.6979597,                   0,                89.39971417,                 181.7837895,                           0,            -1.370424404e-07,             -0.0008360785156,                          nan,                      0.7618169812,                        1.329820795,                                nan,           300.0055237,            300.1655652,                      0,            17152.73712,             16935.34665,                       0,       0.893449079,      0.5532339647,                 0,                 0,                 0,      0.4382668707,      0.3754616837,      0.9815027257,                 0,      0.6192115227
        1479,      0.0611720698,       -5.94556366,      -3.515199169,      -0.486946395,                         4,      -4.126280453,               3,      -5.358061457,   7.729673159e-09,   3.315688083e-06,      0.3807600098,       3.394894494,       3.159777006,         0.7024555915,         -0.7069448496,                     0,      0.4327117806,      0.6852800573,                 0,       289.1748576,       274.3843741,                 0,       15081.44554,        12365.50426,                  0,         0.181682369,         0.1569997256,                    0,          301414.7681,           301576.3527,                     0,           117.3412584,           -136.7569388,                      0,        117.3412509,         136.6997885,                   0,                89.39164335,                 181.7814933,                           0,            -1.272552578e-07,             -0.0008356190664,                          nan,                      0.7618091903,                        1.329786208,                                nan,             300.00385,            300.1646782,                      0,            17152.40454,             16935.25889,                       0,      0.8934251499,      0.5531932177,                 0,                 0,                 0,      0.4382689205,      0.3754673409,      0.9814558118,                 0,      0.6191824998
        1480,     0.06114820182,      -5.959969919,      -3.516721837,     -0.5051559763,                         5,       -4.64282332,               3,       -4.98376324,   9.275745233e-09,   3.978913095e-06,      0.4569120117,       4.073873393,       3.791732408,         0.7024040057,         -0.7069571431,                     0,      0.4326725557,      0.6852785485,                 0,       289.1758377,       274.3836163,                 0,       15081.65409,        12365.47726,                  0,        0.1816842657,         0.1569998154,                    0,          301413.8171,           301575.3915,                     0,           117.3314145,           -136.7591674,                      0,        117.3314078,         136.7020567,                   0,                89.38291236,                 181.7788735,                           0,            -1.147542323e-07,             -0.0008350269859,                          nan,                      0.7617986866,                        1.329744979,                                nan,           300.0029034,            300.1637215,                      0,            17152.24885,             16935.19396,                       0,      0.8933953722,      0.5531430859,                 0,                 0,                 0,      0.4382727917,      0.3754740327,      0.9813978883,                 0,      0.6191470239
        1481,     0.06112443603,      -5.975082248,      -3.517391284,     -0.5236726559,                         5,      -4.192624669,               3,      -4.622325999,   1.113109493e-08,   4.774815571e-06,      0.5482944141,       4.888648071,       4.550078889,         0.7023526794,         -0.7069734044,                     0,      0.4326291576,      0.6852773281,                 0,       289.1776242,       274.3827551,                 0,       15082.03101,        12365.46509,                  0,        0.1816876839,         0.1570001516,                    0,          301413.4969,            301574.334,                     0,           117.3206317,           -136.7619372,                      0,        117.3206258,         136.7048729,                   0,                89.37340549,                 181.7759325,                           0,            -1.014437825e-07,             -0.0008343321481,                          nan,                      0.7617876642,                        1.329696072,                                nan,           300.0025848,             300.162669,                      0,            17152.24287,             16935.15181,                       0,      0.8933586263,      0.5530808306,                 0,                 0,                 0,      0.4382793106,      0.3754825284,      0.9813260984,                 0,      0.6191028041
        1482,     0.06110192839,      -5.989183708,      -3.517880553,     -0.5405047576,                         6,      -4.471479725,               3,      -4.274506388,    1.33576071e-08,   5.729941976e-06,      0.6579532969,       5.866377685,       5.460094667,         0.7022969784,         -0.7069943459,                     0,      0.4325800424,      0.6852767791,                 0,       289.1800984,       274.3817611,                 0,       15082.54407,        12365.46565,                  0,          0.18169231,         0.1570007247,                    0,          301413.6063,           301573.1774,                     0,           117.3083389,           -136.7653966,                      0,        117.3083337,         136.7083838,                   0,                89.36295373,                 181.7727012,                           0,            -8.924282935e-08,             -0.0008335584111,                          nan,                      0.7617783915,                        1.329638286,                                nan,           300.0026937,            300.1615178,                      0,             17152.3345,             16935.13539,                       0,      0.8933139361,      0.5530028312,                 0,                 0,                 0,      0.4382893429,      0.3754942452,      0.9812369702,                 0,      0.6190464616
        1483,     0.06108044326,      -6.000829932,      -3.518946635,     -0.5537956208,                         6,      -4.014993658,               4,      -5.111580163,   1.602955714e-08,   6.876151524e-06,      0.7895439563,       7.039653222,       6.552113601,         0.7022324572,         -0.7070210479,                     0,      0.4325238762,      0.6852774653,                 0,       289.1830785,       274.3806175,                 0,       15083.14987,        12365.47828,                  0,        0.1816977354,          0.157001536,                    0,          301413.8888,           301571.9462,                     0,           117.2940577,           -136.7697524,                      0,        117.2940531,         136.7127966,                   0,                 89.3513578,                 181.7692491,                           0,            -7.944953895e-08,             -0.0008326983927,                          nan,                      0.7617722762,                        1.329570118,                                nan,           300.0029749,            300.1602923,                      0,            17152.46104,             16935.15238,                       0,      0.8932604369,      0.5529046748,                 0,                 0,                 0,      0.4383036673,      0.3755111697,      0.9811264695,                 0,       0.618973652
        1484,     0.06106104492,      -6.010305142,      -3.521776496,     -0.5636609955,                         7,      -4.153266368,               4,      -4.693869883,   1.923609522e-08,   8.251679324e-06,      0.9474527475,       8.447583867,       7.862536321,         0.7021564831,         -0.7070548785,                     0,      0.4324600312,        0.68528016,                 0,       289.1863697,       274.3793016,                 0,       15083.80781,        12365.50182,                  0,        0.1817035932,         0.1570025838,                    0,            301414.11,           301570.6745,                     0,           117.2775858,           -136.7752648,                      0,        117.2775815,         136.7183749,                   0,                89.33844825,                 181.7656919,                           0,             -7.23333311e-08,             -0.0008317012331,                          nan,                      0.7617691896,                        1.329489851,                                nan,            300.003195,            300.1590265,                      0,            17152.57003,             16935.21291,                       0,      0.8931973401,      0.5527814803,                 0,                 0,                 0,      0.4383229306,      0.3755356323,      0.9809902356,                 0,      0.6188794519
        1485,      0.0610428891,      -6.019012387,      -3.527492269,     -0.5716541924,                         8,      -4.211294514,               4,      -4.296406327,   2.308423055e-08,   9.902411924e-06,       1.136943297,       10.13710064,       9.435043585,         0.7020691489,         -0.7070970781,                     0,      0.4323888883,      0.6852857973,                 0,       289.1898271,       274.3777582,                 0,       15084.49229,        12365.53113,                  0,        0.1817096662,         0.1570038342,                    0,          301414.1382,           301569.3729,                     0,           117.2590789,           -136.7821944,                      0,        117.2590749,         136.7253842,                   0,                89.32417383,                 181.7621961,                           0,            -6.717834544e-08,             -0.0008304931793,                          nan,                      0.7617676832,                        1.329396126,                                nan,            300.003223,            300.1577311,                      0,            17152.63624,             16935.32405,                       0,      0.8931240493,      0.5526281402,                 0,                 0,                 0,      0.4383477612,      0.3755702537,      0.9808238442,                 0,      0.6187585483
        1486,     0.06102597545,      -6.026219216,      -3.536106987,     -0.5770210387,                         9,      -4.191414185,               5,      -4.842326656,   2.770241708e-08,   1.188341814e-05,       1.364331956,       12.16452077,        11.3220523,          0.701972831,         -0.7071482206,                     0,      0.4323117602,      0.6852953291,                 0,       289.1933892,       274.3758985,                 0,       15085.19526,        12365.55636,                  0,        0.1817158959,         0.1570052128,                    0,          301413.9752,           301568.0169,                     0,           117.2389717,           -136.7907122,                      0,         117.238968,         136.7339984,                   0,                89.30867637,                 181.7589847,                           0,            -6.284475296e-08,             -0.0008290337033,                          nan,                      0.7617661419,                        1.329288888,                                nan,           300.0030608,            300.1563815,                      0,            17152.66364,             16935.48668,                       0,      0.8930405623,      0.5524392303,                 0,                 0,                 0,      0.4383790393,      0.3756183192,      0.9806229792,                 0,      0.6186048581
        1487,     0.06101047056,      -6.027420218,      -3.545989456,     -0.5749107984,                        10,      -4.122532752,               5,      -4.394225256,    3.32448639e-08,   1.426078653e-05,       1.637198348,       14.59742492,       13.58646276,         0.7018707253,         -0.7072080749,                     0,        0.43223049,      0.6853095818,                 0,       289.1970587,       274.3736509,                 0,       15085.91734,        12365.56903,                  0,        0.1817222884,          0.157006653,                    0,          301413.7166,           301566.5908,                     0,           117.2177945,           -136.8008385,                      0,        117.2177911,         136.7442337,                   0,                89.29229799,                 181.7563455,                           0,            -5.860263608e-08,             -0.0008273797996,                          nan,                      0.7617640393,                        1.329170091,                                nan,           300.0028035,             300.154962,                      0,            17152.67143,             16935.70177,                       0,      0.8929478573,      0.5522085249,                 0,                 0,                 0,      0.4384180597,      0.3756843796,       0.980383281,                 0,      0.6184107173
        1488,     0.06099499066,      -6.018636186,      -3.554306712,     -0.5614655055,                        10,      -3.662496655,               6,      -4.842773363,   3.989671884e-08,   1.711382914e-05,       1.964638017,       17.51690991,       16.30375531,         0.7017656446,         -0.7072762692,                     0,      0.4321470779,      0.6853292822,                 0,       289.2008321,       274.3710335,                 0,       15086.65347,        12365.57203,                  0,        0.1817287845,         0.1570081814,                    0,          301413.4595,           301565.1706,                     0,           117.1960551,           -136.8124997,                      0,        117.1960519,         136.7560042,                   0,                89.27549562,                 181.7546328,                           0,            -5.459481645e-08,             -0.0008257120598,                          nan,                      0.7617619721,                        1.329043166,                                nan,           300.0025475,            300.1535485,                      0,            17152.67386,             16935.98456,                       0,      0.8928477784,      0.5519283664,                 0,                 0,                 0,      0.4384662715,      0.3757745424,      0.9800997757,                 0,      0.6181662538
        1489,     0.06097925342,       -6.00094759,      -3.558148133,      -0.538570481,                        10,      -3.256684781,               6,      -4.373854347,   4.788030469e-08,   2.053772252e-05,       2.357565621,       21.02029189,       19.56450638,         0.7016602829,         -0.7073535724,                     0,      0.4320637809,      0.6853553284,                 0,       289.2046073,       274.3681776,                 0,       15087.38047,        12365.58375,                  0,        0.1817351692,         0.1570099561,                    0,          301413.2108,           301563.9706,                     0,           117.1743423,           -136.8257389,                      0,        117.1743393,          136.769335,                   0,                89.25872313,                 181.7542341,                           0,            -5.144757487e-08,             -0.0008242923936,                          nan,                      0.7617599864,                         1.32891071,                                nan,              300.0023,            300.1523541,                      0,            17152.66717,              16936.3743,                       0,       0.892743092,      0.5515895415,                 0,                 0,                 0,      0.4385250881,      0.3758965911,      0.9797668107,                 0,      0.6178592099
        1490,     0.06096642139,      -5.977383259,       -3.55571433,      -0.509742244,                        10,      -2.902147663,               7,      -4.710157255,   5.746262442e-08,   2.464667401e-05,      0.2357565621,       2.102029189,       1.956450638,         0.7015589168,         -0.7074429939,                     0,      0.4319838804,      0.6853891586,                 0,       289.2081134,       274.3652546,                 0,       15088.05058,        12365.62845,                  0,        0.1817410379,         0.1570121868,                    0,          301412.8527,           301563.2907,                     0,           117.1536311,           -136.8409866,                      0,        117.1536283,         136.7846398,                   0,                89.24243288,                 181.7554878,                           0,            -4.939835396e-08,             -0.0008233673628,                          nan,                      0.7617556043,                        1.328771185,                                nan,           300.0019436,            300.1516773,                      0,            17152.62989,              16936.9265,                       0,      0.8926389859,      0.5511816691,                 0,                 0,                 0,      0.4385966437,      0.3760609434,       0.979379272,                 0,      0.6174743405
        1491,     0.06094140007,      -5.948741234,      -3.546836495,     -0.4757230584,                         4,       -4.81502755,               2,      -4.111583992,    5.74703287e-09,   2.464810124e-06,      0.2829078745,       2.522435026,       2.347740765,         0.7015356546,         -0.7074542922,                     0,      0.4319713985,      0.6853925349,                 0,       289.2080366,       274.3644985,                 0,       15088.01958,        12365.56603,                  0,        0.1817407127,         0.1570118264,                    0,           301412.146,           301562.7135,                     0,           117.1499557,           -136.8435021,                      0,         117.149953,         136.7871461,                   0,                89.24020336,                 181.7546087,                           0,            -4.676937848e-08,             -0.0008234866707,                          nan,                      0.7617604709,                        1.328740411,                                nan,           300.0012402,            300.1511029,                      0,            17152.46982,             16936.89044,                       0,      0.8926319324,      0.5511500727,                 0,                 0,                 0,      0.4386003843,      0.3760744795,      0.9793498635,                 0,      0.6174438228
        1492,     0.06091667528,      -5.953972477,      -3.549866736,     -0.4841755287,                         4,      -4.398941171,               3,      -5.532849924,   6.896527268e-09,   2.957814089e-06,      0.3394894494,       3.026922032,       2.817288918,         0.7015138546,         -0.7074693426,                     0,      0.4319581714,      0.6853967773,                 0,       289.2081926,       274.3637387,                 0,        15088.0396,        12365.52277,                  0,        0.1817408559,         0.1570117109,                    0,          301411.6445,           301562.1967,                     0,           117.1462226,           -136.8465339,                      0,          117.14622,         136.7901666,                   0,                89.23772815,                 181.7537014,                           0,            -4.350053273e-08,             -0.0008236322696,                          nan,                      0.7617636159,                        1.328704437,                                nan,            300.000741,            300.1505885,                      0,             17152.3603,             16936.89296,                       0,      0.8926232625,      0.5511114818,                 0,                 0,                 0,      0.4386054867,      0.3760909685,      0.9793139116,                 0,      0.6174065868
        1493,     0.06089377369,      -5.961909714,      -3.551595712,     -0.4953552349,                         5,      -4.953693027,               3,       -5.14838674,   8.275959946e-09,    3.54943388e-06,      0.4073873393,       3.632306438,       3.380746702,         0.7014934664,         -0.7074887344,                     0,      0.4319440962,      0.6854022043,                 0,        289.208592,       274.3629472,                 0,        15088.1137,        12365.49799,                  0,        0.1817414974,         0.1570118475,                    0,           301411.354,           301561.7337,                     0,           117.1424039,           -136.8501932,                      0,        117.1424016,         136.7938106,                   0,                89.23499043,                 181.7527985,                           0,            -3.974869867e-08,             -0.0008238348092,                          nan,                       0.761765076,                        1.328662443,                                nan,           300.0004519,            300.1501277,                      0,            17152.30378,             16936.93787,                       0,       0.892612637,      0.5510640261,                 0,                 0,                 0,      0.4386125791,      0.3761112738,       0.979269723,                 0,      0.6173607713
        1494,     0.06087046455,      -5.973102811,        -3.5519655,     -0.5099152117,                         5,      -4.486992691,               3,      -4.775913641,   9.931336427e-09,   4.259396833e-06,      0.4888648071,       4.358767726,       4.056896042,         0.7014739557,         -0.7075130584,                     0,      0.4319290048,      0.6854092076,                 0,       289.2092185,       274.3620929,                 0,       15088.23805,        12365.48948,                  0,        0.1817426015,         0.1570122262,                    0,          301411.2493,           301561.3199,                     0,           117.1384336,           -136.8546074,                      0,        117.1384315,         136.7982027,                   0,                89.23197542,                 181.7519486,                           0,            -3.574949869e-08,             -0.0008241314092,                          nan,                      0.7617651552,                        1.328613571,                                nan,           300.0003477,            300.1497157,                      0,            17152.29423,             16937.02804,                       0,      0.8925998777,       0.551005257,                 0,                 0,                 0,      0.4386224403,      0.3761367375,      0.9792152417,                 0,      0.6173037559
        1495,     0.06084751738,      -5.986851133,      -3.551208563,     -0.5270860871,                         5,      -4.044686255,               3,      -4.416308191,   1.191787151e-08,   5.111376385e-06,      0.5866377685,       5.230521271,       4.868275251,         0.7014544372,         -0.7075430714,                     0,      0.4319127417,      0.6854182832,                 0,       289.2100214,       274.3611527,                 0,       15088.40096,        12365.49513,                  0,        0.1817440594,         0.1570128334,                    0,          301411.2695,           301560.9677,                     0,            117.134234,           -136.8599387,                      0,        117.1342322,         136.8035029,                   0,                89.22867612,                 181.7512209,                           0,            -3.175324337e-08,             -0.0008245521918,                          nan,                      0.7617642979,                        1.328556777,                                nan,           300.0003678,            300.1493653,                      0,            17152.31681,             16937.16804,                       0,      0.8925850422,      0.5509321056,                 0,                 0,                 0,      0.4386359313,      0.3761692651,      0.9791480616,                 0,      0.6172320615
        1496,     0.06082666934,      -6.001150201,      -3.550107155,      -0.544493631,                         6,      -4.308353207,               3,      -4.070433628,   1.430183488e-08,   6.133781366e-06,      0.7039653222,       6.276625525,       5.841930301,         0.7014340793,         -0.7075799076,                     0,      0.4318953254,      0.6854300868,                 0,       289.2109148,       274.3601179,                 0,       15088.58407,        12365.51418,                  0,        0.1817457036,         0.1570136642,                    0,          301411.3262,           301560.7177,                     0,           117.1297743,            -136.866411,                      0,        117.1297727,         136.8099351,                   0,                89.22510765,                 181.7507134,                           0,            -2.793953002e-08,             -0.0008251001192,                          nan,                      0.7617628347,                        1.328490605,                                nan,           300.0004242,            300.1491164,                      0,            17152.35082,             16937.36673,                       0,      0.8925683866,      0.5508409887,                 0,                 0,                 0,      0.4386538834,      0.3762112319,      0.9790654874,                 0,      0.6171414952
        1497,     0.06080778231,      -6.013915664,      -3.549852947,     -0.5594494138,                         7,      -4.462974931,               4,        -4.8624523,   1.716276748e-08,   7.360703402e-06,      0.8447583867,        7.53195063,       7.010316361,          0.701412693,         -0.7076251393,                     0,      0.4318771678,      0.6854454904,                 0,       289.2117886,       274.3589807,                 0,       15088.76579,        12365.54631,                  0,        0.1817473433,         0.1570147192,                    0,          301411.3254,           301560.6277,                     0,           117.1251459,           -136.8743236,                      0,        117.1251444,          136.817801,                   0,                89.22133526,                 181.7505597,                           0,            -2.435920499e-08,              -0.000825734872,                          nan,                      0.7617607277,                        1.328413104,                                nan,           300.0004234,            300.1490269,                      0,            17152.37584,              16937.6368,                       0,      0.8925502332,      0.5507280369,                 0,                 0,                 0,      0.4386769924,      0.3762652388,      0.9789646365,                 0,      0.6170274976
        1498,     0.06079071448,      -6.024468139,      -3.551305593,      -0.570736069,                         8,      -4.533318605,               4,       -4.44913296,   2.059614376e-08,   8.833054249e-06,       1.013710064,       9.038340756,       8.412379634,         0.7013912354,          -0.707680457,                     0,      0.4318592694,      0.6854655646,                 0,       289.2125264,        274.357704,                 0,       15088.92547,        12365.58803,                  0,         0.181748803,         0.1570159747,                    0,          301411.1958,           301560.7386,                     0,           117.1206216,           -136.8840151,                      0,        117.1206203,         136.8274444,                   0,                 89.2175149,                 181.7509341,                           0,            -2.096164586e-08,             -0.0008263782437,                          nan,                      0.7617575338,                        1.328322216,                                nan,           300.0002945,            300.1491372,                      0,            17152.37841,             16937.98949,                       0,      0.8925309607,      0.5505893424,                 0,                 0,                 0,       0.438705849,      0.3763339553,      0.9788426298,                 0,      0.6168854266
        1499,      0.0607721904,      -6.032459577,      -3.554146765,     -0.5776318216,                         8,      -4.045040138,               4,      -4.056044954,   2.471657004e-08,   1.059993124e-05,       1.216452077,       10.84600891,       10.09485556,         0.7013719039,         -0.7077469594,                     0,       0.431843287,      0.6854914227,                 0,       289.2130241,       274.3561994,                 0,       15089.04601,          12365.629,                  0,        0.1817499422,         0.1570173501,                    0,          301410.9123,           301561.0376,                     0,           117.1166589,            -136.895759,                      0,        117.1166579,         136.8391441,                   0,                89.21393424,                  181.752052,                           0,            -1.771550862e-08,              -0.000826953666,                          nan,                      0.7617527332,                        1.328216814,                                nan,           300.0000122,            300.1494348,                      0,            17152.35564,             16938.42729,                       0,      0.8925113317,      0.5504209818,                 0,                 0,                 0,       0.438741186,      0.3764203654,      0.9786968084,                 0,      0.6167103568
        1500,     0.06075628641,      -6.034757499,      -3.556732025,     -0.5766754026,                         9,      -4.025924257,               5,      -4.533105457,   2.966162811e-08,   1.272025609e-05,       1.459742492,       13.01521069,       12.11382667,         0.7013577505,         -0.7078244756,                     0,       0.431831428,      0.6855239416,                 0,       289.2131936,       274.3543546,                 0,       15089.11268,        12365.65421,                  0,        0.1817506387,         0.1570187194,                    0,          301410.4937,           301561.4679,                     0,           117.1138463,           -136.9096303,                      0,        117.1138454,         136.8529757,                   0,                89.21102588,                 181.7541652,                           0,            -1.472617428e-08,             -0.0008274490196,                          nan,                      0.7617461928,                        1.328098014,                                nan,           299.9995956,            300.1498631,                      0,            17152.31286,             16938.94286,                       0,      0.8924932034,      0.5502187984,                 0,                 0,                 0,      0.4387842863,      0.3765284657,      0.9785249913,                 0,      0.6164963456
        1501,     0.06158675226,       -6.02660214,      -3.556810632,     -0.5633905961,                        10,      -3.960896147,               5,      -4.100185836,    3.55964955e-08,   1.526473989e-05,       1.751690991,       15.61825283,       14.53659201,         0.7013522307,         -0.7079115473,                     0,      0.4318263073,       0.685563516,                 0,       289.2129352,       274.3521151,                 0,       15089.10752,         12365.6539,                  0,         0.181750739,         0.1570199901,                    0,          301409.9672,                301562,                     0,           117.1128596,           -136.9254389,                      0,        117.1128588,         136.8687425,                   0,                89.20933185,                 181.7575478,                           0,            -1.219397916e-08,             -0.0008279648312,                          nan,                       0.761738145,                        1.327969736,                                nan,           299.9990716,            300.1503927,                      0,             17152.2558,               16939.529,                       0,      0.8924800704,      0.5499779623,                 0,                 0,                 0,      0.4388370845,      0.3766639627,      0.9783254542,                 0,       0.616235567
        1502,     0.06157186467,      -6.007721629,      -3.552621173,     -0.5388895447,                        10,      -3.527185159,               6,      -4.543566045,    4.27195004e-08,   1.831823609e-05,       2.102029189,       18.74190339,       17.44391041,         0.7013593728,          -0.708006324,                     0,      0.4318310778,      0.6856100389,                 0,       289.2120776,       274.3495605,                 0,       15089.00059,         12365.6343,                  0,        0.1817499899,         0.1570211957,                    0,          301409.3129,           301562.7148,                     0,           117.1145345,           -136.9428219,                      0,        117.1145339,         136.8860674,                   0,                89.20945684,                 181.7624552,                           0,             -1.01858314e-08,             -0.0008287066281,                          nan,                       0.761728317,                        1.327837512,                                nan,           299.9984204,            300.1511042,                      0,            17152.18193,             16940.19328,                       0,      0.8924769507,      0.5496926821,                 0,                 0,                 0,      0.4389015081,      0.3768343575,      0.9780966309,                 0,      0.6159180713
        1503,     0.06155775086,      -5.982919556,       -3.54368737,      -0.509296697,                        10,      -3.144770599,               6,      -4.101237116,   5.126880182e-08,   2.198255664e-05,       2.522435026,       22.49028407,       20.93269249,         0.7013847901,           -0.70810796,                     0,      0.4318500557,      0.6856631952,                 0,       289.2103218,       274.3468965,                 0,       15088.74213,        12365.61808,                  0,        0.1817479801,         0.1570225064,                    0,          301408.4355,           301563.8173,                     0,           117.1200736,           -136.9614966,                      0,        117.1200731,         136.9046518,                   0,                89.21212507,                 181.7690541,                           0,            -8.480560254e-09,             -0.0008299130665,                          nan,                      0.7617150734,                        1.327705463,                                nan,           299.9975471,            300.1522014,                      0,            17152.07784,             16940.96299,                       0,      0.8924901378,      0.5493570527,                 0,                 0,                 0,      0.4389783173,       0.377048235,      0.9778376378,                 0,      0.6155329111
        1504,     0.06154404445,      -5.956574358,      -3.530488085,     -0.4792774744,                        10,      -2.810531267,               7,       -4.44903555,   6.153042421e-08,   2.637984602e-05,      0.2522435026,       2.249028407,       2.093269249,         0.7014367295,         -0.7082177041,                     0,      0.4318895393,      0.6857229542,                 0,       289.2072432,       274.3443493,                 0,       15088.26216,        12365.63132,                  0,        0.1817441334,         0.1570241234,                    0,          301407.2089,           301565.5567,                     0,           117.1312255,           -136.9815522,                      0,        117.1312251,         136.9245724,                   0,                89.21840588,                 181.7773608,                           0,            -6.868805746e-09,             -0.0008317609481,                          nan,                      0.7616961732,                        1.327572966,                                nan,           299.9963262,            300.1539328,                      0,            17151.92697,             16941.87434,                       0,      0.8925278412,      0.5489681874,                 0,                 0,                 0,      0.4390662985,      0.3773138749,      0.9775511536,                 0,      0.6150712192
        1505,     0.06151984216,      -5.929815207,      -3.513605009,     -0.4495562579,                         4,       -4.68401643,               3,      -5.717689614,   6.153993409e-09,   2.638052636e-06,      0.3026922032,       2.698834088,       2.511923099,         0.7014512717,         -0.7082345846,                     0,      0.4318985827,      0.6857315899,                 0,       289.2076261,       274.3435123,                 0,       15088.33042,        12365.55919,                  0,        0.1817447151,         0.1570236843,                    0,          301408.0619,           301565.2918,                     0,           117.1332789,           -136.9852514,                      0,        117.1332785,         136.9282427,                   0,                89.22095905,                 181.7777102,                           0,            -6.270643671e-09,             -0.0008321591456,                          nan,                       0.761704617,                        1.327539933,                                nan,           299.9971752,            300.1536691,                      0,            17152.09498,             16941.90408,                       0,      0.8925318952,      0.5489405613,                 0,                 0,                 0,      0.4390715829,      0.3773338409,      0.9775316345,                 0,      0.6150374729
        1506,      0.0614954651,      -5.938238309,        -3.5170241,     -0.4622805037,                         4,      -4.271321753,               3,      -5.326292848,   7.384903461e-09,   3.165694472e-06,      0.3632306438,       3.238600906,       3.014307719,         0.7014647825,         -0.7082559209,                     0,      0.4319084248,       0.685742067,                 0,       289.2077545,       274.3426977,                 0,       15088.34716,        12365.50929,                  0,        0.1817448359,         0.1570235146,                    0,          301408.6898,           301565.1922,                     0,           117.1354571,           -136.9895978,                      0,        117.1354567,         136.9325484,                   0,                89.22369082,                 181.7783369,                           0,             -5.70769354e-09,             -0.0008327275358,                          nan,                      0.7617137741,                        1.327502766,                                nan,           299.9978002,            300.1535699,                      0,             17152.2124,             16941.99219,                       0,      0.8925368163,      0.5489064024,                 0,                 0,                 0,       0.439078482,      0.3773584554,      0.9775074441,                 0,      0.6149958101
        1507,     0.06147202924,      -5.950937595,       -3.51936922,      -0.479592294,                         5,      -4.782502739,               3,      -4.946782903,   8.862044533e-09,   3.798874379e-06,      0.4358767726,       3.886321087,       3.617169262,         0.7014781225,         -0.7082821497,                     0,      0.4319196376,       0.685754806,                 0,       289.2075734,       274.3418805,                 0,       15088.30309,        12365.47991,                  0,         0.181744419,         0.1570236073,                    0,          301409.0639,           301565.2625,                     0,           117.1379533,           -136.9946874,                      0,         117.137953,         136.9375826,                   0,                89.22664626,                 181.7793265,                           0,            -5.132503977e-09,             -0.0008335059613,                          nan,                       0.761722772,                        1.327461191,                                nan,           299.9981725,            300.1536399,                      0,            17152.27443,             16942.14275,                       0,       0.892542941,      0.5488637294,                 0,                 0,                 0,      0.4390876235,      0.3773891867,      0.9774772103,                 0,      0.6149437794
        1508,     0.06144845825,      -5.968031979,      -3.520821926,     -0.5018005231,                         5,      -4.319515203,               3,       -4.57988168,   1.063468445e-08,   4.558700877e-06,      0.5230521271,       4.663585305,       4.340603115,         0.7014929847,         -0.7083136238,                     0,      0.4319331453,      0.6857702557,                 0,       289.2070361,       274.3410354,                 0,       15088.19254,        12365.46771,                  0,        0.1817434249,          0.157023934,                    0,          301409.1821,           301565.5094,                     0,           117.1410757,           -137.0006172,                      0,        117.1410754,           136.94344,                   0,                89.22992115,                 181.7807757,                           0,            -4.514589369e-09,             -0.0008345255576,                          nan,                      0.7617304247,                        1.327414995,                                nan,           299.9982901,            300.1538857,                      0,            17152.28381,             16942.35797,                       0,       0.892550962,      0.5488101332,                 0,                 0,                 0,      0.4390997542,      0.3774280459,      0.9774394366,                 0,      0.6148782048
        1509,     0.06142757682,      -5.987767911,      -3.521765377,     -0.5270713222,                         6,      -4.592697935,               3,      -4.226654871,   1.276195421e-08,   5.470502701e-06,      0.6276625525,       5.596302366,       5.208723738,         0.7015118492,         -0.7083508002,                     0,      0.4319502504,      0.6857889074,                 0,       289.2061072,       274.3401501,                 0,       15088.01328,        12365.46966,                  0,        0.1817418495,         0.1570244632,                    0,          301409.0727,           301565.9571,                     0,           117.1452412,           -137.0075052,                      0,         117.145241,         136.9502379,                   0,                89.23368602,                 181.7827909,                           0,            -3.825951223e-09,             -0.0008357992685,                          nan,                       0.761735477,                         1.32736382,                                nan,           299.9981812,            300.1543313,                      0,            17152.25106,             16942.64117,                       0,      0.8925619735,      0.5487429205,                 0,                 0,                 0,      0.4391156404,      0.3774775354,      0.9773926435,                 0,       0.614795316
        1510,     0.06140706274,      -6.006959206,      -3.522715095,     -0.5515946263,                         6,      -4.119288134,               4,      -5.080010597,   1.531482497e-08,    6.56467194e-06,       0.753195063,       6.715562839,       6.250468485,         0.7015377085,         -0.7083944655,                     0,      0.4319726088,      0.6858113425,                 0,       289.2047553,       274.3392292,                 0,       15087.76413,        12365.48456,                  0,        0.1817396979,         0.1570251769,                    0,          301408.7863,           301566.6553,                     0,           117.1509463,           -137.0155183,                      0,        117.1509461,         136.9581437,                   0,                89.23820766,                 181.7854889,                           0,            -3.043885033e-09,             -0.0008373147976,                          nan,                      0.7617369782,                        1.327306898,                                nan,           299.9978962,            300.1550262,                      0,             17152.1914,             16942.99949,                       0,      0.8925773388,      0.5486593634,                 0,                 0,                 0,      0.4391358942,      0.3775403927,      0.9773354873,                 0,      0.6146911193
        1511,     0.06138872229,      -6.023211468,      -3.523981492,     -0.5719148674,                         7,      -4.252628959,               4,      -4.656784408,   1.837848233e-08,    7.87767626e-06,      0.9038340756,       8.058675407,       7.500562182,         0.7015736434,         -0.7084457561,                     0,      0.4320021563,      0.6858382753,                 0,       289.2029416,       274.3382776,                 0,       15087.44093,        12365.51191,                  0,        0.1817369445,         0.1570260653,                    0,          301408.3795,            301567.664,                     0,            117.158722,           -137.0248811,                      0,        117.1587218,         136.9673845,                   0,                89.24386147,                 181.7889999,                           0,            -2.201741567e-09,             -0.0008390383635,                          nan,                      0.7617346798,                        1.327242983,                                nan,           299.9974913,            300.1560301,                      0,            17152.11944,               16943.443,                       0,      0.8925984804,      0.5485570415,                 0,                 0,                 0,      0.4391608062,      0.3776192162,      0.9772669044,                 0,      0.6145619262
        1512,     0.06137182631,      -6.036515313,      -3.525201977,      -0.587124385,                         8,       -4.31336563,               4,      -4.254856044,    2.20551784e-08,   9.453274847e-06,       1.084600891,       9.670410488,       9.000674619,         0.7016224686,         -0.7085057479,                     0,      0.4320410267,      0.6858705201,                 0,       289.2006049,        274.337267,                 0,       15087.03291,        12365.54774,                  0,        0.1817334981,         0.1570270945,                    0,           301407.896,           301569.0141,                     0,           117.1690973,           -137.0358279,                      0,        117.1690972,         136.9781964,                   0,                89.25112772,                 181.7934724,                           0,            -1.464350863e-09,             -0.0008409395471,                          nan,                      0.7617292429,                        1.327170873,                                nan,             299.99701,             300.157374,                      0,            17152.04432,             16943.97856,                       0,      0.8926268473,      0.5484341339,                 0,                 0,                 0,      0.4391903099,      0.3777162619,      0.9771863247,                 0,       0.614404704
        1513,     0.06135620026,      -6.046574564,      -3.525159287,     -0.5963810494,                         9,      -4.301808031,               5,      -4.775282038,   2.646765831e-08,   1.134397919e-05,       1.301521069,       11.60449259,       10.80080954,         0.7016866336,         -0.7085747055,                     0,      0.4320914691,      0.6859088162,                 0,       289.1976579,       274.3361208,                 0,       15086.52241,         12365.5815,                  0,        0.1817292005,         0.1570281744,                    0,          301407.3576,           301570.6779,                     0,           117.1825837,             -137.04849,                      0,        117.1825837,         136.9907094,                   0,                89.26056358,                 181.7990742,                           0,            -1.153749762e-09,             -0.0008430352575,                          nan,                      0.7617220989,                        1.327090538,                                nan,           299.9964741,              300.15903,                      0,            17151.96844,             16944.60293,                       0,       0.892664368,      0.5482896448,                 0,                 0,                 0,      0.4392241941,      0.3778336673,      0.9770941246,                 0,      0.6142170164
        1514,     0.06134189954,      -6.048588924,      -3.522272943,     -0.5945031679,                        10,      -4.233918026,               5,      -4.331889186,   3.176327766e-08,   1.361280644e-05,       1.561825283,        13.9253911,       12.96097145,         0.7017684921,         -0.7086515474,                     0,      0.4321558124,      0.6859535555,                 0,       289.1939819,       274.3347536,                 0,       15085.88632,        12365.59948,                  0,        0.1817238482,         0.1570291801,                    0,          301406.7579,           301572.5915,                     0,            117.199706,           -137.0627788,                      0,        117.1997059,         137.0048281,                   0,                89.27274018,                 181.8059853,                           0,            -1.693878482e-09,             -0.0008454292399,                          nan,                      0.7617147113,                        1.327004221,                                nan,           299.9958773,            300.1609347,                      0,            17151.88887,             16945.30344,                       0,      0.8927143575,      0.5481235636,                 0,                 0,                 0,      0.4392624525,      0.3779740759,      0.9769923045,                 0,      0.6139965813
        1515,     0.06132717573,        -6.0358305,      -3.515573159,     -0.5754253615,                        10,      -3.771567684,               6,      -4.825356514,   3.811895063e-08,    1.63353802e-05,       1.874190339,       16.71046932,       15.55316574,         0.7018710649,         -0.7087341119,                     0,      0.4322366682,      0.6860045676,                 0,       289.1893943,       274.3331525,                 0,       15085.09418,        12365.59492,                  0,        0.1817171888,         0.1570300335,                    0,          301406.0379,           301574.7291,                     0,           117.2211323,           -137.0783668,                      0,         117.221132,          137.020212,                   0,                 89.2881727,                 181.8143628,                           0,             -3.50197249e-09,             -0.0008483109313,                          nan,                      0.7617071354,                        1.326916374,                                nan,           299.9951606,            300.1630622,                      0,            17151.79715,             16946.06883,                       0,      0.8927824317,      0.5479368336,                 0,                 0,                 0,      0.4393054174,      0.3781413834,      0.9768850179,                 0,      0.6137406093
        1516,     0.06131241523,      -6.008942857,      -3.505294222,     -0.5420247142,                        10,      -3.363173207,               6,      -4.372212844,   4.574709674e-08,   1.960244257e-05,       2.249028407,       20.05256319,       18.66379889,         0.7019993421,         -0.7088202209,                     0,      0.4323376712,       0.686061116,                 0,       289.1835874,       274.3314264,                 0,        15084.0997,         12365.5758,                  0,        0.1817088578,         0.1570307733,                    0,          301405.0601,           301577.1568,                     0,            117.247932,           -137.0948249,                      0,        117.2479316,         137.0364172,                   0,                89.30737195,                  181.824262,                           0,            -6.873338787e-09,             -0.0008518951663,                          nan,                      0.7616967801,                        1.326831697,                                nan,           299.9941874,            300.1654786,                      0,            17151.67706,             16946.89988,                       0,      0.8928769484,      0.5477308959,                 0,                 0,                 0,      0.4393534865,      0.3783413647,      0.9767784759,                 0,      0.6134449958
        1517,     0.06129758241,      -5.977660365,       -3.49240688,     -0.5058313932,                        10,      -3.003632753,               7,      -4.745790777,   5.490278701e-08,   2.352285569e-05,       2.698834088,       24.06307583,       22.39655867,         0.7021614668,         -0.7089089357,                     0,      0.4324646138,      0.6861221699,                 0,       289.1761163,       274.3297675,                 0,       15082.83486,        12365.56147,                  0,        0.1816983153,         0.1570315347,                    0,          301403.6524,           301580.0111,                     0,           117.2818154,           -137.1118725,                      0,        117.2818147,         137.0531538,                   0,                89.33116367,                 181.8355478,                           0,             -1.22706203e-08,             -0.0008563242893,                          nan,                      0.7616795826,                        1.326752014,                                nan,           299.9927863,            300.1683195,                      0,            17151.50934,             16947.80866,                       0,      0.8930081934,      0.5475069183,                 0,                 0,                 0,      0.4394064514,      0.3785814945,      0.9766798406,                 0,      0.6131040256
        1518,     0.06128376379,      -5.951210661,      -3.477773698,     -0.4761552887,                        10,      -2.685800002,               7,      -4.318528742,   6.589232973e-08,   2.822719565e-05,      0.2698834088,       2.406307583,       2.239655867,         0.7023683972,         -0.7090012525,                     0,       0.432625928,       0.686186913,                 0,       289.1665032,       274.3283458,                 0,       15081.21944,        12365.56932,                  0,        0.1816848945,           0.15703244,                    0,          301401.7416,           301583.4197,                     0,           117.3250463,           -137.1295969,                      0,         117.325045,         137.0705092,                   0,                89.36111707,                 181.8478944,                           0,            -2.146179534e-08,             -0.0008615932887,                          nan,                       0.761654232,                          1.3266741,                                nan,           299.9908844,            300.1717122,                      0,            17151.28731,             16948.80749,                       0,      0.8931862469,      0.5472666898,                 0,                 0,                 0,      0.4394626115,       0.378868707,      0.9765966436,                 0,      0.6127128487
        1519,     0.06125917993,      -5.930784518,      -3.461941665,     -0.4533897813,                         4,      -4.511414187,               3,      -5.588873325,   6.590298215e-09,   2.822672847e-06,      0.3238600906,       2.887569099,        2.68758704,         0.7024226691,         -0.7090186362,                     0,      0.4326575708,      0.6861983558,                 0,       289.1673788,       274.3277283,                 0,        15081.3954,        12365.51228,                  0,        0.1816864641,         0.1570320648,                    0,          301404.2452,           301583.6135,                     0,           117.3330982,           -137.1333895,                      0,        117.3330969,         137.0742443,                   0,                89.36871679,                 181.8494132,                           0,            -2.131173427e-08,              -0.000862407407,                          nan,                      0.7616667347,                         1.32664903,                                nan,           299.9933763,            300.1719051,                      0,            17151.80429,             16948.90117,                       0,      0.8932012661,      0.5472525865,                 0,                 0,                 0,      0.4394666314,      0.3788892009,      0.9765945262,                 0,      0.6126867563
        1520,     0.06123438258,      -5.946381886,      -3.466028971,     -0.4745914416,                         4,      -4.102839404,               3,      -5.202896066,   7.908486131e-09,    3.38721563e-06,      0.3886321087,       3.465082919,       3.225104448,          0.702472069,          -0.709040046,                     0,      0.4326912038,      0.6862121647,                 0,       289.1674583,       274.3271526,                 0,       15081.40263,        12365.47407,                  0,        0.1816865014,         0.1570319059,                    0,          301406.0191,           301584.0367,                     0,           117.3413255,           -137.1378124,                      0,        117.3413244,          137.078586,                   0,                89.37687076,                 181.8514321,                           0,            -1.921322157e-08,             -0.0008635630821,                          nan,                       0.761682819,                        1.326621738,                                nan,           299.9951419,            300.1723262,                      0,            17152.14934,             16949.05778,                       0,      0.8932196959,      0.5472346321,                 0,                 0,                 0,      0.4394716704,      0.3789147414,      0.9765914123,                 0,      0.6126540141
        1521,      0.0612109707,      -5.966745494,      -3.468864515,     -0.5011908282,                         5,      -4.582409972,               3,      -4.829514967,   9.490367038e-09,   4.064666449e-06,      0.4663585305,       4.158099503,       3.870125338,         0.7025187794,          -0.709065809,                     0,      0.4327281324,      0.6862287734,                 0,        289.166641,       274.3266044,                 0,       15081.22458,        12365.45295,                  0,        0.1816848699,          0.157031949,                    0,          301407.0241,           301584.7071,                     0,           117.3501814,           -137.1429467,                      0,        117.3501804,         137.0836128,                   0,                89.38567629,                 181.8540572,                           0,            -1.587328802e-08,             -0.0008650983254,                          nan,                      0.7617003737,                        1.326592242,                                nan,           299.9961423,            300.1729935,                      0,            17152.31669,             16949.28164,                       0,       0.893242541,      0.5472113373,                 0,                 0,                 0,      0.4394780346,      0.3789470304,      0.9765867257,                 0,      0.6126122662
        1522,     0.06118733624,       -5.99056932,      -3.471636242,       -0.53217051,                         5,      -4.125512841,               3,      -4.469676991,   1.138870332e-08,    4.87760292e-06,      0.5596302366,       4.989719403,       4.644150405,         0.7025672617,         -0.7090961527,                     0,      0.4327704323,      0.6862486051,                 0,       289.1648835,       274.3260689,                 0,       15080.86179,        12365.44553,                  0,        0.1816816036,         0.1570321594,                    0,          301407.3195,           301585.6415,                     0,           117.3603894,           -137.1488687,                      0,        117.3603887,         137.0894002,                   0,                89.39533254,                 181.8573955,                           0,            -1.243079206e-08,             -0.0008670231078,                          nan,                      0.7617163982,                        1.326560589,                                nan,           299.9964362,            300.1739236,                      0,            17152.32777,             16949.57462,                       0,      0.8932712319,      0.5471810666,                 0,                 0,                 0,      0.4394860698,       0.378988197,      0.9765800325,                 0,      0.6125587022
        1523,     0.06116530486,      -6.014181699,      -3.475004586,     -0.5634789931,                         6,      -4.378843237,               3,      -4.124655322,   1.366682015e-08,   5.853114282e-06,      0.6715562839,       5.987663284,       5.572980486,         0.7026237396,         -0.7091313263,                     0,      0.4328208361,       0.686272068,                 0,       289.1622081,       274.3255394,                 0,       15080.33086,        12365.44836,                  0,        0.1816768883,         0.1570324963,                    0,          301407.0658,           301586.8642,                     0,           117.3728697,           -137.1556613,                      0,        117.3728691,         137.0960324,                   0,                89.40617802,                 181.8615494,                           0,            -1.006282857e-08,             -0.0008693183232,                          nan,                      0.7617278056,                        1.326526715,                                nan,           299.9961837,            300.1751405,                      0,            17152.22882,             16949.93814,                       0,      0.8933075958,      0.5471422965,                 0,                 0,                 0,      0.4394960847,      0.3790406178,       0.976571228,                 0,      0.6124903662
        1524,     0.06114505915,      -6.033680262,      -3.478831473,      -0.589880886,                         7,      -4.520412297,               4,      -4.959153498,   1.640072258e-08,   7.023702071e-06,      0.8058675407,       7.185195941,       6.687576583,          0.702694915,         -0.7091717028,                     0,      0.4328824215,      0.6862995707,                 0,       289.1586785,       274.3250162,                 0,       15079.65529,        12365.45873,                  0,         0.181670967,         0.1570329247,                    0,          301406.4846,            301588.407,                     0,           117.3885854,           -137.1634232,                      0,        117.3885849,         137.1036106,                   0,                89.41870639,                 181.8666146,                           0,            -9.610251817e-09,             -0.0008719462525,                          nan,                      0.7617325526,                        1.326490337,                                nan,           299.9956052,            300.1766761,                      0,            17152.07742,             16950.37465,                       0,      0.8933536671,      0.5470938764,                 0,                 0,                 0,      0.4395082182,      0.3791066083,      0.9765606298,                 0,       0.612404579
        1525,     0.06112486599,      -6.048571943,      -3.482328235,     -0.6094438263,                         7,      -4.039136372,               4,      -4.546783792,   1.968163813e-08,   8.428361887e-06,      0.9670410488,       8.622235129,         8.0250919,         0.7027863934,         -0.7092176591,                     0,      0.4329581969,      0.6863315201,                 0,       289.1543533,       274.3244914,                 0,       15078.85185,        12365.47366,                  0,        0.1816640049,         0.1570334109,                    0,          301405.7883,           301590.2925,                     0,            117.408367,           -137.1722531,                      0,        117.4083663,         137.1122357,                   0,                89.43354428,                 181.8726828,                           0,            -1.138778738e-08,             -0.0008748738026,                          nan,                      0.7617305909,                         1.32645115,                                nan,           299.9949122,            300.1785528,                      0,            17151.92281,             16950.88623,                       0,      0.8934114554,       0.547035194,                 0,                 0,                 0,      0.4395223103,      0.3791881381,      0.9765489686,                 0,      0.6122992836
        1526,     0.06110941952,      -6.061662115,      -3.484449991,     -0.6245439898,                         8,      -4.093836291,               4,      -4.156633486,   2.361907059e-08,   1.011388364e-05,       1.160449259,       10.34668215,        9.63011028,         0.7029016649,         -0.7092691262,                     0,      0.4330507694,      0.6863682442,                 0,       289.1492386,       274.3239315,                 0,       15077.92001,        12365.48743,                  0,        0.1816559918,         0.1570339015,                    0,          301405.1148,           301592.5093,                     0,           117.4328049,           -137.1821849,                      0,         117.432804,         137.1219413,                   0,                89.45138538,                 181.8798473,                           0,            -1.515489767e-08,             -0.0008781074265,                          nan,                      0.7617240014,                        1.326409512,                                nan,           299.9942419,            300.1807592,                      0,            17151.79058,             16951.47006,                       0,      0.8934829523,       0.546966223,                 0,                 0,                 0,      0.4395379077,      0.3792868077,      0.9765374302,                 0,      0.6121730936
        1527,     0.06109601466,      -6.073283193,      -3.484253558,     -0.6354884291,                         9,       -4.08089476,               5,      -4.660331706,   2.834446808e-08,   1.213641394e-05,        1.39253911,       12.41601859,       11.55613234,         0.7030422871,         -0.7093250517,                     0,      0.4331622389,      0.6864098252,                 0,       289.1432626,       274.3232863,                 0,       15076.84128,        12365.49132,                  0,        0.1816467495,          0.157034315,                    0,          301404.4956,           301595.0084,                     0,           117.4622754,           -137.1930947,                      0,        117.4622742,         137.1325981,                   0,                89.47288638,                 181.8882063,                           0,            -2.027690138e-08,             -0.0008817246639,                          nan,                      0.7617159378,                         1.32636739,                                nan,           299.9936256,            300.1832465,                      0,            17151.68081,             16952.11566,                       0,       0.893570571,      0.5468875533,                 0,                 0,                 0,      0.4395544296,       0.379404179,      0.9765279466,                 0,      0.6120250275
        1528,      0.0610833431,      -6.075947388,      -3.481307977,     -0.6340350422,                        10,      -4.013090423,               5,      -4.235402296,   3.401562869e-08,   1.456333084e-05,       1.671046932,        14.8992223,        13.8673588,         0.7032092265,         -0.7093833171,                     0,      0.4332943949,       0.686455927,                 0,       289.1362744,       274.3225397,                 0,       15075.58615,        12365.47883,                  0,        0.1816360176,         0.1570345781,                    0,          301403.8639,           301597.7474,                     0,           117.4971099,           -137.2046542,                      0,        117.4971084,         137.1438674,                   0,                89.49855471,                 181.8978507,                           0,             -2.62906924e-08,             -0.0008858781518,                          nan,                      0.7617085725,                        1.326328725,                                nan,           299.9929969,            300.1859728,                      0,            17151.57797,             16952.80945,                       0,       0.893677973,      0.5468005814,                 0,                 0,                 0,      0.4395713178,      0.3795423184,       0.976523847,                 0,      0.6118541554
        1529,     0.06106873471,      -6.059061242,      -3.476116516,     -0.6096066592,                        10,      -3.577150713,               6,      -4.728081583,   4.082199142e-08,   1.747548837e-05,       2.005256319,       17.87906676,       16.64083056,         0.7034047982,         -0.7094413835,                     0,      0.4334493576,      0.6865057429,                 0,        289.128023,        274.321764,                 0,       15074.11707,        12365.45265,                  0,        0.1816235006,         0.1570346842,                    0,          301403.0658,           301600.7461,                     0,           117.5378883,           -137.2164004,                      0,        117.5378863,         137.1552737,                   0,                 89.5287151,                 181.9088187,                           0,            -3.361575618e-08,             -0.0008907552969,                          nan,                       0.761700911,                         1.32629839,                                nan,           299.9922025,            300.1889574,                      0,            17151.46072,             16953.54368,                       0,      0.8938109009,      0.5467078229,                 0,                 0,                 0,      0.4395878432,      0.3797042696,      0.9765306129,                 0,      0.6116593816
        1530,     0.06105418034,      -6.025550986,      -3.469671654,     -0.5682079268,                        10,      -3.197568429,               6,      -4.295479159,   4.899098936e-08,   2.096989822e-05,       2.406307583,       21.45488012,       19.96899668,         0.7036343831,          -0.709497265,                     0,      0.4336307398,      0.6865581134,                 0,       289.1181333,       274.3211138,                 0,       15072.38302,        12365.42519,                  0,        0.1816088196,         0.1570347018,                    0,          301401.8932,           301604.0888,                     0,           117.5857579,           -137.2279083,                      0,        117.5857553,         137.1663817,                   0,                  89.563734,                  181.921014,                           0,            -4.370685391e-08,             -0.0008965061757,                          nan,                      0.7616886396,                        1.326279893,                                nan,           299.9910354,            300.1922845,                      0,            17151.30744,             16954.31875,                       0,      0.8939770659,      0.5466132208,                 0,                 0,                 0,      0.4396024096,      0.3798937772,      0.9765560534,                 0,      0.6114398698
        1531,     0.06103938107,      -5.993181386,      -3.462482825,     -0.5304479962,                        10,      -2.859156066,               7,      -4.665394295,   5.879567877e-08,   2.516293162e-05,      0.2406307583,       2.145488012,       1.996899668,         0.7039066582,         -0.7095501681,                     0,      0.4338446607,      0.6866118001,                 0,       289.1061716,       274.3207583,                 0,       15070.32028,        12365.41019,                  0,        0.1815914783,         0.1570347079,                    0,           301400.204,           301607.8701,                     0,           117.6424941,           -137.2389647,                      0,        117.6424906,         137.1769752,                   0,                89.60453803,                 181.9341599,                           0,             -5.91815208e-08,             -0.0009031776762,                          nan,                      0.7616681486,                        1.326273303,                                nan,           299.9893541,            300.1960481,                      0,            17151.10722,             16955.13566,                       0,       0.894183124,      0.5465227179,                 0,                 0,                 0,      0.4396112054,      0.3801125346,      0.9766089296,                 0,       0.611197755
        1532,     0.06101471605,      -5.974020845,      -3.454590309,     -0.5083046343,                         4,      -4.723162099,               2,       -4.03413622,   5.880325123e-09,   2.516179635e-06,      0.2887569099,       2.574585614,       2.396279601,          0.703973737,          -0.709561773,                     0,      0.4338832768,      0.6866214916,                 0,       289.1070305,       274.3205896,                 0,       15070.50121,        12365.39417,                  0,         0.181593119,         0.1570345964,                    0,           301403.046,           301608.4287,                     0,           117.6526413,           -137.2414206,                      0,        117.6526379,         137.1793677,                   0,                89.61330184,                 181.9361749,                           0,            -5.754039201e-08,             -0.0009040848101,                          nan,                      0.7616769453,                         1.32626486,                                nan,           299.9921828,            300.1966041,                      0,            17151.70085,             16955.26088,                       0,      0.8942004149,      0.5465199803,                 0,                 0,                 0,       0.439612807,       0.380127948,      0.9766172301,                 0,      0.6111828749
        1533,     0.06098992262,      -5.991718161,      -3.457909894,      -0.532058987,                         4,      -4.302171862,               3,      -5.491423078,   7.056483917e-09,    3.01940374e-06,      0.3465082919,       3.089502737,       2.875535521,         0.7040365216,         -0.7095755742,                     0,      0.4339247591,      0.6866332587,                 0,       289.1070152,       274.3204504,                 0,       15070.49868,        12365.38531,                  0,        0.1815930982,         0.1570345599,                    0,          301405.1213,           301609.1825,                     0,           117.6631469,           -137.2442792,                      0,        117.6631438,         137.1821375,                   0,                89.62283864,                 181.9387301,                           0,            -5.262402814e-08,             -0.0009053577539,                          nan,                      0.7616899884,                        1.326256708,                                nan,           299.9942483,            300.1973543,                      0,            17152.11449,             16955.42918,                       0,      0.8942214498,      0.5465159183,                 0,                 0,                 0,      0.4396144841,      0.3801471423,      0.9766267458,                 0,      0.6111639555
        1534,     0.06096652951,      -6.013527693,      -3.459877523,     -0.5606875779,                         5,       -4.83419761,               3,      -5.109839743,    8.46791441e-09,   3.623265766e-06,      0.4158099503,       3.707403284,       3.450642626,         0.7040966401,         -0.7095916939,                     0,      0.4339703338,      0.6866474419,                 0,       289.1060035,         274.32034,                 0,       15070.28965,        12365.38295,                  0,         0.181591215,         0.1570345905,                    0,          301406.3642,           301610.1576,                     0,           117.6744136,           -137.2475766,                      0,        117.6744109,          137.185318,                   0,                 89.6332577,                 181.9419332,                           0,            -4.552024913e-08,             -0.0009070389608,                          nan,                      0.7617055995,                        1.326249309,                                nan,           299.9954855,            300.1983248,                      0,            17152.33425,             16955.64516,                       0,      0.8942471742,      0.5465097397,                 0,                 0,                 0,      0.4396161178,      0.3801713495,      0.9766374195,                 0,      0.6111394651
        1535,     0.06094361003,      -6.037586502,      -3.461926715,     -0.5925257248,                         5,      -4.363163205,               3,      -4.741299039,   1.016168772e-08,   4.347888207e-06,      0.4989719403,       4.448883941,       4.140771151,         0.7041580839,           -0.70961016,                     0,      0.4340219884,      0.6866643607,                 0,       289.1039328,       274.3202567,                 0,       15069.86908,        12365.38552,                  0,        0.1815874478,         0.1570346688,                    0,            301406.81,           301611.3775,                     0,            117.687123,           -137.2513384,                      0,        117.6871208,         137.1889335,                   0,                89.64475555,                 181.9458923,                           0,            -3.796186321e-08,             -0.0009091458835,                          nan,                      0.7617210359,                        1.326243216,                                nan,           299.9959292,            300.1995391,                      0,            17152.37432,             16955.91167,                       0,      0.8942788252,      0.5465006762,                 0,                 0,                 0,       0.439617545,      0.3802020194,      0.9766493899,                 0,      0.6111077002
        1536,     0.06092203559,      -6.059688459,      -3.464934284,     -0.6226783038,                         6,      -4.652794467,               3,      -4.386836271,   1.219429625e-08,   5.217414294e-06,      0.5987663284,       5.338660729,       4.968925381,         0.7042269519,         -0.7096309218,                     0,      0.4340824108,      0.6866842892,                 0,       289.1008167,       274.3202003,                 0,       15069.25142,        12365.39092,                  0,        0.1815819624,         0.1570347674,                    0,          301406.6084,           301612.8638,                     0,           117.7021878,           -137.2555792,                      0,         117.702186,         137.1929987,                   0,                89.65765141,                 181.9507073,                           0,            -3.184622099e-08,              -0.000911674936,                          nan,                      0.7617331036,                        1.326239013,                                nan,           299.9957285,            300.2010184,                      0,            17152.27819,              16956.2301,                       0,      0.8943179242,      0.5464882284,                 0,                 0,                 0,      0.4396185385,      0.3802406649,      0.9766631815,                 0,      0.6110670642
        1537,     0.06090150696,      -6.075737776,      -3.468858196,     -0.6453364315,                         6,      -4.172911599,               3,      -4.047548893,   1.463354102e-08,   6.260810167e-06,      0.7185195941,       6.406392875,       5.962710457,         0.7043103266,         -0.7096538717,                     0,      0.4341547003,      0.6867074405,                 0,       289.0967314,       274.3201722,                 0,       15068.46407,          12365.397,                  0,        0.1815750409,         0.1570348578,                    0,          301405.9952,           301614.6351,                     0,           117.7206097,           -137.2603033,                      0,         117.720608,         137.1975185,                   0,                89.67240559,                 181.9564627,                           0,            -2.868997784e-08,             -0.0009146177212,                          nan,                      0.7617392325,                        1.326237272,                                nan,           299.9951181,            300.2027814,                      0,            17152.10819,             16956.60082,                       0,      0.8943661636,      0.5464723824,                 0,                 0,                 0,       0.439618745,      0.3802886405,      0.9766798089,                 0,      0.6110163875
        1538,     0.06088344906,      -6.085737072,      -3.472957416,     -0.6591258092,                         7,      -4.313028368,               4,       -4.85323939,   1.756079787e-08,   7.512827724e-06,      0.8622235129,        7.68767145,       7.155252549,         0.7044145615,          -0.709678806,                     0,      0.4342419141,      0.6867339497,                 0,       289.0917745,       274.3201733,                 0,       15067.53375,        12365.40173,                  0,        0.1815669437,         0.1570349134,                    0,          301405.2267,            301616.703,                     0,           117.7432826,           -137.2654963,                      0,        117.7432809,          137.202478,                   0,                89.68960482,                 181.9632237,                           0,            -2.924117515e-08,             -0.0009179849407,                          nan,                      0.7617386242,                         1.32623861,                                nan,           299.9943533,            300.2048397,                      0,            17151.92547,             16957.02316,                       0,      0.8944252037,         0.5464537,                 0,                 0,                 0,      0.4396175797,      0.3803469267,      0.9767007253,                 0,      0.6109551673
        1539,     0.06086652006,       -6.09387574,      -3.476424224,     -0.6685275487,                         8,      -4.377753533,               4,      -4.447735281,   2.107373865e-08,   9.015161512e-06,       1.034668215,        9.22520574,       8.586303059,         0.7045438076,         -0.7097052662,                     0,      0.4343466336,       0.686763838,                 0,       289.0860052,       274.3202005,                 0,        15066.4722,        12365.40276,                  0,         0.181557775,         0.1570349062,                    0,          301404.4953,           301619.0665,                     0,           117.7708339,           -137.2711003,                      0,        117.7708319,         137.2078156,                   0,                89.70990242,                 181.9710376,                           0,            -3.328563647e-08,             -0.0009218280335,                          nan,                      0.7617327732,                        1.326243967,                                nan,           299.9936253,            300.2071921,                      0,            17151.76941,              16957.4944,                       0,      0.8944964598,      0.5464332595,                 0,                 0,                 0,      0.4396141225,      0.3804159957,      0.9767276457,                 0,       0.610883647
        1540,     0.06085044276,      -6.103490565,      -3.478785615,     -0.6779401487,                         9,      -4.365897548,               4,      -4.064544231,   2.528959916e-08,   1.081783948e-05,       1.241601859,       11.07024689,       10.30356367,         0.7046996286,         -0.7097323313,                     0,      0.4344707326,      0.6867969534,                 0,       289.0794091,       274.3202531,                 0,       15065.27109,        12365.39742,                  0,        0.1815474434,         0.1570348028,                    0,          301403.8813,           301621.7133,                     0,           117.8035853,           -137.2769779,                      0,         117.803583,         137.2133872,                   0,                89.73392341,                 181.9799387,                           0,            -3.966840856e-08,             -0.0009262438332,                          nan,                       0.761724908,                        1.326254984,                                nan,           299.9930141,            300.2098265,                      0,            17151.64944,             16958.00878,                       0,      0.8945809695,      0.5464125988,                 0,                 0,                 0,      0.4396070675,      0.3804957411,      0.9767624226,                 0,      0.6108028422
        1541,     0.06083620869,       -6.11208446,      -3.479886359,     -0.6849677078,                        10,       -4.29561144,               5,      -4.551994449,   3.034910318e-08,   1.298089363e-05,        1.48992223,       13.28429627,        12.3642764,         0.7048819445,          -0.709758603,                     0,      0.4346154144,      0.6868329202,                 0,       289.0718996,       274.3203543,                 0,       15063.90877,        12365.38428,                  0,        0.1815357423,          0.157034572,                    0,          301403.3555,           301624.6409,                     0,            117.841659,           -137.2828994,                      0,        117.8416562,         137.2189553,                   0,                89.76214703,                 181.9899491,                           0,             -4.68764485e-08,             -0.0009313503434,                          nan,                      0.7617183083,                         1.32627412,                                nan,           299.9924909,            300.2127404,                      0,            17151.55314,             16958.55894,                       0,      0.8946793334,      0.5463938566,                 0,                 0,                 0,      0.4395946556,      0.3805853445,       0.976807121,                 0,      0.6107147401
        1542,     0.06082288419,      -6.109741047,      -3.480021192,      -0.678142849,                        10,      -3.818941052,               5,      -4.142449049,   3.642117436e-08,   1.557636369e-05,       1.787906676,       15.94115552,       14.83713169,         0.7050908165,          -0.709782547,                     0,      0.4347815704,       0.686871147,                 0,       289.0633227,       274.3205728,                 0,       15062.35937,        12365.36552,                  0,        0.1815224563,         0.1570342024,                    0,          301402.8035,           301627.8805,                     0,           117.8852068,           -137.2885891,                      0,        117.8852036,         137.2242379,                   0,                89.79480931,                 182.0010608,                           0,            -5.429168626e-08,             -0.0009372382993,                          nan,                      0.7617139944,                        1.326304038,                                nan,           299.9919414,            300.2159648,                      0,            17151.46013,             16959.13922,                       0,      0.8947918562,      0.5463801675,                 0,                 0,                 0,      0.4395744377,      0.3806831489,      0.9768644192,                 0,      0.6106226422
        1543,     0.06080907934,      -6.088078775,      -3.479875876,     -0.6486299325,                        10,      -3.405662821,               6,      -4.627224656,   4.370859303e-08,   1.869069459e-05,       2.145488012,       19.12938662,       17.80455802,         0.7053283226,         -0.7098029441,                     0,      0.4349706187,      0.6869108725,                 0,       289.0534337,       274.3210102,                 0,       15060.59206,         12365.3461,                  0,        0.1815073672,         0.1570336989,                    0,          301402.0428,           301631.4868,                     0,           117.9347205,           -137.2938092,                      0,        117.9347168,         137.2289962,                   0,                89.83195746,                 182.0131864,                           0,            -6.306475508e-08,             -0.0009439266881,                          nan,                      0.7617091889,                         1.32634641,                                nan,           299.9911842,            300.2195543,                      0,            17151.34976,             16959.74535,                       0,      0.8949193481,      0.5463761246,                 0,                 0,                 0,      0.4395429143,      0.3807870152,      0.9769384618,                 0,      0.6105311342
        1544,     0.06079470408,       -6.05639111,       -3.47967521,     -0.6092013505,                        10,      -3.042775203,               6,      -4.209155644,   5.245434035e-08,   2.242759922e-05,       2.574585614,       22.95526395,       21.36546963,         0.7055995958,         -0.7098189282,                     0,      0.4351856741,      0.6869511647,                 0,       289.0419013,       274.3217563,                 0,        15058.5652,         12365.3287,                  0,        0.1814901807,         0.1570330436,                    0,          301400.8866,            301635.489,                     0,           117.9912532,           -137.2984011,                      0,        117.9912487,         137.2330758,                   0,                89.87381921,                 182.0261058,                           0,            -7.582551398e-08,             -0.0009513556493,                          nan,                       0.761699026,                        1.326401123,                                nan,           299.9900335,            300.2235377,                      0,            17151.20615,             16960.36729,                       0,      0.8950643253,      0.5463882534,                 0,                 0,                 0,      0.4394953236,      0.3808949908,      0.9770359644,                 0,      0.6104457947
        1545,     0.06078071468,       -6.03281601,      -3.479002949,     -0.5806848661,                        10,      -2.711097122,               7,      -4.563512953,   6.295080657e-08,   2.691147884e-05,      0.2574585614,       2.295526395,       2.136546963,         0.7059117787,         -0.7098294375,                     0,      0.4354319493,       0.686990886,                 0,        289.028436,       274.3228636,                 0,       15056.23451,        12365.30951,                  0,        0.1814705444,         0.1570321584,                    0,          301399.2984,           301639.8589,                     0,           118.0562331,           -137.3022161,                      0,        118.0562274,         137.2363348,                   0,                89.92132636,                 182.0394901,                           0,            -9.631643394e-08,             -0.0009594242998,                          nan,                      0.7616821944,                        1.326467152,                                nan,           299.9884527,            300.2278871,                      0,            17151.03162,             16960.98294,                       0,      0.8952298695,      0.5464258264,                 0,                 0,                 0,      0.4394252941,       0.381003908,      0.9771661707,                 0,      0.6103748825
        1546,     0.06075680485,      -6.022336674,      -3.477516626,     -0.5672570762,                         4,      -4.562734261,               3,      -5.753845602,   6.295731175e-09,   2.690960964e-06,      0.3089502737,       2.754631674,       2.563856355,         0.7059898374,         -0.7098357049,                     0,      0.4354767543,      0.6869993305,                 0,       289.0293965,       274.3230081,                 0,       15056.44128,        12365.31728,                  0,        0.1814724336,          0.157032169,                    0,          301402.5662,           301640.6739,                     0,           118.0680576,           -137.3035655,                      0,        118.0680521,         137.2376048,                   0,                89.93141074,                 182.0419531,                           0,            -9.355094865e-08,             -0.0009605704004,                          nan,                      0.7616913223,                        1.326472823,                                nan,           299.9917052,            300.2286983,                      0,            17151.71852,             16961.12414,                       0,      0.8952446614,       0.546433779,                 0,                 0,                 0,       0.439422388,      0.3810108555,      0.9771814605,                 0,      0.6103736805
        1547,     0.06073266628,      -6.046201508,      -3.481286725,     -0.5989515593,                         4,      -4.140915786,               3,      -5.364473419,    7.55495249e-09,   3.229119825e-06,      0.3707403284,       3.305558008,       3.076627626,         0.7060616669,         -0.7098425523,                     0,      0.4355244202,      0.6870095994,                 0,       289.0293226,       274.3231886,                 0,       15056.42755,        12365.32416,                  0,        0.1814723146,         0.1570321489,                    0,          301404.9003,           301641.6738,                     0,           118.0801463,           -137.3050998,                      0,        118.0801413,          137.239033,                   0,                89.94231935,                 182.0450148,                           0,            -8.597289658e-08,             -0.0009621045921,                          nan,                      0.7617057229,                        1.326481328,                                nan,           299.9940284,            300.2296935,                      0,            17152.18313,             16961.29427,                       0,      0.8952622843,      0.5464424638,                 0,                 0,                 0,      0.4394180281,      0.3810196111,      0.9771990482,                 0,      0.6103713664
        1548,     0.06071032201,      -6.072211201,      -3.483480624,     -0.6333025237,                         5,      -4.659250176,               3,      -4.987419018,   9.066052062e-09,    3.87489526e-06,      0.4448883941,        3.96666961,       3.691953151,         0.7061294062,         -0.7098498933,                     0,      0.4355763315,      0.6870219262,                 0,       289.0281005,       274.3234182,                 0,       15056.17283,        12365.33005,                  0,        0.1814700118,         0.1570320892,                    0,           301406.252,           301642.8921,                     0,           118.0929719,           -137.3068135,                      0,        118.0929675,         137.2406122,                   0,                89.95416189,                 182.0487781,                           0,            -7.530314972e-08,             -0.0009640495442,                          nan,                      0.7617232747,                        1.326493486,                                nan,           299.9953737,            300.2309061,                      0,            17152.41601,              16961.4971,                       0,       0.895283264,      0.5464515533,                 0,                 0,                 0,      0.4394114609,      0.3810307918,      0.9772189921,                 0,      0.6103672159
        1549,     0.06068875271,      -6.096502161,      -3.486095796,     -0.6659494475,                         5,      -4.197432995,               3,      -4.623590708,   1.087942111e-08,   4.649802723e-06,      0.5338660729,       4.760003532,       4.430343782,         0.7061979562,         -0.7098575483,                     0,      0.4356347029,      0.6870364937,                 0,        289.025699,       274.3237096,                 0,       15055.68035,        12365.33447,                  0,        0.1814655838,          0.157031976,                    0,          301406.7009,           301644.3578,                     0,           118.1073166,           -137.3086846,                      0,        118.1073128,         137.2423209,                   0,                89.96714347,                 182.0533391,                           0,            -6.412868592e-08,             -0.0009664012269,                          nan,                      0.7617406691,                        1.326510204,                                nan,           299.9958206,             300.232365,                      0,            17152.44319,             16961.73493,                       0,      0.8953082427,        0.54646099,                 0,                 0,                 0,      0.4394017646,      0.3810449431,      0.9772416356,                 0,      0.6103607272
        1550,     0.06066787537,      -6.113823916,      -3.490008608,     -0.6898968941,                         6,      -4.483903709,               3,      -4.274153471,   1.305553604e-08,   5.579656319e-06,      0.6406392875,       5.712004238,       5.316412538,         0.7062743952,         -0.7098651788,                     0,       0.435702409,      0.6870533967,                 0,       289.0221855,       274.3240724,                 0,       15054.97727,        12365.33622,                  0,        0.1814593156,         0.1570317878,                    0,          301406.4629,           301646.0896,                     0,           118.1241796,           -137.3106656,                      0,        118.1241764,         137.2441125,                   0,                89.98159718,                 182.0587766,                           0,             -5.51270084e-08,             -0.0009691445051,                          nan,                      0.7617542823,                        1.326532507,                                nan,           299.9955837,            300.2340887,                      0,            17152.32458,             16962.00766,                       0,      0.8953379841,      0.5464712763,                 0,                 0,                 0,      0.4393878889,      0.3810623683,      0.9772678411,                 0,      0.6103519408
        1551,     0.06145826527,      -6.122146846,      -3.494838297,     -0.7013829001,                         6,      -4.024094798,               4,      -5.128427367,   1.566697826e-08,    6.69542662e-06,       0.768767145,       6.854405086,       6.379695046,         0.7063663575,         -0.7098722017,                     0,      0.4357825394,      0.6870726011,                 0,       289.0177014,       274.3245112,                 0,       15054.10455,        12365.33329,                  0,        0.1814516118,         0.1570314963,                    0,          301405.8421,           301648.0905,                     0,           118.1445754,           -137.3126698,                      0,        118.1445725,         137.2459001,                   0,                89.99798862,                 182.0651427,                           0,            -5.021677185e-08,             -0.0009722831605,                          nan,                      0.7617615158,                        1.326561613,                                nan,           299.9949658,            300.2360802,                      0,              17152.138,             16962.31212,                       0,      0.8953733492,      0.5464836568,                 0,                 0,                 0,      0.4393686773,      0.3810829978,      0.9772991202,                 0,      0.6103416606
        1552,     0.06143822505,      -6.125560203,       -3.49975002,     -0.7048683795,                         7,       -4.16152649,               4,      -4.707315073,   1.880085877e-08,   8.034270599e-06,       0.922520574,       8.225286103,       7.655634055,         0.7064798976,         -0.7098776959,                     0,      0.4358777976,      0.6870938987,                 0,       289.0124066,       274.3250294,                 0,       15053.09962,        12365.32345,                  0,         0.181442823,         0.1570310707,                    0,          301405.1425,           301650.3487,                     0,           118.1692895,           -137.3145527,                      0,        118.1692865,         137.2475358,                   0,                90.01687471,                  182.072458,                           0,            -4.997276082e-08,             -0.0009758701172,                          nan,                      0.7617620227,                        1.326599104,                                nan,           299.9942694,            300.2383279,                      0,            17151.95341,             16962.64218,                       0,       0.895415238,      0.5465000813,                 0,                 0,                 0,      0.4393428414,      0.3811063662,      0.9773375696,                 0,      0.6103314508
        1553,     0.06142041705,       -6.13041811,       -3.50443087,     -0.7086141033,                         8,      -4.215962279,               4,      -4.308335957,   2.256172881e-08,   9.640769162e-06,       1.107024689,       9.870343324,       9.186760866,         0.7066179731,         -0.7098803463,                     0,      0.4359900161,       0.687116867,                 0,       289.0064062,         274.32564,                 0,       15051.98054,        12365.30532,                  0,         0.181433101,         0.1570304863,                    0,          301404.5667,            301652.847,                     0,           118.1987184,           -137.3160954,                      0,        118.1987152,         137.2487928,                   0,                90.03880932,                 182.0807119,                           0,            -5.344635234e-08,             -0.0009800169403,                          nan,                      0.7617579357,                        1.326647092,                                nan,           299.9936963,            300.2408144,                      0,            17151.80995,             16962.98972,                       0,      0.8954645101,      0.5465230333,                 0,                 0,                 0,      0.4393089078,      0.3811316521,      0.9773856856,                 0,      0.6103234993
        1554,     0.06140603318,      -6.139296172,      -3.509159113,     -0.7164932352,                         9,      -4.189501382,               5,      -4.840547182,   2.707507408e-08,   1.156841422e-05,       1.328429627,       11.84441199,       11.02411304,         0.7067804884,         -0.7098785158,                     0,       0.436120013,      0.6871408608,                 0,       288.9997116,       274.3263833,                 0,        15050.7426,        12365.27993,                  0,        0.1814223816,         0.1570297332,                    0,          301404.1685,           301655.5807,                     0,            118.232889,           -137.3170067,                      0,        118.2328856,         137.2493707,                   0,                90.06422187,                 182.0898676,                           0,            -5.855780272e-08,             -0.0009848646472,                          nan,                      0.7617527173,                        1.326708214,                                nan,           299.9933001,            300.2435354,                      0,            17151.71056,             16963.34664,                       0,       0.895521837,      0.5465554509,                 0,                 0,                 0,      0.4392651447,      0.3811576095,      0.9774462124,                 0,      0.6103206291
        1555,     0.06139250784,      -6.147696574,      -3.514222417,     -0.7234614363,                        10,      -4.109282289,               5,      -4.413939684,   3.249150976e-08,   1.388139393e-05,       1.594115552,       14.21329439,       13.22893565,          0.706965885,         -0.7098705278,                     0,      0.4362678459,      0.6871650764,                 0,       288.9922455,       274.3273388,                 0,       15049.36772,        12365.25155,                  0,        0.1814104953,         0.1570288205,                    0,          301403.8713,           301658.5763,                     0,           118.2716524,           -137.3169675,                      0,        118.2716486,         137.2489432,                   0,                90.09330725,                 182.0998653,                           0,            -6.335143676e-08,             -0.0009905181433,                          nan,                      0.7617489763,                        1.326785191,                                nan,           299.9930042,            300.2465169,                      0,            17151.63535,             16963.70682,                       0,      0.8955873662,      0.5466009172,                 0,                 0,                 0,      0.4392093572,      0.3811821842,      0.9775220896,                 0,      0.6103267396
        1556,     0.06137832062,      -6.144713048,      -3.519737978,     -0.7162808735,                        10,      -3.643469764,               5,      -4.019081016,   3.899181748e-08,   1.665673319e-05,       1.912938662,       17.05595326,       15.87472278,         0.7071733015,         -0.7098550542,                     0,      0.4364334143,      0.6871886896,                 0,       288.9838627,       274.3286101,                 0,       15047.83551,        12365.22595,                  0,        0.1813972873,         0.1570277621,                    0,           301403.519,           301661.8851,                     0,           118.3149668,           -137.3157092,                      0,        118.3149628,         137.2472418,                   0,                90.12600078,                 182.1106176,                           0,            -6.758732907e-08,              -0.000996976695,                          nan,                      0.7617464319,                        1.326879981,                                nan,           299.9926536,            300.2498103,                      0,            17151.56019,             16964.06577,                       0,      0.8956602976,      0.5466640671,                 0,                 0,                 0,      0.4391384475,      0.3812019311,      0.9776165192,                 0,      0.6103475486
        1557,     0.06136366682,      -6.124929534,      -3.525482387,     -0.6891568626,                        10,       -3.24346524,               6,      -4.492012196,   4.679299445e-08,   1.998685621e-05,       2.295526395,       20.46714392,       19.04966733,         0.7074040562,         -0.7098312274,                     0,      0.4366173049,      0.6872109758,                 0,       288.9743686,       274.3302779,                 0,       15046.12587,        12365.20527,                  0,        0.1813826371,         0.1570265386,                    0,          301402.9394,           301665.5406,                     0,           118.3631339,           -137.3130654,                      0,        118.3631296,         137.2441093,                   0,                90.16215306,                  182.121999,                           0,            -7.311534711e-08,              -0.001004110499,                          nan,                      0.7617418815,                        1.326993194,                                nan,           299.9920766,            300.2534486,                      0,            17151.46821,             16964.41533,                       0,      0.8957385509,      0.5467508279,                 0,                 0,                 0,      0.4390478329,      0.3812116035,      0.9777329557,                 0,      0.6103910871
        1558,      0.0613485696,       -6.09984485,      -3.530520035,     -0.6569838519,                        10,      -2.891243337,               6,      -4.089906835,    5.61555214e-08,   2.398265032e-05,      0.2295526395,       2.046714392,       1.904966733,          0.707661437,         -0.7097980731,                     0,      0.4368214021,       0.687231262,                 0,       288.9635866,       274.3323544,                 0,       15044.22021,        12365.18277,                  0,        0.1813664311,          0.157025058,                    0,          301402.0447,           301669.5034,                     0,           118.4167808,           -137.3089025,                      0,        118.4167759,         137.2394263,                   0,                90.20192404,                 182.1338518,                           0,            -8.279559194e-08,               -0.00101171414,                          nan,                       0.761732646,                        1.327124842,                                nan,           299.9911861,            300.2573929,                      0,            17151.35741,             16964.73573,                       0,      0.8958180924,      0.5468684975,                 0,                 0,                 0,      0.4389311096,      0.3812035703,        0.97787476,                 0,      0.6104682436
        1559,     0.06132439814,      -6.082169098,      -3.533748228,     -0.6340442991,                         4,      -4.815476391,               2,      -4.109609336,   5.616008279e-09,   2.398094479e-06,      0.2754631674,        2.45605727,        2.28596008,         0.7077225832,         -0.7097970131,                     0,      0.4368562806,      0.6872358565,                 0,       288.9641871,       274.3327777,                 0,       15044.35546,        12365.21706,                  0,        0.1813676849,         0.1570252465,                    0,          301404.4404,           301670.3349,                     0,           118.4261933,           -137.3086696,                      0,        118.4261886,         137.2391212,                   0,                 90.2094379,                 182.1360528,                           0,            -7.920170464e-08,              -0.001012766528,                          nan,                      0.7617355502,                        1.327143829,                                nan,           299.9935706,            300.2582205,                      0,            17151.86402,             16964.85637,                       0,      0.8958267283,       0.546881645,                 0,                 0,                 0,      0.4389249683,      0.3812024726,      0.9778904517,                 0,       0.610477035
        1560,     0.06130087425,      -6.099025608,      -3.536648049,     -0.6566678291,                         4,      -4.384744328,               3,      -5.593894005,   6.739262837e-09,   2.877678768e-06,      0.3305558008,       2.947268724,       2.743152096,         0.7077804205,         -0.7097947049,                     0,      0.4368938348,      0.6872415292,                 0,       288.9640535,       274.3332222,                 0,       15044.33661,         12365.2426,                  0,        0.1813675414,         0.1570253127,                    0,          301406.2063,           301671.2775,                     0,            118.435964,           -137.3083369,                      0,        118.4359597,         137.2386963,                   0,                90.21767425,                 182.1387575,                           0,            -7.269961477e-08,              -0.001014111127,                          nan,                      0.7617422484,                        1.327167646,                                nan,           299.9953282,            300.2591587,                      0,            17152.22199,              16964.9835,                       0,       0.895836676,      0.5468969418,                 0,                 0,                 0,      0.4389166714,       0.381201116,      0.9779086482,                 0,      0.6104873315
        1561,     0.06127946991,        -6.1173543,      -3.538117514,     -0.6805861645,                         5,      -4.956242911,               3,      -5.209844625,    8.08719177e-09,   3.453165885e-06,       0.396666961,       3.536722469,       3.291782515,         0.7078359187,         -0.7097908602,                     0,      0.4369349426,      0.6872483918,                 0,       288.9630878,       274.3337076,                 0,       15044.14396,        12365.25963,                  0,        0.1813658251,         0.1570252481,                    0,          301407.2845,           301672.3624,                     0,           118.4463704,           -137.3078579,                      0,        118.4463666,         137.2381042,                   0,                90.22672084,                 182.1420541,                           0,             -6.42445781e-08,              -0.001015760835,                          nan,                      0.7617516979,                        1.327197393,                                nan,           299.9964015,            300.2602385,                      0,            17152.41776,             16965.11947,                       0,      0.8958479479,      0.5469145294,                 0,                 0,                 0,      0.4389052672,      0.3811994247,      0.9779294693,                 0,      0.6104992825
        1562,     0.06125752546,      -6.134974297,      -3.539579946,       -0.70327457,                         5,      -4.481089578,               3,      -4.838445074,   9.704740549e-09,   4.143730477e-06,      0.4760003532,       4.244066962,       3.950139018,         0.7078919077,         -0.7097851695,                     0,      0.4369810347,      0.6872565196,                 0,       288.9612448,       274.3342568,                 0,       15043.77329,        12365.26907,                  0,        0.1813625133,         0.1570250511,                    0,          301407.7009,           301673.6213,                     0,           118.4579012,           -137.3071737,                      0,         118.457898,         137.2372867,                   0,                90.23672117,                 182.1460282,                           0,             -5.53044176e-08,              -0.001017707657,                          nan,                      0.7617619654,                        1.327234257,                                nan,           299.9968159,            300.2614915,                      0,            17152.46096,             16965.26689,                       0,      0.8958604613,      0.5469347834,                 0,                 0,                 0,      0.4388895646,      0.3811971051,      0.9779531638,                 0,      0.6105133635
        1563,     0.06123495256,       -6.14864481,      -3.541874335,     -0.7205988699,                         5,      -4.037907453,               3,       -4.48067324,   1.164584856e-08,   4.972379268e-06,      0.5712004238,       5.092880355,       4.740166821,         0.7079529335,         -0.7097772123,                     0,      0.4370340369,      0.6872659216,                 0,       288.9585492,       274.3348881,                 0,       15043.23816,        12365.27159,                  0,        0.1813577538,         0.1570247194,                    0,          301407.5788,           301675.0759,                     0,           118.4712212,           -137.3062038,                      0,        118.4712184,         137.2361642,                   0,                90.24789591,                 182.1507531,                           0,            -4.748723803e-08,              -0.001019935715,                          nan,                      0.7617706405,                        1.327279541,                                nan,           299.9966944,            300.2629393,                      0,            17152.38653,             16965.42696,                       0,      0.8958740373,      0.5469585302,                 0,                 0,                 0,       0.438868186,      0.3811935141,      0.9779802806,                 0,      0.6105306186
        1564,       0.061215597,      -6.156390317,      -3.545072379,     -0.7297118339,                         6,      -4.320156441,               3,      -4.137334331,   1.397524996e-08,   5.966716019e-06,      0.6854405086,       6.111456426,       5.688200186,         0.7080243682,         -0.7097663203,                     0,      0.4370961093,      0.6872764934,                 0,        288.955092,       274.3356104,                 0,        15042.5659,        12365.26678,                  0,        0.1813518188,         0.1570242425,                    0,          301407.1231,           301676.7284,                     0,           118.4870521,           -137.3048288,                      0,        118.4870496,         137.2346173,                   0,                90.26055078,                 182.1562792,                           0,            -4.208497195e-08,              -0.001022447818,                          nan,                      0.7617756632,                         1.32733477,                                nan,           299.9962407,            300.2645841,                      0,            17152.24748,             16965.59765,                       0,      0.8958884276,      0.5469871921,                 0,                 0,                 0,        0.43883964,      0.3811875924,      0.9780118007,                 0,      0.6105528047
        1565,      0.0611963516,      -6.159663293,       -3.54893498,     -0.7321604594,                         7,       -4.48030993,               4,      -4.951782288,   1.677063534e-08,   7.159859284e-06,      0.8225286103,       7.333747711,       6.825840223,         0.7081109617,         -0.7097514643,                     0,      0.4371692322,      0.6872879609,                 0,       288.9509971,       274.3364255,                 0,       15041.78691,         12365.2533,                  0,        0.1813449974,          0.157023602,                    0,          301406.5635,           301678.5604,                     0,           118.5060006,           -137.3028722,                      0,        118.5059982,         137.2324662,                   0,                90.27505542,                 182.1626233,                           0,            -3.971462037e-08,              -0.001025294628,                          nan,                      0.7617762541,                        1.327401805,                                nan,           299.9956838,            300.2664075,                      0,            17152.09852,             16965.77302,                       0,      0.8959033528,      0.5470227725,                 0,                 0,                 0,      0.4388023688,      0.3811779038,      0.9780491485,                 0,      0.6105823477
        1566,     0.06117717435,      -6.162203302,      -3.553546541,     -0.7326648628,                         7,      -4.007886116,               4,      -4.539526072,   2.012524668e-08,    8.59154428e-06,      0.9870343324,       8.800497253,       8.191008267,         0.7082154633,         -0.7097312596,                     0,      0.4372547852,      0.6872998343,                 0,       288.9463731,       274.3373436,                 0,       15040.92242,        12365.23041,                  0,        0.1813374768,         0.1570227827,                    0,          301406.0837,           301680.5458,                     0,            118.528405,           -137.3000926,                      0,        118.5284026,         137.2294621,                   0,                90.29178749,                 182.1697626,                           0,            -4.013151456e-08,              -0.001028584316,                          nan,                      0.7617734271,                        1.327482888,                                nan,           299.9952062,            300.2683836,                      0,            17151.97783,             16965.94476,                       0,      0.8959185126,       0.547067687,                 0,                 0,                 0,      0.4387547472,      0.3811627453,      0.9780940634,                 0,      0.6106221484
        1567,     0.06115919031,      -6.166529801,      -3.559266017,     -0.7346140385,                         8,      -4.053013557,               4,      -4.149840465,   2.415099223e-08,   1.030944643e-05,       1.184441199,        10.5605967,       9.829209921,         0.7083380994,         -0.7097041377,                     0,       0.437353302,      0.6873114099,                 0,       288.9412773,       274.3384029,                 0,       15039.97815,        12365.20019,                  0,        0.1813292903,         0.1570217896,                    0,          301405.7708,           301682.6733,                     0,           118.5542821,           -137.2961993,                      0,        118.5542796,         137.2253049,                   0,                90.31104946,                 182.1776345,                           0,            -4.226432004e-08,              -0.001032454685,                          nan,                      0.7617696282,                        1.327580468,                                nan,           299.9948949,            300.2705011,                      0,             17151.8974,             16966.10526,                       0,      0.8959334825,      0.5471245717,                 0,                 0,                 0,      0.4386950316,      0.3811401819,      0.9781483853,                 0,      0.6106754379
        1568,     0.06114343053,       -6.17167039,      -3.566011127,     -0.7371794187,                         9,      -4.018046989,               5,      -4.672310869,   2.898218585e-08,   1.237077124e-05,       1.421329439,       12.67271604,       11.79505191,         0.7084772285,         -0.7096686026,                     0,      0.4374644862,      0.6873218381,                 0,       288.9357109,       274.3396763,                 0,       15038.94873,        12365.16801,                  0,        0.1813203723,         0.1570206491,                    0,          301405.6114,           301684.9582,                     0,           118.5834005,           -137.2908929,                      0,        118.5833978,         137.2196885,                   0,                90.33297825,                 182.1861412,                           0,            -4.465955894e-08,              -0.001037008738,                          nan,                       0.761767498,                        1.327696799,                                nan,           299.9947362,            300.2727753,                      0,            17151.84816,             16966.24908,                       0,      0.8959473887,       0.547196315,                 0,                 0,                 0,      0.4386212536,      0.3811077684,      0.9782138822,                 0,      0.6107460347
        1569,     0.06112927822,      -6.172928072,      -3.572991336,     -0.7350342603,                        10,       -3.93791267,               5,      -4.260837241,   3.478003654e-08,   1.484416321e-05,       1.705595326,       15.20725925,       14.15406229,         0.7086307021,         -0.7096233994,                     0,      0.4375874423,      0.6873302446,                 0,        288.929642,       274.3412497,                 0,       15037.82788,        12365.13947,                  0,        0.1813106668,         0.1570193829,                    0,          301405.5273,           301687.4284,                     0,           118.6154378,           -137.2839123,                      0,        118.6154351,          137.212352,                   0,                 90.3574799,                 182.1951593,                           0,            -4.638967455e-08,              -0.001042244146,                          nan,                      0.7617683131,                        1.327833513,                                nan,           299.9946524,             300.275234,                      0,            17151.81396,              16966.3706,                       0,      0.8959583581,      0.5472863036,                 0,                 0,                 0,       0.438530969,      0.3810619622,      0.9782921131,                 0,      0.6108389956
        1570,     0.06111542826,      -6.164666342,      -3.579178429,      -0.721868459,                        10,      -3.492917225,               6,      -4.762866964,   4.173803946e-08,   1.781199587e-05,       2.046714392,        18.2487111,       16.98487474,          0.708797109,         -0.7095674793,                     0,      0.4377210906,      0.6873358545,                 0,        288.923022,       274.3431844,                 0,       15036.61406,        12365.11559,                  0,        0.1813001858,          0.157017969,                    0,          301405.4131,           301690.0913,                     0,           118.6501512,           -137.2750575,                      0,        118.6501484,         137.2031051,                   0,                 90.3842448,                 182.2045585,                           0,            -4.778071805e-08,               -0.00104802053,                          nan,                      0.7617710221,                        1.327991508,                                nan,           299.9945388,            300.2778844,                      0,            17151.78217,              16966.4591,                       0,       0.895963243,      0.5473989167,                 0,                 0,                 0,      0.4384209475,      0.3809976058,       0.978384654,                 0,      0.6109613547
        1571,     0.06110159478,      -6.147130095,      -3.583522268,     -0.6984948767,                        10,      -3.105837567,               6,      -4.345762333,   5.008845214e-08,   2.137311443e-05,        2.45605727,       21.89845333,       20.38184969,         0.7089762189,         -0.7094997433,                     0,      0.4378646666,      0.6873380608,                 0,       288.9158023,       274.3454884,                 0,       15035.30933,        12365.09035,                  0,        0.1812889844,         0.1570163262,                    0,          301405.1798,           301692.9071,                     0,           118.6874669,           -137.2641563,                      0,         118.687464,         137.1917926,                   0,                90.41291866,                 182.2142395,                           0,              -5.0161027e-08,              -0.001054093664,                          nan,                      0.7617731109,                        1.328171577,                                nan,           299.9943065,             300.280687,                      0,            17151.74746,             16966.49639,                       0,      0.8959580855,        0.54753992,                 0,                 0,                 0,      0.4382870685,      0.3809080568,       0.978493693,                 0,      0.6111222487
        1572,     0.06108813109,      -6.126624594,      -3.584966901,     -0.6722054961,                        10,       -2.76548678,               7,      -4.732483339,   6.011007873e-08,   2.564611781e-05,       0.245605727,       2.189845333,       2.038184969,         0.7091681742,         -0.7094185468,                     0,      0.4380178531,      0.6873363481,                 0,       288.9079991,        274.348117,                 0,       15033.92154,        12365.05285,                  0,        0.1812771471,         0.1570143423,                    0,          301404.8286,           301695.7844,                     0,           118.7273547,           -137.2509554,                      0,        118.7273514,         137.1781787,                   0,                90.44336932,                 182.2241795,                           0,            -5.495666588e-08,              -0.001060209146,                          nan,                      0.7617736625,                        1.328375848,                                nan,            299.993957,            300.2835508,                      0,            17151.71568,             16966.45888,                       0,      0.8959388512,      0.5477164265,                 0,                 0,                 0,      0.4381249164,      0.3807857955,      0.9786224435,                 0,      0.6113323758
        1573,     0.06106472573,      -6.105372439,      -3.582644277,     -0.6449115969,                         4,      -4.655128339,               2,      -4.009141164,   6.011469386e-09,    2.56444113e-06,      0.2947268724,       2.627814399,       2.445821963,         0.7092143196,         -0.7094095578,                     0,      0.4380440507,      0.6873367718,                 0,       288.9084093,        274.348774,                 0,       15034.01914,        12365.11814,                  0,        0.1812780666,         0.1570147916,                    0,          301406.5888,           301696.5558,                     0,           118.7344775,           -137.2489333,                      0,        118.7344744,         137.1761012,                   0,                90.44892509,                 182.2261304,                           0,            -5.249350199e-08,              -0.001061032364,                          nan,                      0.7617747547,                        1.328410188,                                nan,            299.995709,            300.2843186,                      0,            17152.09238,             16966.55944,                       0,      0.8959404403,      0.5477332614,                 0,                 0,                 0,      0.4381161549,      0.3807768578,      0.9786367982,                 0,      0.6113500817
        1574,      0.0610415767,       -6.11572924,      -3.585931199,      -0.658898972,                         4,      -4.241259544,               3,      -5.442839146,   7.213816662e-09,   3.077287989e-06,      0.3536722469,       3.153377279,       2.934986356,         0.7092572583,         -0.7093971924,                     0,      0.4380719723,      0.6873375116,                 0,       288.9082635,       274.3494162,                 0,       15033.99774,        12365.16393,                  0,           0.1812779,         0.1570150025,                    0,          301407.8568,           301697.3393,                     0,           118.7417745,           -137.2464859,                      0,        118.7417717,         137.1735871,                   0,                90.45498475,                 182.2285051,                           0,            -4.829448375e-08,              -0.001062022676,                          nan,                      0.7617789721,                        1.328451847,                                nan,           299.9969711,            300.2850985,                      0,            17152.35082,             16966.63979,                       0,      0.8959416084,      0.5477531099,                 0,                 0,                 0,      0.4381044367,      0.3807657591,       0.978653295,                 0,      0.6113714384
        1575,      0.0610196526,      -6.126795086,       -3.58827382,     -0.6730832069,                         5,       -4.78156053,               3,       -5.06442329,   8.656657015e-09,   3.692688282e-06,      0.4244066962,       3.784052735,       3.521983627,         0.7092977812,         -0.7093809289,                     0,       0.438102209,      0.6873385151,                 0,        288.907508,       274.3500725,                 0,       15033.84657,        12365.19145,                  0,        0.1812765514,         0.1570149739,                    0,          301408.6065,           301698.1636,                     0,           118.7494414,           -137.2435113,                      0,        118.7494389,         137.1705356,                   0,                90.46160063,                 182.2313728,                           0,            -4.296229794e-08,              -0.001063165252,                          nan,                      0.7617854997,                        1.328502305,                                nan,           299.9977172,             300.285919,                      0,            17152.48467,             16966.70101,                       0,      0.8959418272,      0.5477764261,                 0,                 0,                 0,      0.4380885216,      0.3807518038,       0.978671975,                 0,      0.6113973134
        1576,     0.06099792968,      -6.138513312,      -3.590509133,     -0.6874745734,                         5,      -4.325081639,               3,      -4.699059769,   1.038809975e-08,    4.43114693e-06,      0.5092880355,       4.540863282,       4.226380352,         0.7093380599,         -0.7093602683,                     0,      0.4381357134,      0.6873396876,                 0,        288.906137,       274.3507764,                 0,       15033.56825,        12365.20358,                  0,        0.1812740557,         0.1570147233,                    0,          301408.8804,           301699.0587,                     0,            118.757819,            -137.239895,                      0,        118.7578168,         137.1668341,                   0,                90.46885864,                 182.2347984,                           0,            -3.737628029e-08,              -0.001064435619,                          nan,                      0.7617928748,                         1.32856313,                                nan,           299.9979898,            300.2868098,                      0,            17152.50657,             16966.74576,                       0,      0.8959403298,      0.5478039821,                 0,                 0,                 0,      0.4380669166,       0.380733914,      0.9786929876,                 0,      0.6114290917
        1577,     0.06097681027,      -6.150101698,      -3.592988007,     -0.7011592555,                         6,      -4.623271621,               3,      -4.347712611,   1.246588096e-08,   5.317267691e-06,      0.6111456426,       5.449035938,       5.071656423,         0.7093813828,         -0.7093345921,                     0,      0.4381736986,      0.6873408646,                 0,       288.9042044,       274.3515541,                 0,       15033.17977,        12365.20325,                  0,        0.1812705839,         0.1570142727,                    0,          301408.7965,           301700.0409,                     0,           118.7673461,            -137.235497,                      0,        118.7673442,         137.1623432,                   0,                90.47688751,                 182.2388334,                           0,            -3.244457536e-08,              -0.001065821849,                          nan,                      0.7617993661,                        1.328636046,                                nan,           299.9979064,            300.2877874,                      0,            17152.44819,             16966.77559,                       0,      0.8959361573,      0.5478370383,                 0,                 0,                 0,      0.4380379924,      0.3807105632,      0.9787167545,                 0,      0.6114688349
        1578,     0.06095580513,      -6.160425611,      -3.595775207,     -0.7126761425,                         6,      -4.155768726,               3,      -4.011252054,   1.495929112e-08,   6.380572044e-06,      0.7333747711,       6.538843125,       6.085987707,         0.7094313199,         -0.7093029979,                     0,      0.4382173811,      0.6873417631,                 0,        288.901815,       274.3524192,                 0,       15032.70802,        12365.19215,                  0,        0.1812663948,         0.1570136355,                    0,           301408.526,           301701.1038,                     0,           118.7784512,           -137.2301346,                      0,        118.7784495,         137.1568784,                   0,                90.48585352,                 182.2435033,                           0,            -2.881495298e-08,              -0.001067355186,                          nan,                      0.7618036262,                        1.328723032,                                nan,           299.9976371,            300.2888453,                      0,            17152.35258,             16966.78854,                       0,      0.8959282931,      0.5478774159,                 0,                 0,                 0,      0.4380001302,      0.3806798391,      0.9787441082,                 0,      0.6115192701
        1579,     0.06093646082,      -6.168974368,      -3.599131295,     -0.7212311473,                         7,      -4.302658252,               4,        -4.7889548,   1.795148903e-08,   7.656481787e-06,      0.8800497253,        7.84661175,       7.303185248,         0.7094905404,          -0.709264282,                     0,      0.4382676258,       0.687341937,                 0,       288.8990961,       274.3533836,                 0,       15032.18095,        12365.17145,                  0,        0.1812617451,         0.1570128199,                    0,          301408.2458,           301702.2263,                     0,           118.7914131,           -137.2235792,                      0,        118.7914116,         137.1502048,                   0,                90.49593104,                 182.2487964,                           0,            -2.666598242e-08,              -0.001069128037,                          nan,                      0.7618053347,                         1.32882628,                                nan,           299.9973582,            300.2899626,                      0,            17152.26036,             16966.77948,                       0,      0.8959158465,      0.5479273811,                 0,                 0,                 0,      0.4379518421,      0.3806396598,      0.9787763117,                 0,      0.6115835357
        1580,     0.06091901954,      -6.176348402,      -3.603557059,     -0.7274215516,                         8,      -4.361512799,               4,      -4.387085589,    2.15422795e-08,   9.187498465e-06,        1.05605967,       9.415934101,       8.763822298,         0.7095598814,         -0.7092172148,                     0,      0.4383246451,      0.6873407836,                 0,       288.8961569,       274.3544818,                 0,       15031.61825,        12365.14453,                  0,         0.181256804,         0.1570118492,                    0,          301408.0809,           301703.4003,                     0,           118.8062615,            -137.215589,                      0,        118.8062599,         137.1420717,                   0,                 90.5072473,                 182.2546541,                           0,            -2.566017132e-08,              -0.001071272643,                          nan,                      0.7618053741,                        1.328947797,                                nan,           299.9971941,            300.2911311,                      0,             17152.1962,             16966.74394,                       0,       0.895898191,      0.5479894163,                 0,                 0,                 0,      0.4378918273,      0.3805880227,        0.97881496,                 0,      0.6116648319
        1581,     0.06090264728,      -6.182850471,      -3.609042989,     -0.7316709118,                         9,      -4.335634988,               4,      -4.008245703,   2.585144809e-08,   1.102461927e-05,       1.267271604,       11.29912092,       10.51658676,         0.7096382398,         -0.7091609942,                     0,      0.4383878999,      0.6873376379,                 0,       288.8930613,       274.3557823,                 0,       15031.02798,        12365.11872,                  0,        0.1812516286,         0.1570107773,                    0,          301408.0705,           301704.6502,                     0,           118.8227742,           -137.2059753,                      0,        118.8227727,         137.1322833,                   0,                90.51981777,                 182.2609696,                           0,            -2.510751906e-08,              -0.001073892521,                          nan,                      0.7618052981,                        1.329088711,                                nan,           299.9971837,            300.2923752,                      0,            17152.16384,             16966.68187,                       0,      0.8958749302,      0.5480660019,                 0,                 0,                 0,        0.43781898,      0.3805231094,      0.9788617861,                 0,      0.6117662002
        1582,     0.06088768294,      -6.186234566,      -3.614339535,     -0.7316994613,                        10,      -4.258967049,               5,      -4.519995029,   3.102276469e-08,   1.322903678e-05,       1.520725925,        13.5589451,       12.61990411,         0.7097233524,         -0.7090954446,                     0,      0.4384562395,      0.6873319154,                 0,       288.8898298,       274.3573573,                 0,       15030.41112,        12365.10169,                  0,        0.1812462175,         0.1570096599,                    0,          301408.1775,           301706.0108,                     0,           118.8405733,           -137.1946555,                      0,        118.8405718,         137.1207578,                   0,                90.53350035,                 182.2675982,                           0,            -2.435131086e-08,              -0.001076977646,                          nan,                       0.761806334,                        1.329248767,                                nan,           299.9972903,            300.2937294,                      0,            17152.15275,             16966.59473,                       0,      0.8958455439,      0.5481595075,                 0,                 0,                 0,      0.4377323446,      0.3804430701,      0.9789183596,                 0,      0.6118906448
        1583,     0.06087300631,      -6.182504172,       -3.61730848,     -0.7236068601,                        10,      -3.781721659,               5,      -4.122596525,   3.722879062e-08,    1.58741798e-05,        1.82487111,       16.27073413,       15.14388493,         0.7098128497,         -0.7090205944,                     0,      0.4385281632,      0.6873231983,                 0,       288.8864688,       274.3592215,                 0,       15029.77021,        12365.09329,                  0,        0.1812405976,         0.1570084863,                    0,          301408.3324,            301707.465,                     0,           118.8592445,            -137.181625,                      0,        118.8592431,         137.1075022,                   0,                 90.5479977,                 182.2743869,                           0,            -2.319158421e-08,              -0.001080360176,                          nan,                      0.7618086345,                        1.329426793,                                nan,           299.9974444,            300.2951768,                      0,            17152.15063,             16966.47543,                       0,       0.895808748,      0.5482722511,                 0,                 0,                 0,          0.437631,      0.3803454786,      0.9789857461,                 0,      0.6120416353
        1584,     0.06085848883,      -6.170131877,      -3.616167364,     -0.7064854243,                        10,      -3.359652619,               6,      -4.616141021,   4.467665184e-08,   1.904816345e-05,       2.189845333,       19.52488095,       18.17266192,         0.7099047519,         -0.7089358354,                     0,      0.4386020157,      0.6873112066,                 0,       288.8830101,       274.3612996,                 0,       15029.11595,        12365.08114,                  0,        0.1812348779,         0.1570071422,                    0,          301408.4839,           301708.9061,                     0,           118.8783851,           -137.1668302,                      0,        118.8783838,          137.092483,                   0,                90.56292113,                 182.2812434,                           0,            -2.196140048e-08,              -0.001083746985,                          nan,                      0.7618115104,                        1.329622452,                                nan,           299.9975952,            300.2966112,                      0,            17152.15291,             16966.30178,                       0,      0.8957618757,      0.5484067761,                 0,                 0,                 0,      0.4375138738,      0.3802266724,      0.9790643532,                 0,      0.6122238409
        1585,     0.06084499136,      -6.151148861,      -3.610284262,     -0.6829538654,                        10,      -2.989588681,               6,      -4.213175001,    5.36149745e-08,   2.285672865e-05,       2.189845333,       19.52488095,       18.17266192,         0.7099969996,         -0.7088392881,                     0,      0.4386759215,      0.6872957006,                 0,       288.8795529,       274.3634621,                 0,       15028.47011,        12365.04695,                  0,        0.1812292587,         0.1570054698,                    0,          301408.6404,           301710.1693,                     0,            118.897519,           -137.1500039,                      0,        118.8975177,         137.0754551,                   0,                90.57788352,                 182.2882322,                           0,            -2.114228259e-08,              -0.001086817462,                          nan,                      0.7618147566,                        1.329838606,                                nan,            299.997751,            300.2978684,                      0,            17152.16543,             16966.04372,                       0,      0.8957008978,      0.5485665586,                 0,                 0,                 0,      0.4373797724,      0.3800813397,      0.9791545041,                 0,      0.6124439084
        1586,     0.06083196377,      -6.127381302,      -3.599784418,     -0.6547757947,                        10,      -3.020315132,               6,      -4.216770073,   5.361851964e-08,    2.28556385e-05,       2.627814399,       23.42985714,        21.8071943,          0.710079123,         -0.7087402225,                     0,      0.4387403936,       0.687278537,                 0,       288.8767893,       274.3654455,                 0,        15027.9636,        12365.01275,                  0,        0.1812248842,         0.1570038996,                    0,          301409.0406,           301711.0976,                     0,           118.9141417,           -137.1324927,                      0,        118.9141405,         137.0578023,                   0,                90.59113369,                  182.295034,                           0,            -2.044208036e-08,               -0.00108902123,                          nan,                      0.7618196904,                        1.330059515,                                nan,           299.9981493,            300.2987924,                      0,            17152.24134,             16965.75654,                       0,      0.8956365434,      0.5487229782,                 0,                 0,                 0,      0.4372541602,       0.379935359,      0.9792399336,                 0,      0.6126625608
        1587,     0.06082078759,      -6.108963791,      -3.590724644,     -0.6333385921,                        10,      -2.693035255,               7,      -4.593603339,    6.43464436e-08,   2.742555716e-05,      0.2627814399,       2.342985714,        2.18071943,         0.7101531221,         -0.7086231331,                     0,      0.4388001221,       0.687257545,                 0,       288.8742488,       274.3673138,                 0,       15027.48415,        12364.93024,                  0,        0.1812206963,         0.1570017837,                    0,          301409.4323,           301711.5991,                     0,           118.9292823,           -137.1119015,                      0,        118.9292811,         137.0371066,                   0,                90.60375711,                 182.3025537,                           0,            -1.973424402e-08,              -0.001090708409,                          nan,                       0.761828847,                        1.330315257,                                nan,           299.9985392,            300.2992916,                      0,             17152.3001,             16965.34308,                       0,       0.895552383,      0.5489081515,                 0,                 0,                 0,      0.4371110566,      0.3797561987,      0.9793362339,                 0,      0.6129269063
        1588,     0.06079825129,      -6.089303934,      -3.579020578,     -0.6100915183,                         4,       -4.51369558,               3,      -5.717066099,   6.435149822e-09,   2.742435015e-06,      0.3153377279,       2.811582857,       2.616863316,         0.7101701435,         -0.7086064597,                     0,      0.4388095098,      0.6872528503,                 0,        288.874309,       274.3680565,                 0,       15027.50677,        12365.02126,                  0,        0.1812209312,         0.1570025132,                    0,          301409.9733,           301712.0666,                     0,           118.9319785,           -137.1080386,                      0,        118.9319774,         137.0332474,                   0,                90.60552203,                   182.30388,                           0,            -1.846508724e-08,              -0.001090683768,                          nan,                      0.7618264157,                          1.3303624,                                nan,           299.9990777,            300.2997568,                      0,            17152.42115,             16965.39966,                       0,      0.8955488748,      0.5489235708,                 0,                 0,                 0,      0.4371039248,      0.3797440641,      0.9793463736,                 0,      0.6129465251
        1589,     0.06077534748,      -6.095171232,      -3.584073106,     -0.6199773178,                         4,      -4.114647878,               3,      -5.331344579,   7.722238919e-09,   3.290884088e-06,      0.3784052735,       3.373899428,       3.140235979,          0.710185729,         -0.7085843165,                     0,      0.4388193694,      0.6872475549,                 0,       288.8741787,         274.36872,                 0,       15027.48669,        12365.08193,                  0,        0.1812207708,         0.1570029029,                    0,          301410.3397,           301712.4023,                     0,           118.9346936,           -137.1034049,                      0,        118.9346926,         137.0286227,                   0,                90.60744608,                 182.3054966,                           0,            -1.690014773e-08,              -0.001090591126,                          nan,                       0.761825201,                        1.330419098,                                nan,           299.9994423,             300.300091,                      0,            17152.49828,             16965.40605,                       0,      0.8955437623,      0.5489419869,                 0,                 0,                 0,      0.4370940777,      0.3797288373,       0.979357925,                 0,      0.6129705884
        1590,     0.06075390038,      -6.104716475,      -3.589126559,     -0.6334471916,                         5,      -4.614392973,               3,      -4.958179352,   9.266771739e-09,   3.949009614e-06,      0.4540863282,       4.048679314,       3.768283175,         0.7102000595,         -0.7085560114,                     0,      0.4388297779,      0.6872414482,                 0,       288.8738631,       274.3693406,                 0,       15027.42429,        12365.11555,                  0,        0.1812202163,         0.1570029742,                    0,          301410.5406,           301712.6302,                     0,           118.9374572,           -137.0978438,                      0,        118.9374563,         137.0230778,                   0,                90.60953599,                 182.3074552,                           0,            -1.513531078e-08,              -0.001090399172,                          nan,                      0.7618250702,                         1.33048723,                                nan,           299.9996423,            300.3003178,                      0,            17152.53266,             16965.36365,                       0,      0.8955362494,      0.5489640623,                 0,                 0,                 0,      0.4370804336,      0.3797094836,      0.9793709326,                 0,      0.6130003812
        1591,     0.06073202004,      -6.119102737,      -3.594129349,     -0.6517365841,                         5,      -4.168862137,               3,      -4.598447208,    1.11202486e-08,   4.738743372e-06,      0.5449035938,       4.858415177,        4.52193981,         0.7102136553,         -0.7085209266,                     0,      0.4388408291,       0.687234291,                 0,       288.8733923,       274.3699583,                 0,       15027.32606,        12365.12802,                  0,        0.1812193272,          0.157002779,                    0,          301410.6123,           301712.7758,                     0,           118.9403174,           -137.0911886,                      0,        118.9403166,         137.0164471,                   0,                90.61179408,                 182.3098044,                           0,             -1.32927882e-08,              -0.001090093405,                          nan,                      0.7618257346,                        1.330568762,                                nan,           299.9997136,            300.3004628,                      0,            17152.53268,             16965.27686,                       0,      0.8955252816,      0.5489907566,                 0,                 0,                 0,       0.437061793,      0.3796845826,      0.9793855209,                 0,      0.6130376974
        1592,     0.06071196679,      -6.137534865,      -3.599009054,      -0.673926266,                         6,       -4.43914563,               3,      -4.253105488,   1.334447527e-08,   5.686403077e-06,      0.6538843125,       5.830098212,       5.426327772,         0.7102271759,         -0.7084783297,                     0,      0.4388525429,      0.6872257911,                 0,       288.8728237,       274.3706015,                 0,        15027.2045,        12365.12528,                  0,         0.181218218,         0.1570023765,                    0,          301410.6158,            301712.848,                     0,           118.9433095,           -137.0832488,                      0,        118.9433088,         137.0085385,                   0,                90.61420988,                 182.3125804,                           0,            -1.148351059e-08,              -0.001089702078,                          nan,                      0.7618268804,                        1.330665829,                                nan,           299.9997171,            300.3005346,                      0,            17152.51278,             16965.14937,                       0,      0.8955096336,      0.5490233753,                 0,                 0,                 0,      0.4370369905,      0.3796523685,      0.9794019857,                 0,      0.6130848343
        1593,     0.06069285747,      -6.157085122,      -3.603865947,     -0.6966072224,                         7,      -4.595818745,               4,      -5.085792352,   1.601362662e-08,    6.82356958e-06,       0.784661175,       6.996117855,       6.511593327,         0.7102410409,         -0.7084272424,                     0,       0.438864725,      0.6872155608,                 0,       288.8722368,       274.3712862,                 0,       15027.07604,        12365.11195,                  0,         0.181217037,         0.1570018166,                    0,          301410.6241,           301712.8339,                     0,           118.9464064,           -137.0738027,                      0,        118.9464058,          136.999124,                   0,                90.61674358,                 182.3157931,                           0,            -9.775913523e-09,              -0.001089315441,                          nan,                       0.761828346,                        1.330780722,                                nan,           299.9997254,            300.3005206,                      0,            17152.48977,             16964.98159,                       0,      0.8954880737,      0.5490635088,                 0,                 0,                 0,      0.4370050441,      0.3796108977,      0.9794208458,                 0,      0.6131444124
        1594,     0.06067425862,       -6.17447698,      -3.608827913,     -0.7157798196,                         7,      -4.111185151,               4,      -4.671523039,   1.921672417e-08,   8.188139375e-06,      0.9415934101,       8.395341425,       7.813911992,         0.7102550129,         -0.7083666512,                     0,      0.4388768199,      0.6872031118,                 0,       288.8717198,       274.3720372,                 0,       15026.95758,        12365.09306,                  0,        0.1812159327,         0.1570011489,                    0,          301410.7008,           301712.7238,                     0,           118.9494709,           -137.0626278,                      0,        118.9494704,          136.987972,                   0,                90.61930055,                 182.3194121,                           0,            -8.201009871e-09,              -0.001089070436,                          nan,                      0.7618302146,                        1.330915477,                                nan,           299.9998017,             300.300411,                      0,            17152.47728,             16964.77298,                       0,      0.8954595626,      0.5491128581,                 0,                 0,                 0,      0.4369652559,      0.3795583127,      0.9794428245,                 0,      0.6132190454
        1595,     0.06065678045,      -6.188311131,      -3.613401982,       -0.72953029,                         8,      -4.165653622,               4,      -4.280102892,   2.306061081e-08,   9.825587184e-06,       1.129912092,       10.07440971,       9.376694391,         0.7102679914,         -0.7082961732,                     0,      0.4388878363,       0.687187963,                 0,       288.8713517,       274.3729165,                 0,       15026.86325,        12365.07752,                  0,         0.181215026,          0.157000451,                    0,           301410.878,           301712.5484,                     0,           118.9522394,           -137.0495968,                      0,         118.952239,         136.9749476,                   0,                90.62170332,                 182.3233574,                           0,             -6.79966472e-09,              -0.001089079059,                          nan,                      0.7618326824,                        1.331070832,                                nan,           299.9999782,            300.3002364,                      0,             17152.4814,              16964.5283,                       0,      0.8954234001,      0.5491730145,                 0,                 0,                 0,      0.4369172566,      0.3794930923,      0.9794687632,                 0,      0.6133109929
        1596,     0.06064076337,      -6.197786916,      -3.615910947,     -0.7369296457,                         9,      -4.148917953,               5,      -4.824249872,   2.767352272e-08,   1.179048045e-05,        1.35589451,       12.08929165,       11.25203327,         0.7102781787,         -0.7082167305,                     0,      0.4388964045,      0.6871698584,                 0,       288.8711926,       274.3740064,                 0,       15026.80351,        12365.07723,                  0,        0.1812144054,         0.1569998264,                    0,          301411.1486,           301712.3784,                     0,           118.9543528,           -137.0347971,                      0,        118.9543524,         136.9601393,                   0,                90.62367879,                 182.3274985,                           0,             -5.66472147e-09,              -0.001089320555,                          nan,                      0.7618357542,                        1.331244984,                                nan,           300.0002474,            300.3000672,                      0,            17152.50016,             16964.25967,                       0,      0.8953792178,      0.5492453305,                 0,                 0,                 0,      0.4368610359,      0.3794141239,      0.9794995147,                 0,      0.6134220223
        1597,     0.06062664981,      -6.199531247,      -3.614016348,     -0.7347850204,                        10,      -4.080103282,               5,      -4.408118829,   3.320937885e-08,   1.414829659e-05,       1.627073413,       14.50714998,       13.50243992,          0.710283464,         -0.7081303542,                     0,      0.4389009202,      0.6871489394,                 0,       288.8712932,       274.3753228,                 0,       15026.78784,        12365.09694,                  0,        0.1812141534,         0.1569993256,                    0,          301411.4836,            301712.241,                     0,           118.9554032,           -137.0185517,                      0,        118.9554029,         136.9438857,                   0,                90.62488181,                 182.3316723,                           0,            -4.904031958e-09,              -0.001089569529,                          nan,                      0.7618391397,                        1.331433465,                                nan,           300.0005808,            300.2999304,                      0,             17152.5281,             16963.97509,                       0,       0.895326702,      0.5493308828,                 0,                 0,                 0,      0.4367969618,      0.3793205053,      0.9795357453,                 0,      0.6135535571
        1598,     0.06061261163,      -6.189880717,      -3.606325054,     -0.7202262342,                        10,      -3.626469357,               5,      -4.023512981,   3.985293289e-08,   1.697760584e-05,       1.952488095,       17.40857998,       16.20292791,         0.7102815252,         -0.7080387314,                     0,      0.4388995649,      0.6871256514,                 0,        288.871735,       274.3767229,                 0,       15026.83116,         12365.1219,                  0,        0.1812143987,         0.1569988425,                    0,          301411.8755,           301712.0107,                     0,           118.9549174,           -137.0012317,                      0,        118.9549172,         136.9265846,                   0,                90.62494616,                 182.3357382,                           0,            -4.533466047e-09,              -0.001089431425,                          nan,                      0.7618427916,                         1.33163139,                                nan,           300.0009709,            300.2997012,                      0,             17152.5638,             16963.65998,                       0,       0.895265079,      0.5494306087,                 0,                 0,                 0,      0.4367257639,      0.3792110531,      0.9795777318,                 0,      0.6137071819
        1599,     0.06059878125,       -6.17012329,      -3.593416341,     -0.6956813263,                        10,      -3.223045313,               6,      -4.502875913,   4.782596193e-08,    2.03726956e-05,       2.342985714,       20.89029598,       19.44351349,         0.7102692479,         -0.7079413661,                     0,      0.4388899542,      0.6871003702,                 0,       288.8726846,       274.3779246,                 0,       15026.96149,        12365.11975,                  0,        0.1812153746,         0.1569981277,                    0,          301412.3766,           301711.4017,                     0,           118.9522207,            -136.982905,                      0,        118.9522204,          136.908333,                   0,                90.62348805,                 182.3396922,                           0,            -4.441111923e-09,              -0.001088482324,                          nan,                      0.7618478053,                        1.331837794,                                nan,           300.0014697,            300.2990951,                      0,            17152.61502,             16963.27424,                       0,      0.8951929202,      0.5495455754,                 0,                 0,                 0,      0.4366485596,      0.3790839841,      0.9796254574,                 0,      0.6138850777
        1600,     0.06058498307,      -6.145166031,      -3.576993928,     -0.6666179138,                        10,      -2.868917422,               6,      -4.111936022,    5.73947032e-08,   2.444672556e-05,      0.2342985714,       2.089029598,       1.944351349,           0.71024179,         -0.7078347968,                     0,      0.4388684738,      0.6870729893,                 0,       288.8744138,       274.3786559,                 0,        15027.2233,        12365.06208,                  0,        0.1812174471,         0.1569969768,                    0,          301413.0865,           301710.1021,                     0,           118.9462618,           -136.9630411,                      0,        118.9462616,         136.8886202,                   0,                90.61997107,                 182.3437822,                           0,            -4.557333511e-09,              -0.001086433672,                          nan,                      0.7618564036,                        1.332059465,                                nan,           300.0021763,            300.2978015,                      0,            17152.69588,             16962.77589,                       0,      0.8951096811,      0.5496771392,                 0,                 0,                 0,      0.4365675122,      0.3789380435,       0.979679671,                 0,      0.6140891455
        1601,     0.06136824444,      -6.118777055,      -3.558578355,     -0.6367651452,                         4,      -4.742606147,               2,      -4.150522379,    5.73989969e-09,   2.444626277e-06,      0.2811582857,       2.506835517,       2.333221619,         0.7102343232,         -0.7078186291,                     0,       0.438863665,      0.6870673935,                 0,       288.8741991,       274.3790351,                 0,       15027.18626,        12365.11317,                  0,        0.1812171351,         0.1569974088,                    0,          301412.6174,           301710.0915,                     0,           118.9452161,           -136.9594536,                      0,        118.9452159,         136.8850799,                   0,                 90.6185483,                 182.3443953,                           0,            -4.399296705e-09,               -0.00108577314,                          nan,                        0.76185114,                        1.332098395,                                nan,           300.0017094,             300.297791,                      0,            17152.60479,              16962.7613,                       0,      0.8951046177,      0.5496875332,                 0,                 0,                 0,       0.436562998,      0.3789277171,      0.9796848708,                 0,      0.6141042313
        1602,     0.06134447255,      -6.121190809,      -3.563406152,     -0.6431714517,                         4,      -4.335073193,               3,      -5.627049507,   6.887931268e-09,   2.933531501e-06,      0.3373899428,       3.008202621,       2.799865942,         0.7102272607,         -0.7077976448,                     0,      0.4388583697,      0.6870607767,                 0,        288.874117,       274.3793221,                 0,        15027.1756,         12365.1416,                  0,        0.1812170581,         0.1569976058,                    0,          301412.2619,           301709.9001,                     0,           118.9440838,           -136.9551096,                      0,        118.9440836,         136.8808001,                   0,                90.61702225,                 182.3451235,                           0,            -4.147688193e-09,              -0.001084872184,                          nan,                      0.7618455625,                        1.332145366,                                nan,           300.0013555,            300.2976004,                      0,             17152.5389,             16962.69957,                       0,      0.8950982979,      0.5497000672,                 0,                 0,                 0,      0.4365571778,      0.3789150944,      0.9796910115,                 0,      0.6141225701
        1603,     0.06132300268,      -6.126629321,      -3.568793886,     -0.6527159094,                         5,      -4.874277907,               3,      -5.245678754,   8.265591509e-09,   3.520211372e-06,      0.4048679314,       3.609843145,       3.359839131,         0.7102201809,         -0.7077711344,                     0,      0.4388522838,      0.6870528786,                 0,       288.8741997,       274.3795344,                 0,       15027.19694,        12365.14906,                  0,        0.1812172636,         0.1569975793,                    0,          301412.0382,           301709.5263,                     0,           118.9427632,           -136.9498544,                      0,         118.942763,         136.8756298,                   0,                90.61536935,                 182.3459891,                           0,            -3.770390555e-09,              -0.001083674012,                          nan,                      0.7618401244,                        1.332202009,                                nan,           300.0011329,            300.2972285,                      0,             17152.5015,             16962.58891,                       0,      0.8950902691,      0.5497152676,                 0,                 0,                 0,      0.4365495735,      0.3788994964,      0.9796982377,                 0,      0.6141450607
        1604,     0.06130104586,      -6.136911194,      -3.574574405,     -0.6672760384,                         5,      -4.416821098,               3,      -4.877206908,     9.9188158e-09,   4.224219947e-06,      0.4858415177,       4.331811774,       4.031806957,         0.7102122308,         -0.7077384332,                     0,      0.4388449138,      0.6870434106,                 0,       288.8744772,       274.3796964,                 0,       15027.25445,        12365.13969,                  0,         0.181217783,         0.1569973679,                    0,          301411.9523,           301708.9747,                     0,           118.9410908,           -136.9435201,                      0,        118.9410906,         136.8694043,                   0,                90.61353943,                 182.3470161,                           0,            -3.263040949e-09,              -0.001082135977,                          nan,                      0.7618354514,                        1.332270109,                                nan,           300.0010473,            300.2966794,                      0,            17152.49236,             16962.43045,                       0,      0.8950799017,      0.5497338215,                 0,                 0,                 0,      0.4365396505,       0.378880006,      0.9797067143,                 0,      0.6141729029
        1605,     0.06128085349,      -6.152338529,      -3.580477663,     -0.6871040205,                         6,      -4.717558028,               3,       -4.52256224,    1.19027309e-08,   5.069022816e-06,      0.5830098212,       5.198174128,       4.838168348,         0.7102021116,         -0.7076987999,                     0,      0.4388355475,       0.687032046,                 0,       288.8749758,       274.3798298,                 0,       15027.35078,        12365.11853,                  0,        0.1812186319,         0.1569970233,                    0,          301411.9953,           301708.2433,                     0,           118.9388389,           -136.9359164,                      0,        118.9388387,          136.861934,                   0,                 90.6114421,                 182.3482261,                           0,            -2.660567433e-09,               -0.00108024969,                          nan,                      0.7618322415,                        1.332351669,                                nan,           300.0010902,            300.2959514,                      0,            17152.50726,               16962.226,                       0,      0.8950664198,      0.5497565786,                 0,                 0,                 0,      0.4365268995,      0.3788554909,      0.9797166471,                 0,      0.6142075789
        1606,     0.06126065495,      -6.170917895,      -3.586238282,     -0.7098581605,                         6,      -4.235971661,               3,        -4.1827862,   1.428349525e-08,   6.082779938e-06,      0.6996117855,       6.237808954,       5.805802018,         0.7101881725,         -0.7076512869,                     0,      0.4388232467,      0.6870183906,                 0,       288.8757214,       274.3799489,                 0,       15027.48813,        12365.09006,                  0,        0.1812198205,         0.1569965948,                    0,          301412.1465,           301707.3171,                     0,           118.9357243,           -136.9268221,                      0,        118.9357241,         136.8529945,                   0,                90.60893277,                 182.3496291,                           0,             -2.04801065e-09,              -0.001078060008,                          nan,                      0.7618310935,                        1.332448952,                                nan,           300.0012407,            300.2950296,                      0,            17152.53922,             16961.97565,                       0,      0.8950490006,      0.5497845047,                 0,                 0,                 0,      0.4365109308,      0.3788247115,      0.9797283057,                 0,       0.614250733
        1607,     0.06124259527,      -6.189130973,      -3.591545234,     -0.7313163222,                         7,      -4.378608454,               4,      -4.993461843,   1.714050844e-08,   7.299284883e-06,      0.8395341425,       7.485370745,       6.966962422,         0.7101685931,         -0.7075948086,                     0,      0.4388068626,      0.6870019674,                 0,       288.8767455,       274.3800712,                 0,        15027.6703,        12365.05871,                  0,        0.1812213748,         0.1569961287,                    0,          301412.3805,           301706.1785,                     0,           118.9314252,           -136.9159981,                      0,        118.9314251,         136.8423404,                   0,                90.60580139,                 182.3512116,                           0,            -1.571214603e-09,              -0.001075665995,                          nan,                      0.7618323024,                        1.332564256,                                nan,           300.0014735,            300.2938963,                      0,             17152.5809,             16961.67818,                       0,      0.8950269506,      0.5498185915,                 0,                 0,                 0,      0.4364915583,      0.3787865151,      0.9797420588,                 0,      0.6143039505
        1608,     0.06122581168,      -6.204361276,      -3.595701405,     -0.7481926649,                         8,      -4.441145799,               4,      -4.588620826,   2.056906399e-08,   8.759091271e-06,       1.007440971,       8.982444894,       8.360354906,         0.7101415638,         -0.7075286154,                     0,       0.438785061,      0.6869822787,                 0,       288.8780932,       274.3802405,                 0,       15027.90468,         12365.0316,                  0,        0.1812233558,         0.1569956902,                    0,           301412.676,           301704.8374,                     0,           118.9255986,           -136.9032571,                      0,        118.9255985,         136.8297763,                   0,                 90.6017671,                  182.352924,                           0,            -1.433874686e-09,              -0.001073182519,                          nan,                      0.7618357046,                        1.332699131,                                nan,           300.0017677,            300.2925615,                      0,            17152.62721,             16961.33574,                       0,       0.894999945,      0.5498597759,                 0,                 0,                 0,      0.4364688742,      0.3787400757,      0.9797584548,                 0,      0.6143685024
        1609,     0.06121017683,      -6.215790889,      -3.597303168,     -0.7595065252,                         9,       -4.43112943,               4,      -4.207164465,     2.4683535e-08,   1.051086345e-05,       1.208929165,       10.77893387,       10.03242589,         0.7101053864,         -0.7074530446,                     0,       0.438756364,      0.6869589931,                 0,       288.8798237,       274.3805313,                 0,       15028.20269,        12365.02015,                  0,        0.1812258639,         0.1569953818,                    0,          301413.0198,           301703.3504,                     0,           118.9178943,           -136.8885827,                      0,        118.9178942,         136.8152823,                   0,                90.59648385,                 182.3546748,                           0,            -1.852076492e-09,              -0.001070662833,                          nan,                      0.7618406336,                        1.332853112,                                nan,           300.0021099,            300.2910815,                      0,            17152.67619,              16960.9589,                       0,      0.8949683544,       0.549908886,                 0,                 0,                 0,      0.4364433824,       0.378685186,      0.9797783771,                 0,       0.614445062
        1610,     0.06119662533,       -6.22136882,      -3.594650834,     -0.7633730484,                        10,      -4.367074091,               5,      -4.733469607,   2.962119992e-08,   1.261299655e-05,       1.450714998,       12.93472065,       12.03891106,         0.7100584455,         -0.7073699076,                     0,      0.4387192119,       0.686932191,                 0,       288.8820076,       274.3809947,                 0,       15028.57842,        12365.03505,                  0,        0.1812290249,         0.1569953088,                    0,          301413.4061,             301701.78,                     0,           118.9079595,           -136.8722252,                      0,        118.9079593,         136.7991142,                   0,                90.58956807,                  182.356338,                           0,            -2.968281843e-09,              -0.001068024537,                          nan,                      0.7618461253,                        1.333022798,                                nan,           300.0024944,            300.2895184,                      0,            17152.72813,             16960.56323,                       0,      0.8949335907,       0.549966558,                 0,                 0,                 0,      0.4364162404,      0.3786225838,      0.9798031872,                 0,      0.6145333729
        1611,     0.06118328362,      -6.216063758,      -3.587051007,     -0.7549891735,                        10,      -3.887232363,               5,      -4.329308737,    3.55468376e-08,   1.513556166e-05,       1.740857998,       15.52166478,       14.44669328,         0.7099989718,         -0.7072817949,                     0,      0.4386719701,      0.6869024659,                 0,       288.8847373,       274.3815604,                 0,        15029.0485,        12365.07425,                  0,        0.1812329809,         0.1569954848,                    0,          301413.8482,           301700.0934,                     0,           118.8954048,           -136.8546481,                      0,        118.8954045,         136.7817506,                   0,                90.58065099,                 182.3577878,                           0,            -4.794337816e-09,               -0.00106504367,                          nan,                      0.7618515734,                        1.333202616,                                nan,           300.0029344,            300.2878397,                      0,             17152.7854,             16960.15436,                       0,       0.894898164,      0.5500330494,                 0,                 0,                 0,      0.4363895346,      0.3785541098,      0.9798346112,                 0,      0.6146320012
        1612,     0.06117120267,      -6.197333617,      -3.575777626,     -0.7324018048,                        10,      -3.459547646,               6,        -4.8329719,   4.265824647e-08,   1.816264438e-05,       2.089029598,       18.62599773,       17.33603193,          0.709924445,         -0.7071904147,                     0,      0.4386126661,      0.6868707137,                 0,       288.8881633,       274.3819876,                 0,       15029.63626,         12365.1155,                  0,        0.1812379193,         0.1569957645,                    0,          301414.4027,            301698.092,                     0,           118.8796857,           -136.8362745,                      0,        118.8796853,         136.7636337,                   0,                 90.5694025,                 182.3589751,                           0,            -7.258098789e-09,              -0.001061436886,                          nan,                      0.7618576909,                        1.333387906,                                nan,           300.0034863,            300.2858477,                      0,            17152.85469,             16959.71438,                       0,      0.8948649159,      0.5501080082,                 0,                 0,                 0,      0.4363663563,      0.3784822377,       0.979874091,                 0,      0.6147386029
        1613,     0.06115914857,      -6.170965665,      -3.563238209,     -0.7022476038,                        10,       -3.07862997,               6,      -4.423390241,   5.119287333e-08,   2.179515903e-05,       2.506835517,       22.35119728,       20.80323832,         0.7098307554,         -0.7070951245,                     0,      0.4385383524,      0.6868376839,                 0,       288.8925262,       274.3819477,                 0,       15030.37778,        12365.12577,                  0,        0.1812441238,         0.1569959165,                    0,          301415.1708,           301695.4681,                     0,           118.8599284,           -136.8171517,                      0,        118.8599278,         136.7448266,                   0,                90.55541451,                 182.3600295,                           0,            -1.041551712e-08,              -0.001056972076,                          nan,                      0.7618666458,                        1.333579003,                                nan,           300.0042508,             300.283236,                      0,            17152.94727,             16959.20808,                       0,      0.8948354058,      0.5501904047,                 0,                 0,                 0,      0.4363505695,      0.3784088318,      0.9799217524,                 0,       0.614850956
        1614,     0.06114923337,      -6.146701756,       -3.55109042,     -0.6746954872,                        10,      -2.738976504,               6,      -4.052293488,   6.143577532e-08,    2.61542329e-05,      0.2506835517,       2.235119728,       2.080323832,         0.7097118948,         -0.7069927953,                     0,       0.438444531,      0.6868035445,                 0,       288.8981217,       274.3811836,                 0,       15031.32024,        12365.08343,                  0,        0.1812519778,         0.1569958136,                    0,          301416.2325,           301691.9483,                     0,           118.8348766,           -136.7967678,                      0,        118.8348757,         136.7248262,                   0,                90.53793297,                 182.3612923,                           0,            -1.489074408e-08,              -0.001051526553,                          nan,                      0.7618801505,                        1.333783318,                                nan,           300.0053075,            300.2797327,                      0,            17153.07145,              16958.6073,                       0,      0.8948092166,      0.5502781888,                 0,                 0,                 0,      0.4363468198,      0.3783348029,       0.979975712,                 0,       0.614967055
        1615,     0.06112616708,       -6.12909087,      -3.539497152,     -0.6541737462,                         4,      -4.592125378,               2,      -4.120533509,   6.144099176e-09,   2.615438833e-06,      0.3008202621,       2.682143673,       2.496388598,         0.7096817852,         -0.7069751502,                     0,      0.4384267422,      0.6867953616,                 0,       288.8976603,       274.3814505,                 0,       15031.22824,        12365.13432,                  0,         0.181251158,         0.1569963085,                    0,          301414.8455,           301691.6087,                     0,           118.8303724,           -136.7927646,                      0,        118.8303715,         136.7209103,                   0,                90.53364638,                 182.3611422,                           0,            -1.487688883e-08,              -0.001050281168,                          nan,                      0.7618729558,                        1.333820422,                                nan,           300.0039271,            300.2793947,                      0,            17152.78611,              16958.5509,                       0,      0.8948071777,      0.5502837109,                 0,                 0,                 0,      0.4363469896,      0.3783298347,      0.9799788691,                 0,      0.6149746276
        1616,     0.06110331929,      -6.138011923,      -3.545874726,     -0.6685697174,                         4,      -4.184173781,               3,      -5.579747677,   7.372982271e-09,   3.138518978e-06,      0.3609843145,       3.218572408,       2.995666318,         0.7096538585,         -0.7069527476,                     0,      0.4384076437,      0.6867857604,                 0,       288.8976256,       274.3815846,                 0,       15031.22539,        12365.16225,                  0,        0.1812511454,         0.1569965873,                    0,          301413.8373,           301691.0108,                     0,           118.8257044,           -136.7879858,                      0,        118.8257036,         136.7162437,                   0,                90.52902053,                 182.3609484,                           0,            -1.401276573e-08,              -0.001048679011,                          nan,                      0.7618639552,                        1.333864532,                                nan,           300.0029235,            300.2787996,                      0,            17152.58923,             16958.43999,                       0,      0.8948050005,      0.5502906029,                 0,                 0,                 0,       0.436347281,      0.3783239263,      0.9799830322,                 0,      0.6149838262
        1617,     0.06108176928,      -6.150470274,      -3.552718432,      -0.686817833,                         5,      -4.701174785,               3,      -5.203350538,   8.847669179e-09,   3.766214133e-06,      0.4331811774,        3.86228689,       3.594799582,         0.7096271195,         -0.7069250673,                     0,      0.4383865564,      0.6867744758,                 0,       288.8980808,       274.3815975,                 0,       15031.32289,        12365.17002,                  0,        0.1812520356,         0.1569966789,                    0,          301413.2388,           301690.1463,                     0,           118.8206434,           -136.7822989,                      0,        118.8206427,         136.7106973,                   0,                90.52400133,                 182.3607125,                           0,            -1.247233117e-08,              -0.001046667668,                          nan,                      0.7618541636,                        1.333916922,                                nan,           300.0023278,            300.2779391,                      0,            17152.48671,             16958.27409,                       0,      0.8948027282,      0.5502993408,                 0,                 0,                 0,      0.4363477857,      0.3783168237,      0.9799886059,                 0,       0.614995153
        1618,     0.06106032724,      -6.167152155,      -3.560181149,     -0.7097337482,                         5,      -4.244683707,               3,      -4.840464901,   1.061733223e-08,   4.519448937e-06,      0.5198174128,       4.634744267,       4.313759498,         0.7095993708,         -0.7068916899,                     0,      0.4383623881,      0.6867612512,                 0,       288.8990614,       274.3815054,                 0,       15031.52355,        12365.16275,                  0,        0.1812538399,         0.1569966393,                    0,          301413.0318,           301689.0124,                     0,           118.8148141,             -136.77557,                      0,        118.8148135,         136.7041396,                   0,                90.51848241,                 182.3604418,                           0,            -1.061941701e-08,              -0.001044219038,                          nan,                      0.7618450912,                         1.33397893,                                nan,           300.0021218,            300.2768105,                      0,            17152.47068,             16958.05607,                       0,      0.8948003411,      0.5503104539,                 0,                 0,                 0,       0.436348677,      0.3783081904,      0.9799959996,                 0,      0.6150092133
        1619,     0.06103980222,      -6.186833523,      -3.568065365,       -0.73585048,                         6,      -4.525171493,               3,      -4.492243415,   1.274098323e-08,   5.423334923e-06,      0.6237808954,       5.561693121,       5.176511397,         0.7095673768,         -0.7068521631,                     0,      0.4383336637,      0.6867458352,                 0,       288.9005694,        274.381318,                 0,       15031.82144,        12365.14589,                  0,        0.1812564859,         0.1569965323,                    0,          301413.1431,           301687.5996,                     0,           118.8077224,           -136.7676565,                      0,        118.8077219,          136.696427,                   0,                90.51228357,                 182.3601468,                           0,            -8.930906015e-09,              -0.001041342055,                          nan,                      0.7618383899,                        1.334052036,                                nan,           300.0022326,            300.2754044,                      0,            17152.51943,             16957.78939,                       0,      0.8947977288,      0.5503244362,                 0,                 0,                 0,      0.4363502465,      0.3782976393,      0.9800055392,                 0,      0.6150266351
        1620,     0.06102059716,      -6.206542323,      -3.575797932,     -0.7613391071,                         6,      -4.051242141,               3,      -4.159889419,   1.528944369e-08,    6.50800891e-06,      0.7485370745,       6.674031745,       6.211813677,         0.7095274419,         -0.7068058788,                     0,      0.4382986602,      0.6867279524,                 0,       288.9025814,       274.3810353,                 0,       15032.20575,        12365.12371,                  0,        0.1812598575,         0.1569964126,                    0,           301413.461,           301685.8862,                     0,           118.7988259,           -136.7583984,                      0,        118.7988255,         136.6873965,                   0,                90.50513815,                 182.3598329,                           0,            -7.898401155e-09,              -0.001038085407,                          nan,                      0.7618352943,                        1.334137876,                                nan,            300.002549,             300.273699,                      0,            17152.60314,              16957.4756,                       0,      0.8947946711,      0.5503416376,                 0,                 0,                 0,      0.4363529185,      0.3782847831,      0.9800173694,                 0,      0.6150479605
        1621,     0.06100208409,      -6.223520649,      -3.582496147,     -0.7823357901,                         7,      -4.176071376,               4,       -4.96072212,   1.834771037e-08,   7.809638721e-06,      0.8982444894,       8.008838094,       7.454176412,         0.7094762386,         -0.7067521795,                     0,      0.4382556194,      0.6867072887,                 0,       288.9050701,       274.3806602,                 0,       15032.66745,        12365.09993,                  0,        0.1812638633,         0.1569963256,                    0,          301413.8672,           301683.8511,                     0,           118.7876276,           -136.7476372,                      0,        118.7876271,          136.676885,                   0,                90.49669802,                 182.3594879,                           0,            -7.933381174e-09,              -0.001034517181,                          nan,                      0.7618360618,                        1.334237958,                                nan,           300.0029533,            300.2716734,                      0,            17152.69373,             16957.11492,                       0,      0.8947908651,      0.5503621822,                 0,                 0,                 0,      0.4363572531,      0.3782693058,      0.9800314057,                 0,      0.6150735369
        1622,     0.06098470518,      -6.237327478,      -3.587012921,     -0.7980427867,                         8,      -4.226764072,               4,      -4.568836633,   2.201779568e-08,   9.371628964e-06,       1.077893387,       9.610605713,       8.945011695,         0.7094114615,          -0.706690864,                     0,      0.4382029424,       0.686683549,                 0,       288.9080313,       274.3802208,                 0,       15033.20578,        12365.08051,                  0,        0.1812684965,         0.1569963309,                    0,          301414.2764,           301681.5025,                     0,           118.7737463,           -136.7352864,                      0,        118.7737457,         136.6648037,                   0,                90.48656262,                 182.3590667,                           0,            -9.255324729e-09,              -0.001030671571,                          nan,                      0.7618397658,                        1.334352824,                                nan,           300.0033606,            300.2693358,                      0,            17152.77412,             16956.71102,                       0,      0.8947860445,      0.5503859537,                 0,                 0,                 0,       0.436363987,      0.3782510659,      0.9800473941,                 0,      0.6151034172
        1623,     0.06096884341,       -6.24859041,      -3.588025189,     -0.8096672507,                         9,      -4.209522563,               4,      -4.202074459,   2.642213885e-08,   1.124606652e-05,       1.293472065,       11.53272686,       10.73401403,         0.7093319335,         -0.7066228586,                     0,      0.4381392969,      0.6866566283,                 0,       288.9114982,       274.3797672,                 0,       15033.82964,         12365.0748,                  0,        0.1812738437,         0.1569965181,                    0,          301414.6554,           301678.8877,                     0,           118.7569284,           -136.7214404,                      0,        118.7569277,         136.6512514,                   0,                90.47432962,                 182.3584839,                           0,            -1.177599407e-08,              -0.001026480664,                          nan,                      0.7618446467,                        1.334480892,                                nan,           300.0037378,            300.2667332,                      0,            17152.84102,             16956.27498,                       0,      0.8947802976,      0.5504125891,                 0,                 0,                 0,      0.4363742195,      0.3782303536,      0.9800650993,                 0,      0.6151371354
        1624,     0.06095561588,      -6.254605913,      -3.584608564,       -0.81475614,                        10,      -4.138166304,               5,      -4.726258323,   3.170770316e-08,   1.349545454e-05,       1.552166478,       13.83927223,       12.88081684,         0.7092370766,          -0.706550374,                     0,      0.4380635949,      0.6866268134,                 0,       288.9155413,       274.3793105,                 0,       15034.55423,        12365.08981,                  0,        0.1812800437,         0.1569969689,                    0,          301415.0228,           301676.0409,                     0,           118.7369868,           -136.7064321,                      0,        118.7369859,         136.6365748,                   0,                90.45966293,                 182.3576252,                           0,            -1.514638548e-08,              -0.001021743628,                          nan,                      0.7618490754,                        1.334617949,                                nan,           300.0041035,            300.2638998,                      0,            17152.90074,             16955.82051,                       0,      0.8947745513,      0.5504413894,                 0,                 0,                 0,      0.4363897889,      0.3782083298,       0.980084527,                 0,      0.6151732732
        1625,      0.0609425313,      -6.247880927,      -3.577312442,     -0.8048750211,                        10,      -3.672838686,               5,      -4.344866272,   3.805089772e-08,   1.619479522e-05,       1.862599773,       16.60712667,       15.45698021,         0.7091259392,         -0.7064759849,                     0,      0.4379747555,       0.686594835,                 0,        288.920279,       274.3787369,                 0,       15035.39849,         12365.1199,                  0,        0.1812872506,         0.1569976759,                    0,          301415.4472,            301672.892,                     0,           118.7136618,           -136.6907332,                      0,        118.7136607,          136.621264,                   0,                90.44234572,                 182.3563995,                           0,            -1.908322844e-08,              -0.001016184274,                          nan,                      0.7618528921,                        1.334758544,                                nan,           300.0045259,            300.2607657,                      0,              17152.964,             16955.35039,                       0,      0.8947709241,      0.5504712467,                 0,                 0,                 0,      0.4364137289,      0.3781873514,      0.9801060796,                 0,      0.6152091355
        1626,     0.06092934757,      -6.225139444,      -3.568365441,     -0.7765149343,                        10,      -3.267187627,               5,       -4.00192151,   4.566349086e-08,   1.943409508e-05,       2.235119728,       19.92855201,       18.54837625,         0.7089960991,         -0.7064010047,                     0,      0.4378711151,      0.6865616472,                 0,       288.9259029,       274.3777903,                 0,       15036.38839,        12365.14344,                  0,        0.1812956572,         0.1569985112,                    0,          301416.0443,           301669.2302,                     0,           118.6864225,           -136.6746813,                      0,        118.6864211,         136.6056717,                   0,                90.42222073,                 182.3548365,                           0,            -2.373884089e-08,               -0.00100958189,                          nan,                      0.7618581797,                        1.334899453,                                nan,           300.0051202,             300.257121,                      0,            17153.04363,             16954.84868,                       0,      0.8947726771,      0.5505010909,                 0,                 0,                 0,      0.4364505811,      0.3781706606,      0.9801308822,                 0,      0.6152412842
        1627,     0.06091653378,      -6.196764622,       -3.56024384,      -0.742108738,                        10,      -2.909639452,               6,      -4.466733107,   5.479971552e-08,   2.332138088e-05,      0.2235119728,       1.992855201,       1.854837625,         0.7088430569,         -0.7063243527,                     0,      0.4377496644,      0.6865280072,                 0,       288.9326695,       274.3761757,                 0,       15037.55993,        12365.13531,                  0,        0.1813055365,         0.1569993248,                    0,          301416.9294,           301664.7863,                     0,           118.6543383,           -136.6581903,                      0,        118.6543366,         136.5897151,                   0,                90.39892597,                 182.3531748,                           0,            -2.992835491e-08,              -0.001001887237,                          nan,                      0.7618678642,                        1.335043233,                                nan,           300.0060011,            300.2526979,                      0,            17153.15031,             16954.29162,                       0,      0.8947841603,      0.5505311409,                 0,                 0,                 0,      0.4365064236,      0.3781615852,      0.9801617449,                 0,       0.615266972
        1628,     0.06089365187,      -6.176329518,      -3.554290064,     -0.7168898041,                         4,      -4.823087942,               2,      -4.380122949,    5.48040078e-09,   2.332193788e-06,      0.2682143673,       2.391426241,        2.22580515,         0.7088065515,         -0.7063097545,                     0,      0.4377284576,      0.6865199675,                 0,       288.9322404,       274.3762396,                 0,       15037.46956,        12365.16591,                  0,        0.1813047161,         0.1569996787,                    0,          301415.4039,             301664.23,                     0,           118.6487643,            -136.654864,                      0,        118.6487626,         136.5864944,                   0,                90.39413529,                 182.3525024,                           0,            -2.933673693e-08,              -0.001000366887,                          nan,                      0.7618632788,                         1.33506979,                                nan,           300.0044828,            300.2521442,                      0,            17152.83253,             16954.20818,                       0,      0.8947838525,      0.5505317311,                 0,                 0,                 0,      0.4365099761,      0.3781609828,      0.9801620278,                 0,      0.6152678432
        1629,     0.06087097558,      -6.186708157,      -3.559691488,     -0.7331716588,                         4,      -4.399696249,               2,      -4.115766405,   6.576533284e-09,   2.798637073e-06,      0.3218572408,       2.869711489,        2.67096618,         0.7087717786,         -0.7062916506,                     0,      0.4377054734,      0.6865104968,                 0,       288.9322668,       274.3761916,                 0,       15037.47346,        12365.18256,                  0,        0.1813047465,         0.1569999186,                    0,          301414.2632,            301663.437,                     0,           118.6429234,           -136.6509113,                      0,        118.6429217,         136.5826745,                   0,                90.38888962,                 182.3516842,                           0,            -2.753274553e-08,             -0.0009984527412,                          nan,                      0.7618565719,                        1.335101139,                                nan,           300.0033474,            300.2513549,                      0,            17152.60429,             16954.08211,                       0,      0.8947840036,      0.5505327622,                 0,                 0,                 0,      0.4365146785,      0.3781604781,      0.9801629396,                 0,      0.6152688917
        1630,      0.0608508317,      -6.199733573,      -3.565370768,     -0.7525097066,                         5,      -4.965068676,               3,      -5.584276272,   7.891915201e-09,   3.358371897e-06,       0.386228689,       3.443653787,       3.205159416,         0.7087380549,         -0.7062696792,                     0,      0.4376800876,      0.6864993734,                 0,       288.9328216,       274.3760305,                 0,       15037.58595,        12365.18674,                  0,        0.1813057547,          0.157000064,                    0,          301413.5517,            301662.388,                     0,           118.6366182,           -136.6462384,                      0,        118.6366167,         136.5781654,                   0,                90.38312802,                 182.3507045,                           0,            -2.477499139e-08,             -0.0009960910917,                          nan,                      0.7618484962,                        1.335138043,                                nan,           300.0026393,            300.2503108,                      0,            17152.47563,             16953.91175,                       0,      0.8947849777,      0.5505345598,                 0,                 0,                 0,       0.436521022,      0.3781601636,      0.9801649598,                 0,      0.6152702309
        1631,     0.06083034657,      -6.215457405,      -3.571717987,     -0.7750200257,                         5,      -4.492558563,               3,      -5.214821975,    9.47040632e-09,   4.030058897e-06,      0.4634744267,       4.132384544,       3.846191299,         0.7087035022,         -0.7062436006,                     0,      0.4376512828,      0.6864863998,                 0,       288.9339506,         274.37576,                 0,       15037.81291,        12365.18184,                  0,        0.1813077827,         0.1570001558,                    0,          301413.2656,           301661.0711,                     0,            118.629507,           -136.6407592,                      0,        118.6295057,          136.572883,                   0,                 90.3767463,                 182.3495529,                           0,            -2.155796319e-08,             -0.0009932512966,                          nan,                      0.7618403683,                        1.335181252,                                nan,           300.0023545,            300.2490001,                      0,            17152.44293,             16953.69845,                       0,      0.8947872391,      0.5505374854,                 0,                 0,                 0,      0.4365296639,      0.3781601897,      0.9801686574,                 0,      0.6152719455
        1632,     0.06081268108,      -6.232439756,      -3.578804777,     -0.7987974684,                         5,       -4.04524892,               3,      -4.859792147,   1.136464264e-08,   4.836092681e-06,      0.5561693121,       4.958861453,       4.615429559,         0.7086650715,         -0.7062132651,                     0,      0.4376176487,      0.6864714185,                 0,       288.9356624,       274.3753832,                 0,       15038.15024,        12365.17221,                  0,        0.1813107757,         0.1570002479,                    0,           301413.342,           301659.4766,                     0,           118.6211155,           -136.6343974,                      0,        118.6211144,         136.5667511,                   0,                90.36957772,                 182.3482257,                           0,            -1.851745102e-08,             -0.0009899355215,                          nan,                      0.7618338286,                        1.335231484,                                nan,           300.0024306,             300.247413,                      0,            17152.48727,              16953.4456,                       0,      0.8947913243,      0.5505418548,                 0,                 0,                 0,      0.4365414321,      0.3781607915,      0.9801746087,                 0,      0.6152740195
        1633,     0.06079560024,      -6.248166215,       -3.58627993,     -0.8201752713,                         6,       -4.31341295,               3,      -4.520476769,   1.363779356e-08,   5.803349695e-06,      0.6674031745,       5.950633743,       5.538515471,         0.7086190043,         -0.7061785627,                     0,      0.4375774982,      0.6864543163,                 0,       288.9379303,       274.3748978,                 0,       15038.58612,          12365.162,                  0,        0.1813146078,         0.1570003944,                    0,          301413.6677,           301657.5929,                     0,           118.6108972,           -136.6270889,                      0,        118.6108962,         136.5597028,                   0,                 90.3613794,                 182.3467234,                           0,            -1.629920199e-08,             -0.0009861816512,                          nan,                      0.7618303399,                        1.335289399,                                nan,           300.0027547,            300.2455382,                      0,            17152.57807,             16953.15701,                       0,      0.8947977836,      0.5505478595,                 0,                 0,                 0,      0.4365572957,       0.378162291,      0.9801832996,                 0,      0.6152762887
        1634,     0.06077839994,      -6.260738754,      -3.593472989,     -0.8360455971,                         7,       -4.45709814,               3,      -4.198192601,   1.636567142e-08,   6.964085734e-06,      0.8008838094,       7.140760492,       6.646218565,         0.7085616532,         -0.7061394446,                     0,      0.4375290773,      0.6864350254,                 0,       288.9407125,       274.3742984,                 0,       15039.10738,         12365.1545,                  0,        0.1813191465,         0.1570006407,                    0,          301414.1098,           301655.4083,                     0,           118.5983287,           -136.6187919,                      0,        118.5983278,          136.551692,                   0,                90.35183419,                 182.3450444,                           0,            -1.543915262e-08,             -0.0009820521963,                          nan,                      0.7618305911,                        1.335355437,                                nan,           300.0031948,            300.2433637,                      0,            17152.68258,              16952.8361,                       0,      0.8948070998,      0.5505555576,                 0,                 0,                 0,      0.4365783051,      0.3781650367,      0.9801950688,                 0,       0.615278486
        1635,     0.06076250899,      -6.270321332,      -3.599604902,     -0.8464793575,                         8,      -4.519931573,               4,      -5.005580393,   1.963926459e-08,   8.357012368e-06,      0.9610605713,       8.568912591,       7.975462278,         0.7084903189,         -0.7060961076,                     0,      0.4374707966,      0.6864135467,                 0,       288.9439802,        274.373582,                 0,       15039.70712,         12365.1527,                  0,        0.1813243266,         0.1570010261,                    0,          301414.5577,           301652.9195,                     0,           118.5830012,           -136.6095174,                      0,        118.5830002,          136.542726,                   0,                90.34057259,                 182.3431764,                           0,            -1.624460921e-08,             -0.0009776048041,                          nan,                      0.7618340944,                        1.335429442,                                nan,           300.0036406,            300.2408866,                      0,            17152.77687,             16952.48692,                       0,       0.894819688,       0.550564994,                 0,                 0,                 0,      0.4366055652,       0.378169332,      0.9802102035,                 0,       0.615280376
        1636,     0.06074669743,      -6.278361139,      -3.603871162,     -0.8541888676,                         8,      -4.022583487,               4,      -4.629859555,   2.356777933e-08,   1.002858738e-05,       1.153272686,       10.28269511,       9.570554734,         0.7084036487,         -0.7060492902,                     0,      0.4374013913,      0.6863900097,                 0,       288.9477388,       274.3727482,                 0,       15040.38879,        12365.15972,                  0,        0.1813301863,         0.1570015904,                    0,          301414.9531,           301650.1362,                     0,           118.5646636,           -136.5993754,                      0,        118.5646625,          136.532914,                   0,                90.32721494,                 182.3410885,                           0,            -1.865694876e-08,             -0.0009728486177,                          nan,                      0.7618392614,                        1.335510121,                                nan,           300.0040341,            300.2381164,                      0,             17152.8521,             16952.11572,                       0,      0.8948361186,      0.5505764001,                 0,                 0,                 0,      0.4366403299,      0.3781754901,      0.9802292335,                 0,       0.615281825
        1637,     0.06073171435,      -6.285041429,       -3.60552574,     -0.8607952809,                         9,      -4.000524896,               4,      -4.280685853,    2.82822934e-08,   1.203456191e-05,       1.383927223,       12.33923413,       11.48466568,         0.7083013807,         -0.7060003839,                     0,      0.4373199782,      0.6863647444,                 0,       288.9520272,       274.3717747,                 0,       15041.16346,        12365.17713,                  0,        0.1813368346,         0.1570023654,                    0,          301415.2917,             301647.06,                     0,           118.5432014,           -136.5885999,                      0,        118.5432001,         136.5224947,                   0,                90.31143145,                  182.338733,                           0,             -2.22143548e-08,             -0.0009677120263,                          nan,                      0.7618440482,                        1.335594793,                                nan,           300.0043711,            300.2350546,                      0,            17152.91201,             16951.72964,                       0,      0.8948576548,      0.5505903259,                 0,                 0,                 0,      0.4366842835,      0.3781841827,      0.9802533618,                 0,      0.6152825793
        1638,     0.06071831769,      -6.286362332,      -3.604503932,     -0.8620950536,                        10,        -3.9290015,               5,      -4.827809979,   3.394014492e-08,   1.444183663e-05,       1.660712667,       14.80708096,       13.78159882,         0.7081835936,         -0.7059510439,                     0,      0.4372259981,      0.6863382889,                 0,       288.9569087,       274.3705785,                 0,       15042.04386,        12365.20089,                  0,        0.1813443851,         0.1570033465,                    0,          301415.6116,           301643.6411,                     0,            118.518554,           -136.5774991,                      0,        118.5185525,         136.5117856,                   0,                90.29301375,                 182.3360651,                           0,            -2.633188001e-08,             -0.0009620568835,                          nan,                      0.7618470854,                        1.335680024,                                nan,           300.0046895,            300.2316516,                      0,            17152.96548,             16951.33124,                       0,      0.8948868697,      0.5506074923,                 0,                 0,                 0,      0.4367399305,      0.3781970198,      0.9802847211,                 0,      0.6152816752
        1639,     0.06070625555,      -6.275043067,      -3.602127931,     -0.8484391837,                        10,      -3.484371668,               5,      -4.466982609,   4.073020524e-08,   1.733069171e-05,       1.992855201,       17.76849715,       16.53791858,         0.7080497546,         -0.7059024123,                     0,      0.4371189304,      0.6863112925,                 0,       288.9624825,       274.3690023,                 0,       15043.04305,         12365.2198,                  0,        0.1813529329,         0.1570044812,                    0,          301415.9902,           301639.7561,                     0,           118.4905708,           -136.5663237,                      0,         118.490569,         136.5010466,                   0,                90.27190878,                 182.3330938,                           0,            -3.081042965e-08,             -0.0009557475006,                          nan,                      0.7618488928,                        1.335763339,                                nan,           300.0050664,            300.2277848,                      0,            17153.02222,              16950.9148,                       0,      0.8949276731,      0.5506283934,                 0,                 0,                 0,      0.4368108587,       0.378216812,      0.9803260737,                 0,       0.615276977
        1640,      0.0606936287,      -6.251351658,      -3.600456425,     -0.8192925238,                        10,      -3.099524108,               5,      -4.133015488,   4.887921494e-08,   2.079746954e-05,       2.391426241,       21.32219658,        19.8455023,          0.707897898,         -0.7058545701,                     0,       0.436997683,      0.6862843617,                 0,       288.9689039,       274.3668629,                 0,       15044.17917,        12365.22138,                  0,        0.1813625992,         0.1570057157,                    0,          301416.5344,           301635.2491,                     0,           118.4588448,           -136.5551292,                      0,        118.4588427,         136.4903368,                   0,                90.24810206,                 182.3299408,                           0,            -3.614404742e-08,             -0.0009487319304,                          nan,                       0.761851965,                         1.33584505,                                nan,            300.005608,            300.2232989,                      0,            17153.09193,             16950.47209,                       0,      0.8949842349,      0.5506531706,                 0,                 0,                 0,      0.4369016517,      0.3782467906,      0.9803800591,                 0,       0.615265777
        1641,     0.06068075085,      -6.227462371,      -3.600772355,     -0.7893189326,                        10,      -2.757498364,               6,      -4.521880501,   5.865939814e-08,   2.495780393e-05,      0.2391426241,       2.132219658,        1.98455023,         0.7077246006,         -0.7058067135,                     0,      0.4368600449,      0.6862579133,                 0,       288.9763446,       274.3640262,                 0,       15045.47547,        12365.20158,                  0,        0.1813735564,         0.1570070755,                    0,          301417.3116,           301630.0037,                     0,            118.422692,           -136.5437447,                      0,        118.4226895,         136.4794808,                   0,                90.22132033,                 182.3268382,                           0,            -4.355084537e-08,             -0.0009410728996,                          nan,                      0.7618583967,                        1.335928574,                                nan,           300.0063816,             300.218078,                      0,            17153.17884,             16950.00374,                       0,      0.8950594185,      0.5506820669,                 0,                 0,                 0,      0.4370173768,      0.3782890864,      0.9804486057,                 0,      0.6152463797
        1642,     0.06066013274,      -6.211845273,      -3.602882201,      -0.768239772,                         4,      -4.661363496,               2,      -4.386645572,   5.866467951e-09,   2.495874869e-06,      0.2869711489,       2.558663589,       2.381460276,         0.7076825657,         -0.7057954538,                     0,      0.4368357947,      0.6862504391,                 0,       288.9758706,       274.3638853,                 0,       15045.37255,        12365.21493,                  0,        0.1813726132,         0.1570073272,                    0,          301415.5869,           301629.2641,                     0,           118.4162739,           -136.5411595,                      0,        118.4162714,         136.4769982,                   0,                90.21590669,                 182.3257418,                           0,              -4.2508978e-08,             -0.0009395885645,                          nan,                       0.761853972,                        1.335944842,                                nan,            300.004665,            300.2173419,                      0,            17152.81646,             16949.90454,                       0,       0.895063052,      0.5506813022,                 0,                 0,                 0,      0.4370243528,      0.3782924402,      0.9804501993,                 0,      0.6152430278
        1643,     0.06063889045,       -6.22634254,      -3.608580711,     -0.7901082203,                         4,      -4.238396861,               2,      -4.125265544,      7.039827e-09,   2.995065821e-06,      0.3443653787,       3.070396307,       2.857752331,         0.7076431726,         -0.7057818593,                     0,      0.4368097667,      0.6862416729,                 0,       288.9759267,       274.3636349,                 0,       15045.38135,        12365.22014,                  0,         0.181372684,         0.1570075369,                    0,           301414.325,           301628.3009,                     0,           118.4096355,           -136.5381167,                      0,        118.4096332,         136.4740824,                   0,                90.21000768,                 182.3244309,                           0,            -3.980909413e-08,             -0.0009377494958,                          nan,                      0.7618468639,                        1.335963779,                                nan,            300.003409,            300.2163833,                      0,            17152.56349,             16949.77266,                       0,      0.8950682763,      0.5506812033,                 0,                 0,                 0,      0.4370335333,      0.3782966559,      0.9804532865,                 0,      0.6152393263
        1644,     0.06061963264,      -6.242431216,       -3.61397063,     -0.8136611668,                         5,      -4.784140178,               3,      -5.596415011,   8.447886437e-09,   3.594102181e-06,      0.4132384544,       3.684475569,       3.429302797,         0.7076055493,         -0.7057658295,                     0,      0.4367812835,      0.6862314703,                 0,       288.9765812,       274.3632698,                 0,       15045.51509,        12365.21913,                  0,        0.1813738855,         0.1570077323,                    0,          301413.5628,           301627.0965,                     0,           118.4025551,           -136.5345688,                      0,         118.402553,         136.4706882,                   0,                90.20356269,                 182.3228834,                           0,            -3.586971675e-08,              -0.000935523403,                          nan,                      0.7618379875,                        1.335985667,                                nan,           300.0026503,            300.2151845,                      0,            17152.42817,             16949.60826,                       0,      0.8950758814,      0.5506823451,                 0,                 0,                 0,       0.437045826,      0.3783020137,      0.9804588034,                 0,      0.6152353745
        1645,     0.06060269994,      -6.258795251,       -3.61975155,      -0.837160202,                         5,      -4.319065459,               3,      -5.229127462,   1.013759866e-08,    4.31295675e-06,      0.4958861453,       4.421370682,       4.115163356,         0.7075674412,         -0.7057474226,                     0,      0.4367492491,      0.6862197407,                 0,       288.9778634,       274.3627877,                 0,       15045.77562,         12365.2152,                  0,        0.1813762214,         0.1570079563,                    0,          301413.2752,           301625.6406,                     0,           118.3946531,           -136.5304884,                      0,        118.3946512,         136.4667887,                   0,                90.19646584,                 182.3210848,                           0,            -3.142125637e-08,             -0.0009329020322,                          nan,                      0.7618288908,                        1.336010662,                                nan,           300.0023641,            300.2137354,                      0,            17152.40154,             16949.41422,                       0,      0.8950868541,      0.5506852842,                 0,                 0,                 0,      0.4370623642,      0.3783089611,      0.9804677907,                 0,       0.615231116
        1646,     0.06058683947,      -6.272945371,      -3.626146418,     -0.8569057827,                         6,      -4.621653119,               3,      -4.875089607,   1.216531181e-08,   5.175599052e-06,      0.5950633743,       5.305644819,       4.938196027,         0.7075253776,         -0.7057268651,                     0,      0.4367122009,      0.6862064743,                 0,        288.979753,       274.3621857,                 0,       15046.15229,        12365.21224,                  0,        0.1813795762,         0.1570082605,                    0,           301413.367,           301623.9286,                     0,           118.3854245,            -136.525876,                      0,        118.3854229,         136.4623833,                   0,                90.18854882,                 182.3190304,                           0,            -2.734337368e-08,              -0.000929902892,                          nan,                       0.761821402,                        1.336038738,                                nan,           300.0024554,            300.2120314,                      0,            17152.45668,             16949.19557,                       0,      0.8951022844,      0.5506903976,                 0,                 0,                 0,      0.4370844411,      0.3783181369,      0.9804812088,                 0,      0.6152262229
        1647,     0.06057331444,      -6.282847653,      -3.632849153,     -0.8694565251,                         6,      -4.147547006,               3,      -4.534828618,   1.459865133e-08,   6.210795744e-06,      0.7140760492,       6.366773783,       5.925835233,         0.7074753682,         -0.7057045545,                     0,      0.4366685029,      0.6861917599,                 0,       288.9821872,       274.3614568,                 0,       15046.62578,        12365.21377,                  0,        0.1813837562,         0.1570086938,                    0,          301413.6897,           301621.9591,                     0,           118.3743283,           -136.5207699,                      0,        118.3743269,         136.4575078,                   0,                90.17957475,                 182.3167245,                           0,            -2.444672387e-08,             -0.0009265606315,                          nan,                      0.7618170014,                        1.336069575,                                nan,           300.0027766,            300.2100712,                      0,            17152.55503,             16948.95842,                       0,      0.8951231684,       0.550697767,                 0,                 0,                 0,      0.4371133796,      0.3783302837,      0.9804997265,                 0,      0.6152201021
        1648,     0.06055708678,      -6.288816541,      -3.639355648,     -0.8749082085,                         7,      -4.291068261,               3,      -4.208591904,   1.751877896e-08,    7.45307104e-06,      0.8568912591,       7.640128539,       7.111002279,         0.7074139637,         -0.7056810863,                     0,      0.4366166418,      0.6861757975,                 0,       288.9850853,       274.3605872,                 0,       15047.17618,        12365.22206,                  0,         0.181388572,         0.1570092927,                    0,          301414.0825,           301619.7321,                     0,           118.3609115,           -136.5152572,                      0,        118.3609102,         136.4522471,                   0,                90.16925307,                 182.3141765,                           0,            -2.326479642e-08,             -0.0009229075821,                          nan,                      0.7618161516,                        1.336102412,                                nan,           300.0031676,            300.2078546,                      0,            17152.65863,             16948.70881,                       0,      0.8951501722,      0.5507072222,                 0,                 0,                 0,      0.4371503875,      0.3783460348,      0.9805236118,                 0,      0.6152121055
        1649,     0.06054244945,      -6.293176541,      -3.645314079,     -0.8769830315,                         8,      -4.353409246,               4,      -4.960343808,   2.102310537e-08,   8.943858544e-06,       1.028269511,       9.168154247,       8.533202735,          0.707339173,         -0.7056573042,                     0,      0.4365555061,      0.6861589028,                 0,       288.9883854,       274.3595522,                 0,       15047.79169,        12365.23746,                  0,        0.1813939204,         0.1570100759,                    0,          301414.4247,           301617.2447,                     0,           118.3449085,           -136.5094856,                      0,        118.3449071,         136.4467487,                   0,                90.15728083,                 182.3113933,                           0,            -2.388109965e-08,             -0.0009189481681,                          nan,                      0.7618180033,                        1.336135856,                                nan,           300.0035082,            300.2053789,                      0,            17152.74284,             16948.45205,                       0,       0.895183513,      0.5507185566,                 0,                 0,                 0,      0.4371964942,      0.3783656879,      0.9805528322,                 0,      0.6152018538
        1650,     0.06052718504,      -6.297761136,      -3.650420325,     -0.8793522181,                         9,      -4.336456222,               4,      -4.563840306,    2.52285481e-08,   1.073288224e-05,       1.233923413,        11.0017851,       10.23984328,         0.7072507061,         -0.7056342769,                     0,      0.4364845301,      0.6861414935,                 0,       288.9920672,       274.3583071,                 0,       15048.47209,         12365.2578,                  0,        0.1813998112,          0.157011041,                    0,          301414.6664,           301614.4801,                     0,           118.3262647,           -136.5036595,                      0,        118.3262632,         136.4412193,                   0,                90.14340277,                  182.308373,                           0,             -2.58457955e-08,             -0.0009146410668,                          nan,                      0.7618207517,                        1.336167867,                                nan,           300.0037488,            300.2026272,                      0,            17152.80171,             16948.19153,                       0,      0.8952231849,      0.5507318049,                 0,                 0,                 0,      0.4372526872,      0.3783892176,      0.9805874115,                 0,      0.6151893899
        1651,     0.06130438323,      -6.301463502,      -3.654210474,     -0.8817154481,                        10,      -4.261721047,               4,      -4.183720336,   3.027544472e-08,   1.287981269e-05,       1.480708096,       13.20214212,       12.28781194,         0.7071493937,         -0.7056130636,                     0,       0.436403657,      0.6861240349,                 0,       288.9961516,       274.3567737,                 0,       15049.22468,        12365.27764,                  0,        0.1814063193,          0.157012163,                    0,           301414.827,           301611.3889,                     0,           118.3050706,           -136.4979965,                      0,        118.3050689,         136.4358821,                   0,                90.12747703,                 182.3051077,                           0,            -2.836608737e-08,             -0.0009099077423,                          nan,                      0.7618226155,                        1.336196204,                                nan,           300.0039086,            300.1995504,                      0,            17152.84302,             16947.92696,                       0,      0.8952695695,      0.5507473818,                 0,                 0,                 0,      0.4373202493,      0.3784166759,      0.9806279111,                 0,      0.6151749156
        1652,     0.06129031766,      -6.298917455,      -3.656550472,     -0.8773734314,                        10,       -3.77418603,               5,      -4.620432831,   3.633225409e-08,   1.545625459e-05,       1.776849715,       15.84257054,       14.74537433,         0.7070361434,         -0.7055943135,                     0,      0.4363131293,      0.6861069529,                 0,       289.0006901,       274.3548432,                 0,       15050.05782,        12365.28917,                  0,        0.1814135131,         0.1570134049,                    0,          301414.9726,           301607.8843,                     0,           118.2814338,           -136.4926458,                      0,         118.281432,         136.4308911,                   0,                90.10952029,                 182.3016085,                           0,            -3.084654765e-08,             -0.0009046749219,                          nan,                      0.7618230417,                        1.336219437,                                nan,           300.0040535,            300.1960623,                      0,            17152.87878,             16947.65423,                       0,       0.895324073,      0.5507659846,                 0,                 0,                 0,      0.4374011144,      0.3784487589,      0.9806757376,                 0,      0.6151582441
        1653,     0.06127700738,      -6.284425975,      -3.658203801,     -0.8582665817,                        10,       -3.35056451,               5,      -4.196603195,   4.360120546e-08,   1.854813417e-05,       2.132219658,       19.01108465,       17.69444919,          0.706910995,          -0.705578065,                     0,      0.4362130925,      0.6860905916,                 0,        289.005762,       274.3524088,                 0,       15050.97895,        12365.28688,                  0,        0.1814214325,         0.1570147574,                    0,          301415.1936,           301603.8761,                     0,           118.2553356,           -136.4876218,                      0,        118.2553336,         136.4262615,                   0,                90.08967242,                  182.297953,                           0,            -3.338128263e-08,             -0.0008989311048,                          nan,                      0.7618233333,                        1.336237986,                                nan,           300.0042735,            300.1920728,                      0,            17152.91899,             16947.37108,                       0,      0.8953893024,      0.5507885404,                 0,                 0,                 0,       0.437498046,      0.3784869787,      0.9807332084,                 0,      0.6151386205
        1654,     0.06126328828,      -6.261090888,      -3.660279378,     -0.8277788257,                        10,      -2.985166391,               6,      -4.573685271,   5.232508883e-08,   2.225856989e-05,       2.132219658,       19.01108465,       17.69444919,         0.7067728061,         -0.7055641159,                     0,      0.4361031291,      0.6860752909,                 0,       289.0114593,       274.3494131,                 0,       15051.99591,        12365.27381,                  0,        0.1814301142,         0.1570162923,                    0,          301415.5649,           301599.3271,                     0,           118.2265617,           -136.4828324,                      0,        118.2265595,         136.4218957,                   0,                90.06801845,                 182.2943167,                           0,             -3.67408215e-08,             -0.0008927582222,                          nan,                      0.7618255901,                        1.336254094,                                nan,            300.004643,            300.1875451,                      0,            17152.96842,             16947.08698,                       0,      0.8954686519,      0.5508164786,                 0,                 0,                 0,      0.4376145252,      0.3785331688,      0.9808035174,                 0,      0.6151153114
        1655,     0.06124945199,      -6.237684299,        -3.6632364,     -0.7966522522,                        10,       -3.02707134,               6,      -4.526327237,   5.232951624e-08,   2.225943687e-05,       2.558663589,       22.81330158,       21.23333903,         0.7066345209,         -0.7055518098,                     0,      0.4359952515,      0.6860611952,                 0,       289.0167303,       274.3463813,                 0,       15052.91361,        12365.25937,                  0,        0.1814378666,         0.1570178315,                    0,          301415.5985,           301594.8349,                     0,           118.1983798,           -136.4783853,                      0,        118.1983774,          136.417856,                   0,                90.04657834,                 182.2908799,                           0,            -4.028547662e-08,             -0.0008868204488,                          nan,                      0.7618258416,                        1.336268471,                                nan,           300.0046765,            300.1830739,                      0,            17152.92594,             16946.82102,                       0,      0.8955488314,       0.550844964,                 0,                 0,                 0,       0.437729551,      0.3785796876,      0.9808747646,                 0,      0.6150920472
        1656,     0.06123560603,      -6.226302992,      -3.668371067,     -0.7804130267,                        10,      -2.686929972,               6,       -4.08674813,    6.28008064e-08,   2.671233412e-05,      0.2558663589,       2.281330158,       2.123333903,         0.7064865974,         -0.7055429922,                     0,      0.4358776298,      0.6860487739,                 0,       289.0228228,       274.3428866,                 0,       15053.98617,        12365.26431,                  0,        0.1814469696,         0.1570198794,                    0,          301415.9966,           301589.9577,                     0,           118.1677088,           -136.4741524,                      0,        118.1677061,         136.4140412,                   0,                90.02327264,                  182.287766,                           0,            -4.515584873e-08,             -0.0008807233732,                          nan,                      0.7618263532,                        1.336283014,                                nan,           300.0050728,            300.1782195,                      0,            17152.96186,             16946.60495,                       0,      0.8956479021,      0.5508825928,                 0,                 0,                 0,      0.4378681176,      0.3786356932,       0.980964733,                 0,      0.6150660226
        1657,     0.06121289071,      -6.211219511,      -3.672460339,     -0.7587008478,                         4,      -4.559509424,               2,      -4.206742483,   6.280733978e-09,   2.671345086e-06,      0.3070396307,       2.737596189,       2.548000684,         0.7064507743,         -0.7055375591,                     0,      0.4358570245,       0.686043587,                 0,       289.0224106,          274.3426,                 0,       15053.89805,        12365.26339,                  0,        0.1814461662,         0.1570200323,                    0,          301414.5236,           301589.2345,                     0,           118.1622398,           -136.4728181,                      0,        118.1622373,          136.412789,                   0,                90.01868853,                 182.2865866,                           0,            -4.367931572e-08,             -0.0008795293629,                          nan,                      0.7618228176,                        1.336286634,                                nan,           300.0036066,            300.1774997,                      0,            17152.65367,             16946.52112,                       0,      0.8956526673,      0.5508812513,                 0,                 0,                 0,      0.4378756852,      0.3786402967,      0.9809665535,                 0,      0.6150612524
        1658,     0.06119020518,      -6.225081351,      -3.677026562,     -0.7779586549,                         4,      -4.146505343,               3,      -5.626983909,   7.536962386e-09,   3.205640258e-06,      0.3684475569,       3.285115427,        3.05760082,         0.7064178135,         -0.7055316141,                     0,      0.4358351162,      0.6860376485,                 0,       289.0224711,       274.3422248,                 0,        15053.9114,        12365.26315,                  0,        0.1814462892,         0.1570202434,                    0,          301413.4775,            301588.353,                     0,           118.1566462,           -136.4713056,                      0,        118.1566438,         136.4113752,                   0,                90.01373575,                 182.2852098,                           0,            -4.082453053e-08,             -0.0008780926465,                          nan,                      0.7618169649,                         1.33629039,                                nan,           300.0025655,            300.1766223,                      0,            17152.44797,             16946.42525,                       0,      0.8956595114,      0.5508811225,                 0,                 0,                 0,      0.4378859769,      0.3786458191,      0.9809705985,                 0,      0.6150564087
        1659,     0.06116884428,      -6.239532865,      -3.680872134,       -0.79736583,                         5,      -4.668843959,               3,      -5.245067501,   9.044472141e-09,   3.846805194e-06,      0.4421370682,       3.942138512,       3.669120984,          0.706386802,         -0.7055253805,                     0,      0.4358113438,      0.6860309765,                 0,       289.0230432,       274.3417466,                 0,       15054.03356,        12365.26512,                  0,        0.1814474025,         0.1570205403,                    0,          301412.8707,           301587.2981,                     0,           118.1507337,           -136.4696337,                      0,        118.1507315,         136.4098189,                   0,                90.00837011,                 182.2836235,                           0,            -3.700359552e-08,             -0.0008764107316,                          nan,                      0.7618096728,                        1.336294007,                                nan,           300.0019615,            300.1755724,                      0,            17152.34747,             16946.31946,                       0,       0.895669425,        0.55088306,                 0,                 0,                 0,       0.437900123,      0.3786525309,      0.9809781473,                 0,      0.6150517643
        1660,     0.06114749386,      -6.253307788,      -3.684798556,      -0.815428617,                         5,      -4.217739304,               3,      -4.875345146,   1.085353493e-08,    4.61621808e-06,      0.5305644819,       4.730566215,       4.402945181,         0.7063556784,         -0.7055192663,                     0,      0.4357848407,      0.6860236716,                 0,       289.0241234,       274.3411516,                 0,       15054.26027,         12365.2713,                  0,        0.1814494569,         0.1570209563,                    0,          301412.6555,           301586.0618,                     0,           118.1441897,           -136.4678541,                      0,        118.1441877,         136.4081705,                   0,                90.00251302,                 182.2818244,                           0,            -3.285501626e-08,             -0.0008744998893,                          nan,                      0.7618022923,                        1.336296966,                                nan,           300.0017473,            300.1743419,                      0,            17152.33856,             16946.20789,                       0,      0.8956836387,      0.5508878246,                 0,                 0,                 0,      0.4379194461,      0.3786609503,      0.9809905508,                 0,      0.6150473234
        1661,     0.06112741083,      -6.264712178,      -3.689085668,     -0.8299472077,                         6,      -4.507952129,               3,      -4.518591054,   1.302448342e-08,   5.539534406e-06,      0.6366773783,       5.676679458,       5.283534218,          0.706321549,         -0.7055139384,                     0,      0.4357545444,      0.6860159493,                 0,       289.0256583,       274.3404263,                 0,       15054.57564,        12365.28398,                  0,        0.1814522944,         0.1570215286,                    0,          301412.7227,           301584.6453,                     0,           118.1366333,           -136.4660668,                      0,        118.1366316,         136.4065282,                   0,                89.99604429,                 182.2798192,                           0,            -2.906964003e-08,             -0.0008723883513,                          nan,                      0.7617962617,                        1.336298355,                                nan,           300.0018142,             300.172932,                      0,            17152.39244,             16946.09686,                       0,       0.895703481,      0.5508958833,                 0,                 0,                 0,      0.4379453181,      0.3786718508,      0.9810089855,                 0,      0.6150426955
        1662,     0.06110717511,      -6.272985456,       -3.69367599,     -0.8397433946,                         6,      -4.048511504,               3,      -4.175448983,   1.562972643e-08,   6.647542965e-06,      0.7640128539,       6.812015349,       6.340241061,         0.7062814582,          -0.705510389,                     0,      0.4357194289,      0.6860081721,                 0,        289.027557,        274.339555,                 0,       15054.95674,        12365.30516,                  0,        0.1814556958,         0.1570222914,                    0,          301412.9254,            301583.059,                     0,           118.1277131,           -136.4644368,                      0,        118.1277115,          136.405055,                   0,                89.98880946,                 182.2776254,                           0,            -2.617499495e-08,             -0.0008701008662,                          nan,                      0.7617925404,                        1.336296704,                                nan,           300.0020159,            300.1713532,                      0,            17152.47264,             16945.99456,                       0,      0.8957301005,      0.5509073104,                 0,                 0,                 0,      0.4379789539,      0.3786861013,      0.9810342065,                 0,      0.6150371748
        1663,     0.06108910992,      -6.279262075,      -3.698635224,       -0.84610796,                         7,      -4.191788524,               4,      -4.919199834,   1.875616855e-08,   7.977192891e-06,      0.9168154247,       8.174418419,       7.608289273,         0.7062333595,         -0.7055099213,                     0,       0.435678797,      0.6860008695,                 0,       289.0297169,        274.338511,                 0,       15055.38148,        12365.33517,                  0,        0.1814594591,         0.1570232643,                    0,          301413.1215,            301581.314,                     0,           118.1172185,           -136.4631995,                      0,         118.117217,         136.4039861,                   0,                89.98064939,                 182.2752713,                           0,             -2.43631022e-08,             -0.0008676420659,                          nan,                      0.7617911397,                        1.336289917,                                nan,           300.0022111,            300.1696163,                      0,            17152.54697,             16945.90947,                       0,      0.8957641786,      0.5509219118,                 0,                 0,                 0,      0.4380212321,      0.3787043612,      0.9810664724,                 0,       0.615030077
        1664,     0.06107193688,      -6.285382194,      -3.704242229,     -0.8514824708,                         8,      -4.251068001,               4,      -4.508771189,   2.250811603e-08,   9.572825723e-06,        1.10017851,       9.809302103,       9.129947128,         0.7061767547,         -0.7055139399,                     0,      0.4356324902,      0.6859947118,                 0,       289.0320605,       274.3372406,                 0,       15055.83604,        12365.37065,                  0,        0.1814634664,         0.1570244351,                    0,          301413.2222,           301579.4025,                     0,            118.105143,           -136.4626352,                      0,        118.1051416,          136.403603,                   0,                89.97145053,                 182.2727974,                           0,            -2.343638039e-08,             -0.0008649916907,                          nan,                      0.7617911405,                        1.336275534,                                nan,           300.0023113,            300.1677138,                      0,            17152.59811,             16945.84713,                       0,      0.8958058442,      0.5509394887,                 0,                 0,                 0,      0.4380726679,      0.3787268537,      0.9811057033,                 0,      0.6150210922
        1665,     0.06105652047,      -6.290970274,      -3.710427539,     -0.8557625454,                         9,      -4.226149594,               4,      -4.118675453,   2.701076679e-08,   1.148765371e-05,       1.320214212,       11.77116252,       10.95593655,         0.7061125708,         -0.7055235117,                     0,      0.4355808996,      0.6859904048,                 0,        289.034557,       274.3356527,                 0,       15056.31697,        12365.40316,                  0,        0.1814676955,         0.1570257486,                    0,          301413.2152,           301577.2788,                     0,           118.0916562,           -136.4629952,                      0,        118.0916548,         136.4041585,                   0,                89.96119711,                 182.2702614,                           0,            -2.293558432e-08,             -0.0008621231949,                          nan,                      0.7617913157,                          1.3362515,                                nan,           300.0023043,               300.1656,                      0,            17152.62608,             16945.80675,                       0,       0.895854967,      0.5509600821,                 0,                 0,                 0,      0.4381336153,      0.3787534502,      0.9811518527,                 0,      0.6150103559
        1666,     0.06104808086,      -6.291953782,       -3.71625528,     -0.8543325621,                        10,      -4.149217546,               5,      -4.568716748,   3.241440293e-08,   1.378553409e-05,       1.584257054,       14.12539503,       13.14712386,         0.7060423472,         -0.7055389032,                     0,      0.4355247687,      0.6859885185,                 0,       289.0372178,       274.3336359,                 0,       15056.82697,        12365.42146,                  0,        0.1814721717,         0.1570271257,                    0,          301413.1501,           301574.8646,                     0,           118.0769992,           -136.4644003,                      0,        118.0769979,         136.4057733,                   0,                89.94999564,                 182.2677496,                           0,             -2.24516461e-08,             -0.0008590420852,                          nan,                      0.7617910116,                        1.336217266,                                nan,           300.0022395,            300.1631971,                      0,            17152.64145,             16945.78174,                       0,      0.8959116292,      0.5509840364,                 0,                 0,                 0,      0.4382045678,      0.3787840074,      0.9812052443,                 0,      0.6149981968
        1667,     0.06103578453,      -6.283741396,      -3.720198345,     -0.8419127081,                        10,      -3.684941832,               5,      -4.150415366,   3.889942756e-08,   1.654309842e-05,       1.901108465,       16.95047403,       15.77654864,          0.705967364,          -0.705559544,                     0,      0.4354649257,      0.6859893593,                 0,       289.0400682,       274.3311126,                 0,       15057.36772,        12365.41891,                  0,        0.1814768994,         0.1570285265,                    0,          301413.0952,           301572.0988,                     0,           118.0613833,           -136.4667837,                      0,        118.0613821,         136.4083757,                   0,                89.93804506,                 182.2653926,                           0,            -2.192570281e-08,             -0.0008558197249,                          nan,                      0.7617905491,                        1.336174496,                                nan,            300.002185,            300.1604442,                      0,            17152.65449,             16945.76796,                       0,      0.8959762489,       0.551011918,                 0,                 0,                 0,      0.4382862563,      0.3788185147,      0.9812665821,                 0,      0.6149849605
        1668,     0.06102370791,      -6.266370813,      -3.720909037,     -0.8187758891,                        10,      -3.279622196,               6,      -4.581983093,   4.668241748e-08,   1.985230764e-05,       2.281330158,       20.34056884,       18.93185836,         0.7058884464,         -0.7055847622,                     0,      0.4354021578,      0.6859930433,                 0,       289.0431044,       274.3280965,                 0,       15057.93403,        12365.40189,                  0,        0.1814818184,         0.1570300244,                    0,          301413.0866,           301569.0067,                     0,            118.044986,           -136.4699681,                      0,        118.0449847,         136.4117791,                   0,                89.92555369,                 182.2633675,                           0,            -2.164710111e-08,             -0.0008525921332,                          nan,                      0.7617905488,                        1.336126313,                                nan,           300.0021764,            300.1573666,                      0,            17152.66725,              16945.7764,                       0,      0.8960491671,       0.551044657,                 0,                 0,                 0,      0.4383794447,      0.3788566798,      0.9813368128,                 0,      0.6149714516
        1669,     0.06101405485,      -6.243395537,      -3.717692477,     -0.7891942093,                        10,      -2.926778515,               6,      -4.150512416,   5.602339838e-08,   2.382351802e-05,       2.281330158,       20.34056884,       18.93185836,          0.705806707,         -0.7056150521,                     0,      0.4353374364,      0.6859998066,                 0,       289.0462466,       274.3246914,                 0,       15058.50988,        12365.39071,                  0,        0.1814867857,         0.1570318177,                    0,          301413.0901,            301565.722,                     0,           118.0280863,           -136.4738963,                      0,         118.028085,         136.4159157,                   0,                89.91266746,                 182.2618549,                           0,            -2.194203319e-08,             -0.0008495148976,                          nan,                      0.7617904453,                        1.336074709,                                nan,           300.0021798,            300.1540973,                      0,            17152.67125,               16945.839,                       0,      0.8961299048,      0.5510836591,                 0,                 0,                 0,      0.4384844107,      0.3788972697,       0.981416764,                 0,      0.6149595679
        1670,     0.06100426601,      -6.215988066,      -3.710345398,      -0.754677944,                        10,      -2.970247222,               6,      -4.132575394,    5.60288256e-08,   2.382430049e-05,       2.281330158,       20.34056884,       18.93185836,         0.7057315319,         -0.7056478595,                     0,      0.4352789026,      0.6860081322,                 0,       289.0488346,       274.3214577,                 0,       15058.97465,        12365.39383,                  0,        0.1814907622,         0.1570336949,                    0,          301412.8289,           301562.7511,                     0,           118.0129295,           -136.4782963,                      0,        118.0129282,         136.4204916,                   0,                89.90073844,                 182.2606776,                           0,            -2.226731399e-08,              -0.000846909568,                          nan,                      0.7617872025,                        1.336021263,                                nan,           300.0019199,            300.1511402,                      0,            17152.61112,             16945.94716,                       0,      0.8962026937,      0.5511218312,                 0,                 0,                 0,      0.4385808745,      0.3789320395,      0.9814912381,                 0,      0.6149522145
        1671,     0.06099165873,      -6.194782264,      -3.703294517,     -0.7283961724,                        10,      -3.001712506,               6,      -4.116772968,   5.603429331e-08,   2.382503919e-05,       2.737596189,       24.40868261,       22.71823004,         0.7056668192,         -0.7056856567,                     0,      0.4352278716,      0.6860185371,                 0,       289.0509498,       274.3184281,                 0,       15059.36074,        12365.42122,                  0,        0.1814940872,         0.1570357639,                    0,          301412.4545,           301560.1684,                     0,           117.9999464,           -136.4835472,                      0,        117.9999451,         136.4258893,                   0,                89.88997547,                 182.2597867,                           0,            -2.201355842e-08,             -0.0008447282141,                          nan,                      0.7617798078,                        1.335961874,                                nan,           300.0015472,            300.1485697,                      0,            17152.53697,             16946.12194,                       0,      0.8962674302,      0.5511596546,                 0,                 0,                 0,      0.4386689299,      0.3789606151,      0.9815605551,                 0,      0.6149499982
        1672,     0.06098036868,      -6.181985704,      -3.697789941,     -0.7123307635,                        10,       -2.67291367,               7,      -4.444473625,   6.724774856e-08,   2.859088364e-05,      0.2737596189,       2.440868261,       2.271823004,         0.7056095682,         -0.7057369051,                     0,      0.4351809573,      0.6860344296,                 0,       289.0528658,       274.3151222,                 0,       15059.72841,        12365.48394,                  0,        0.1814973153,         0.1570384375,                    0,          301412.0806,           301557.7017,                     0,           117.9882743,           -136.4909008,                      0,         117.988273,         136.4333753,                   0,                89.87972227,                 182.2594378,                           0,            -2.126528642e-08,             -0.0008427424841,                          nan,                       0.761768267,                        1.335886013,                                nan,           300.0011751,            300.1461146,                      0,            17152.48335,             16946.42778,                       0,      0.8963327559,      0.5512040412,                 0,                 0,                 0,      0.4387629089,      0.3789856823,      0.9816354502,                 0,      0.6149547001
        1673,     0.06095944176,      -6.166765183,      -3.689647856,     -0.6935335983,                         4,      -4.463263664,               3,      -5.690697368,   6.725565718e-09,    2.85917317e-06,      0.3285115427,       2.929041913,       2.726187604,         0.7055963677,         -0.7057432064,                     0,      0.4351735947,      0.6860359565,                 0,       289.0528052,       274.3144999,                 0,       15059.70962,         12365.4359,                  0,        0.1814971269,         0.1570381822,                    0,          301411.6451,           301557.1252,                     0,           117.9861893,           -136.4922848,                      0,        117.9861881,           136.43479,                   0,                89.87829267,                 182.2587717,                           0,            -2.006874433e-08,             -0.0008422849521,                          nan,                      0.7617696117,                        1.335867279,                                nan,           300.0007416,            300.1455407,                      0,            17152.38781,             16946.38148,                       0,      0.8963356487,       0.551203229,                 0,                 0,                 0,      0.4387672501,      0.3789884756,      0.9816365571,                 0,      0.6149518093
        1674,     0.06093940716,      -6.179902053,      -3.693070227,     -0.7110915499,                         4,      -4.061799124,               3,      -5.302720554,   8.070777434e-09,    3.43103516e-06,      0.3942138512,       3.514850296,       3.271425125,         0.7055843543,         -0.7057521342,                     0,      0.4351658752,      0.6860379629,                 0,       289.0529011,        274.313845,                 0,       15059.72633,        12365.40374,                  0,        0.1814972681,         0.1570381468,                    0,          301411.3548,           301556.5479,                     0,           117.9840884,           -136.4939841,                      0,        117.9840873,         136.4365209,                   0,                89.87674938,                 182.2580576,                           0,            -1.861864685e-08,             -0.0008418108914,                          nan,                      0.7617700949,                        1.335845098,                                nan,           300.0004527,            300.1449661,                      0,            17152.32911,             16946.36351,                       0,      0.8963397647,      0.5512039211,                 0,                 0,                 0,      0.4387734707,      0.3789913303,      0.9816396019,                 0,      0.6149497576
        1675,      0.0609195392,      -6.196661501,       -3.69618088,     -0.7324989044,                         5,      -4.541163387,               3,      -4.927128884,   9.685074624e-09,   4.117279154e-06,      0.4730566215,       4.217820355,        3.92571015,         0.7055733325,         -0.7057642307,                     0,      0.4351577402,      0.6860407068,                 0,       289.0531433,       274.3131284,                 0,       15059.77706,        12365.38701,                  0,        0.1814977274,          0.157038342,                    0,          301411.1962,           301555.9573,                     0,           117.9819466,           -136.4960964,                      0,        117.9819456,         136.4386647,                   0,                89.87508814,                 182.2573135,                           0,            -1.698507113e-08,             -0.0008413374276,                          nan,                      0.7617698426,                        1.335818655,                                nan,           300.0002948,            300.1443783,                      0,            17152.30498,             16946.37704,                       0,      0.8963456595,      0.5512069211,                 0,                 0,                 0,       0.438782318,      0.3789942015,      0.9816455605,                 0,      0.6149490604
        1676,      0.0608990576,      -6.215510808,      -3.699527199,     -0.7563189809,                         5,      -4.095812158,               3,      -4.564804595,   1.162229311e-08,   4.940783983e-06,      0.5676679458,       5.061384426,       4.710852181,         0.7055628752,          -0.705780084,                     0,      0.4351491397,      0.6860445154,                 0,       289.0535003,       274.3123176,                 0,       15059.85514,        12365.38393,                  0,        0.1814984443,         0.1570387637,                    0,          301411.1337,           301555.3426,                     0,           117.9797317,           -136.4987408,                      0,        117.9797308,         136.4413393,                   0,                89.87330958,                 182.2565682,                           0,            -1.525471327e-08,             -0.0008408777517,                          nan,                      0.7617690678,                        1.335787006,                                nan,           300.0002326,            300.1437665,                      0,            17152.30732,              16946.4245,                       0,      0.8963540004,      0.5512128608,                 0,                 0,                 0,       0.438794564,       0.378997237,      0.9816553398,                 0,      0.6149499646
        1677,     0.06087963456,      -6.233497057,      -3.703466244,     -0.7792975305,                         6,       -4.36282522,               3,      -4.216625397,   1.394704393e-08,   5.929004422e-06,      0.6812015349,       6.073661311,       5.653022617,         0.7055525178,         -0.7058004344,                     0,      0.4351401161,      0.6860498047,                 0,       289.0539183,       274.3113849,                 0,       15059.94919,        12365.39241,                  0,        0.1814993152,         0.1570394013,                    0,          301411.1134,           301554.7048,                     0,           117.9774335,           -136.5020696,                      0,        117.9774327,         136.4446973,                   0,                89.87142834,                 182.2558653,                           0,            -1.349950118e-08,             -0.0008404300141,                          nan,                      0.7617679612,                         1.33574898,                                nan,           300.0002124,            300.1431316,                      0,            17152.32357,             16946.50925,                       0,      0.8963653827,      0.5512220316,                 0,                 0,                 0,      0.4388108296,      0.3790007339,      0.9816695325,                 0,      0.6149523869
        1678,     0.06086147921,      -6.248151887,      -3.708050795,     -0.7982513046,                         7,      -4.523065305,               4,      -5.019159411,   1.673687189e-08,   7.114886283e-06,      0.8174418419,       7.288393573,        6.78362714,         0.7055420757,         -0.7058262553,                     0,      0.4351309209,      0.6860571109,                 0,       289.0543284,       274.3103068,                 0,       15060.04511,        12365.41053,                  0,        0.1815002138,         0.1570402433,                    0,          301411.0762,            301554.059,                     0,           117.9751031,           -136.5062782,                      0,        117.9751024,         136.4489357,                   0,                89.86948937,                 182.2552697,                           0,            -1.175135522e-08,             -0.0008399682293,                          nan,                      0.7617665724,                        1.335703124,                                nan,           300.0001754,            300.1424889,                      0,            17152.34024,             16946.63665,                       0,       0.896380002,      0.5512343311,                 0,                 0,                 0,      0.4388313599,      0.3790049099,      0.9816881756,                 0,      0.6149560787
        1679,     0.06084388827,      -6.259729296,      -3.712965883,     -0.8127352785,                         7,      -4.047103236,               4,        -4.6029966,   2.008484743e-08,   8.537964698e-06,      0.9809302103,       8.746072288,       8.140352568,         0.7055319467,         -0.7058586183,                     0,      0.4351221222,      0.6860670936,                 0,       289.0546582,       274.3090504,                 0,       15060.12905,        12365.43509,                  0,        0.1815010183,         0.1570412681,                    0,          301410.9754,           301553.4194,                     0,           117.9728862,           -136.5115874,                      0,        117.9728856,         136.4542781,                   0,                89.86759048,                 182.2548747,                           0,            -1.001100258e-08,             -0.0008394485641,                          nan,                      0.7617647906,                        1.335647934,                                nan,            300.000075,            300.1418523,                      0,            17152.34726,             16946.81227,                       0,      0.8963973246,      0.5512493621,                 0,                 0,                 0,      0.4388558423,       0.379009581,      0.9817106296,                 0,      0.6149609631
        1680,      0.0608280878,      -6.269989297,      -3.717437876,     -0.8240663253,                         8,      -4.102112248,               4,      -4.208732129,   2.410267903e-08,   1.024568258e-05,       1.177116252,       10.49528675,       9.768423082,         0.7055232056,         -0.7058982197,                     0,      0.4351146382,      0.6860804534,                 0,       289.0548462,       274.3075527,                 0,       15060.18977,        12365.45912,                  0,        0.1815016321,         0.1570424231,                    0,          301410.7931,           301552.7702,                     0,           117.9710253,            -136.518174,                      0,        117.9710248,         136.4609033,                   0,                89.86590355,                 182.2548071,                           0,            -8.298529863e-09,             -0.0008388438577,                          nan,                      0.7617625063,                        1.335582593,                                nan,           299.9998936,            300.1412061,                      0,            17152.34107,             16947.03717,                       0,      0.8964160047,      0.5512666142,                 0,                 0,                 0,      0.4388833919,      0.3790139859,      0.9817356731,                 0,      0.6149673938
        1681,     0.06081752735,       -6.27751577,       -3.72017138,      -0.830201309,                         9,      -4.082084047,               5,      -4.699688846,   2.892445144e-08,   1.229497355e-05,       1.412539503,       12.59434409,        11.7221077,         0.7055174109,         -0.7059447765,                     0,       0.435109665,      0.6860977413,                 0,       289.0548466,       274.3057255,                 0,       15060.21885,        12365.47191,                  0,        0.1815019822,         0.1570436232,                    0,          301410.5421,           301552.0567,                     0,           117.9698286,           -136.5260624,                      0,        117.9698282,         136.4688323,                   0,                 89.8646777,                 182.2552288,                           0,            -6.702403632e-09,             -0.0008381992722,                          nan,                      0.7617598422,                        1.335508084,                                nan,           299.9996437,             300.140496,                      0,            17152.32411,              16947.3052,                       0,      0.8964341742,      0.5512855733,                 0,                 0,                 0,      0.4389127284,      0.3790169502,      0.9817617651,                 0,      0.6149760788
        1682,     0.06080913642,       -6.27635039,      -3.719485721,     -0.8245692573,                        10,      -4.009799017,               5,      -4.274378651,   3.471111575e-08,   1.475416153e-05,       1.695047403,       15.11321291,       14.06652924,         0.7055163219,         -0.7059968624,                     0,      0.4351085656,      0.6861191505,                 0,       289.0546153,       274.3035088,                 0,       15060.20774,        12365.46549,                  0,        0.1815019936,         0.1570448018,                    0,          301410.2453,           301551.2289,                     0,           117.9696389,           -136.5350529,                      0,        117.9696386,         136.4778551,                   0,                89.86421044,                 182.2563274,                           0,            -5.354376054e-09,             -0.0008376724501,                          nan,                      0.7617571055,                        1.335427842,                                nan,           299.9993484,             300.139672,                      0,            17152.30038,             16947.60884,                       0,      0.8964498576,      0.5513058007,                 0,                 0,                 0,      0.4389423772,      0.3790171684,      0.9817873595,                 0,      0.6149878837
        1683,     0.06079978272,      -6.262349814,      -3.713878242,     -0.8038432156,                        10,      -3.567346268,               6,      -4.749369087,   4.165588364e-08,   1.770523804e-05,       2.034056884,        18.1358555,       16.87983509,          0.705521945,         -0.7060526638,                     0,      0.4351129092,      0.6861444782,                 0,       289.0540728,       274.3009445,                 0,       15060.14212,        12365.44464,                  0,        0.1815015434,         0.1570459957,                    0,          301409.8991,           301550.3189,                     0,           117.9708716,           -136.5447929,                      0,        117.9708713,          136.487602,                   0,                89.86480578,                 182.2582855,                           0,            -4.322628699e-09,             -0.0008375116437,                          nan,                      0.7617541922,                        1.335346822,                                nan,           299.9990038,            300.1387663,                      0,            17152.26938,             16947.95228,                       0,      0.8964609974,      0.5513270364,                 0,                 0,                 0,      0.4389706297,      0.3790131613,      0.9818110025,                 0,      0.6150039299
        1684,     0.06078692226,      -6.238430978,      -3.702880573,     -0.7729391004,                        10,      -3.179963197,               6,      -4.311190913,   4.999070908e-08,   2.124658992e-05,       2.440868261,       21.76302659,        20.2558021,          0.705537117,          -0.706111492,                     0,      0.4351248273,      0.6861733993,                 0,        289.053064,       274.2981929,                 0,       15059.99615,        12365.43025,                  0,        0.1815004177,         0.1570473782,                    0,          301409.4496,           301549.4811,                     0,           117.9741401,           -136.5550289,                      0,        117.9741399,         136.4978032,                   0,                89.86679136,                 182.2612188,                           0,            -3.526721915e-09,             -0.0008379587582,                          nan,                      0.7617499179,                        1.335268514,                                nan,           299.9985564,            300.1379324,                      0,            17152.22311,              16948.3601,                       0,      0.8964645362,      0.5513493698,                 0,                 0,                 0,      0.4389951278,      0.3790024424,      0.9818309125,                 0,      0.6150264149
        1685,     0.06077522206,      -6.210500899,      -3.687498552,     -0.7390523985,                        10,      -2.842795697,               7,      -4.671095766,    5.99940774e-08,   2.549626748e-05,      0.2440868261,       2.176302659,        2.02558021,         0.7055661834,         -0.7061751524,                     0,      0.4351475337,       0.686205983,                 0,       289.0513562,        274.295445,                 0,       15059.73157,        12365.44831,                  0,        0.1814983013,         0.1570491693,                    0,          301408.8165,           301548.9328,                     0,           117.9803759,           -136.5659343,                      0,        117.9803757,         136.5086244,                   0,                89.87065359,                 182.2651096,                           0,            -2.808538735e-09,             -0.0008391248626,                          nan,                      0.7617423919,                        1.335191168,                                nan,           299.9979263,            300.1373867,                      0,            17152.15037,             16948.86959,                       0,      0.8964537634,      0.5513725266,                 0,                 0,                 0,      0.4390116104,      0.3789798403,       0.981842805,                 0,      0.6150596372
        1686,     0.06075353438,      -6.181845573,      -3.669920557,     -0.7057508443,                         4,      -4.691032015,               2,      -4.089291527,   6.000030442e-09,   2.549658814e-06,      0.2929041913,       2.611563191,       2.430696252,         0.7055741061,         -0.7061850968,                     0,      0.4351525295,      0.6862106054,                 0,       289.0515612,       274.2949572,                 0,       15059.76759,        12365.41376,                  0,        0.1814986067,         0.1570490069,                    0,          301409.2828,           301548.7442,                     0,           117.9815021,           -136.5680095,                      0,         117.981502,         136.5106934,                   0,                89.87207188,                 182.2652312,                           0,            -2.567233093e-09,             -0.0008392024846,                          nan,                      0.7617471417,                        1.335171822,                                nan,           299.9983904,            300.1371989,                      0,            17152.24169,             16948.88956,                       0,      0.8964529546,      0.5513721329,                 0,                 0,                 0,      0.4390120587,      0.3789794354,      0.9818420016,                 0,      0.6150597531
        1687,     0.06073186037,      -6.190059092,      -3.673114506,      -0.717551455,                         4,      -4.282106989,               3,      -5.508519831,   7.200112835e-09,   3.059605769e-06,      0.3514850296,        3.13387583,       2.916835503,         0.7055815292,         -0.7061979079,                     0,      0.4351579861,      0.6862163368,                 0,       289.0516306,       274.2944605,                 0,       15059.77619,        12365.39248,                  0,        0.1814986668,         0.1570490184,                    0,           301409.631,           301548.6306,                     0,           117.9827043,           -136.5705056,                      0,        117.9827041,          136.513173,                   0,                89.87359216,                 182.2654832,                           0,            -2.358412687e-09,             -0.0008394278623,                          nan,                      0.7617522654,                        1.335149416,                                nan,           299.9987369,            300.1370859,                      0,            17152.30642,             16948.94471,                       0,      0.8964516543,      0.5513723584,                 0,                 0,                 0,      0.4390126801,      0.3789782644,       0.981841393,                 0,      0.6150608967
        1688,     0.06071168585,      -6.202069709,      -3.676148335,     -0.7335782725,                         5,      -4.804001321,               3,      -5.126297643,   8.640245343e-09,   3.671546929e-06,      0.4217820355,       3.760650996,       3.500202603,         0.7055888822,         -0.7062140834,                     0,      0.4351641991,      0.6862234867,                 0,       289.0515348,       274.2939374,                 0,       15059.75226,        12365.38439,                  0,        0.1814984386,         0.1570492126,                    0,          301409.8451,           301548.5969,                     0,           117.9840821,           -136.5735155,                      0,         117.984082,         136.5161538,                   0,                89.87523739,                 182.2659119,                           0,            -2.173717872e-09,             -0.0008398357805,                          nan,                      0.7617573141,                        1.335123403,                                nan,           299.9989501,            300.1370523,                      0,            17152.34173,             16949.03963,                       0,      0.8964496962,      0.5513736094,                 0,                 0,                 0,      0.4390135781,      0.3789759488,      0.9818412017,                 0,      0.6150636357
        1689,     0.06069166107,       -6.21760576,      -3.679337782,     -0.7537903592,                         5,       -4.34403859,               3,      -4.756943972,   1.036845277e-08,   4.405881633e-06,      0.5061384426,       4.512781195,       4.200243124,         0.7055970274,         -0.7062341404,                     0,      0.4351716466,      0.6862324154,                 0,       289.0512484,        274.293366,                 0,       15059.69254,         12365.3881,                  0,        0.1814978986,         0.1570495841,                    0,           301409.923,           301548.6465,                     0,           117.9857951,           -136.5771473,                      0,         117.985795,         136.5197422,                   0,                89.87705626,                 182.2665716,                           0,            -2.007088273e-09,             -0.0008404486407,                          nan,                      0.7617616703,                        1.335093143,                                nan,           299.9990276,            300.1371017,                      0,            17152.34869,             16949.17783,                       0,      0.8964469225,      0.5513762417,                 0,                 0,                 0,      0.4390148337,      0.3789721472,      0.9818416148,                 0,      0.6150684752
        1690,     0.06067270349,      -6.234740133,      -3.682958985,     -0.7762538222,                         6,      -4.639462502,               3,      -4.401252981,   1.244237129e-08,   5.287088343e-06,      0.6073661311,       5.415337434,       5.040291749,         0.7056072487,         -0.7062586888,                     0,      0.4351810063,      0.6862435425,                 0,       289.0507518,       274.2927245,                 0,       15059.59558,        12365.40152,                  0,        0.1814970419,         0.1570501186,                    0,          301409.8783,           301548.7877,                     0,           117.9880611,           -136.5815321,                      0,         117.988061,         136.5240692,                   0,                89.87913561,                 182.2675255,                           0,            -1.845314568e-09,             -0.0008412669995,                          nan,                      0.7617646634,                        1.335057815,                                nan,           299.9989831,            300.1372423,                      0,            17152.33249,             16949.36276,                       0,      0.8964431165,       0.551380472,                 0,                 0,                 0,      0.4390164267,      0.3789665561,      0.9818426734,                 0,      0.6150758056
        1691,     0.06065337648,       -6.25061048,      -3.687076814,      -0.797627412,                         6,      -4.165718387,               3,      -4.060490535,   1.493117345e-08,   6.344539974e-06,      0.7288393573,        6.49840492,       6.048350098,          0.705621122,           -0.70628852,                     0,      0.4351931469,      0.6862573684,                 0,       289.0500273,       274.2919935,                 0,       15059.46061,        12365.42252,                  0,        0.1814958702,         0.1570507997,                    0,          301409.7366,           301549.0373,                     0,           117.9911427,           -136.5868343,                      0,        117.9911426,         136.5293012,                   0,                89.88161205,                 182.2688481,                           0,            -1.660395155e-09,             -0.0008422615905,                          nan,                      0.7617657568,                         1.33501634,                                nan,            299.998842,            300.1374907,                      0,            17152.30101,             16949.59894,                       0,      0.8964378115,      0.5513863375,                 0,                 0,                 0,      0.4390181078,      0.3789587816,      0.9818441245,                 0,      0.6150859886
        1692,     0.06063630945,       -6.26362678,      -3.691350378,     -0.8154617959,                         7,      -4.310352076,               4,      -4.843925125,   1.791787932e-08,   7.613482457e-06,      0.8746072288,       7.798085904,       7.258020118,         0.7056403004,         -0.7063245773,                     0,      0.4352090945,      0.6862744872,                 0,       289.0490535,       274.2911476,                 0,       15059.28542,        12365.44839,                  0,        0.1814943702,         0.1570516072,                    0,          301409.5274,           301549.4129,                     0,           117.9953248,            -136.593247,                      0,        117.9953247,         136.5356353,                   0,                 89.8846795,                 182.2706306,                           0,            -1.419430462e-09,              -0.000843373602,                          nan,                      0.7617647542,                        1.334967462,                                nan,           299.9986338,            300.1378645,                      0,            17152.26205,             16949.89156,                       0,      0.8964299865,      0.5513937171,                 0,                 0,                 0,      0.4390192437,      0.3789480852,      0.9818452529,                 0,      0.6150995899
        1693,     0.06062235832,      -6.274656905,      -3.694943989,     -0.8298562957,                         8,      -4.375277092,               4,      -4.438916869,   2.150212999e-08,    9.13620966e-06,       1.049528675,       9.357703085,       8.709624142,         0.7056663202,          -0.706367653,                     0,      0.4352299906,      0.6862955425,                 0,       289.0477976,       274.2901399,                 0,       15059.06444,        12365.47402,                  0,        0.1814924955,         0.1570525031,                    0,          301409.2742,           301549.9115,                     0,           118.0008945,           -136.6009485,                      0,        118.0008945,         136.5432543,                   0,                89.88858898,                 182.2729863,                           0,             -1.11753129e-09,             -0.0008445334515,                          nan,                      0.7617619289,                        1.334910225,                                nan,           299.9983818,            300.1383608,                      0,            17152.22077,             16950.24322,                       0,      0.8964177801,      0.5514023483,                 0,                 0,                 0,      0.4390186962,      0.3789331449,      0.9818447219,                 0,      0.6151175942
        1694,     0.06061664791,      -6.284186267,      -3.696686245,     -0.8406603864,                         9,      -4.366864749,               4,      -4.056080632,   2.580352218e-08,   1.096347427e-05,       1.259434409,        11.2292437,       10.45154897,         0.7057005227,         -0.7064178438,                     0,      0.4352570452,      0.6863210793,                 0,       289.0462135,       274.2888958,                 0,       15058.78844,        12365.49051,                  0,        0.1814901639,         0.1570534172,                    0,          301408.9902,           301550.4926,                     0,           118.0081299,           -136.6100127,                      0,        118.0081298,         136.5522349,                   0,                89.89363684,                 182.2760509,                           0,            -8.155101039e-10,             -0.0008457006247,                          nan,                      0.7617579991,                        1.334844875,                                nan,           299.9980992,            300.1389392,                      0,            17152.17885,             16950.64993,                       0,      0.8963983299,      0.5514117528,                 0,                 0,                 0,       0.439014765,      0.3789119738,      0.9818404164,                 0,      0.6151414326
        1695,     0.06061042223,      -6.288169517,       -3.69550327,     -0.8429510975,                        10,      -4.297849908,               5,      -4.528139081,   3.096561845e-08,   1.315618139e-05,       1.511321291,       13.47509244,       12.54185876,         0.7057441442,         -0.7064741266,                     0,      0.4352914969,      0.6863513179,                 0,        289.044242,       274.2873442,                 0,       15058.44566,        12365.48814,                  0,        0.1814872706,         0.1570542672,                    0,          301408.6763,           301551.0949,                     0,           118.0173057,           -136.6203164,                      0,        118.0173056,         136.5624517,                   0,                89.90013356,                 182.2799712,                           0,            -6.512013151e-10,             -0.0008469089938,                          nan,                      0.7617538214,                        1.334773717,                                nan,           299.9977867,            300.1395386,                      0,            17152.13537,             16951.10185,                       0,      0.8963676934,      0.5514210334,                 0,                 0,                 0,      0.4390050957,      0.3788819793,      0.9818292334,                 0,      0.6151728107
        1696,     0.06060659364,      -6.279707882,       -3.69097535,     -0.8295239046,                        10,      -3.825965298,               5,      -4.114648327,   3.716072359e-08,   1.578741969e-05,        1.81358555,       16.17011093,       15.05023052,          0.705798645,         -0.7065345189,                     0,       0.435334669,      0.6863859705,                 0,       289.0417968,         274.28548,                 0,       15058.02138,        12365.46401,                  0,        0.1814836923,         0.1570550196,                    0,          301408.3096,           301551.6913,                     0,           118.0287467,           -136.6315195,                      0,        118.0287466,         136.5735559,                   0,                89.90836063,                  182.284873,                           0,            -8.008098629e-10,             -0.0008482865171,                          nan,                      0.7617496856,                        1.334701083,                                nan,           299.9974217,            300.1401323,                      0,            17152.08689,              16951.5911,                       0,      0.8963208008,      0.5514286469,                 0,                 0,                 0,      0.4389864214,      0.3788400638,      0.9818068734,                 0,      0.6152134887
        1697,     0.06059561331,      -6.257518323,       -3.68365907,     -0.8007828622,                        10,      -3.410307213,               6,      -4.571678227,    4.45956935e-08,   1.894489433e-05,       2.176302659,       19.40413312,       18.06027662,         0.7058663487,         -0.7065969347,                     0,      0.4353882993,      0.6864242556,                 0,       289.0387318,       274.2834079,                 0,       15057.49363,         12365.4285,                  0,         0.181479256,         0.1570557462,                    0,          301407.8256,           301552.3397,                     0,           118.0429541,           -136.6431791,                      0,         118.042954,         136.5850917,                   0,                89.91857534,                 182.2908039,                           0,            -1.394291904e-09,             -0.0008500250948,                          nan,                      0.7617445367,                        1.334631779,                                nan,             299.99694,            300.1407776,                      0,            17152.02592,             16952.12085,                       0,       0.896251866,      0.5514325097,                 0,                 0,                 0,      0.4389543606,      0.3787828872,      0.9817681725,                 0,      0.6152651175
        1698,      0.0605898329,       -6.22963459,        -3.6746564,     -0.7671410131,                        10,       -3.04356228,               6,      -4.146588066,   5.351886127e-08,   2.273383928e-05,       2.611563191,       23.28495974,       21.67233194,         0.7059511514,         -0.7066603701,                     0,      0.4354551478,      0.6864652031,                 0,        289.034823,       274.2813203,                 0,       15056.82885,        12365.40323,                  0,        0.1814736981,         0.1570566116,                    0,          301407.1306,             301553.18,                     0,           118.0607517,           -136.6549808,                      0,        118.0607515,         136.5967325,                   0,                89.93115367,                  182.297679,                           0,            -2.519534692e-09,             -0.0008523054827,                          nan,                      0.7617362461,                        1.334568373,                                nan,           299.9962482,             300.141614,                      0,            17151.94208,             16952.70701,                       0,      0.8961557162,      0.5514306253,                 0,                 0,                 0,      0.4389037979,      0.3787075445,      0.9817084078,                 0,      0.6153290275
        1699,     0.06058418118,      -6.205781357,      -3.664759442,     -0.7391643102,                        10,       -2.71767364,               7,      -4.504298953,   6.422838488e-08,   2.728050643e-05,      0.2611563191,       2.328495974,       2.167233194,         0.7060585604,         -0.7067258108,                     0,      0.4355393868,      0.6865082188,                 0,       289.0298142,       274.2794052,                 0,        15055.9853,         12365.4098,                  0,        0.1814666757,         0.1570577814,                    0,          301406.1687,           301554.3762,                     0,            118.083284,           -136.6669839,                      0,        118.0832838,         136.6085314,                   0,                89.94683061,                 182.3052921,                           0,            -4.514737695e-09,              -0.000855217863,                          nan,                      0.7617236559,                        1.334508835,                                nan,           299.9952908,            300.1428046,                      0,            17151.82986,             16953.37081,                       0,      0.8960288668,      0.5514218394,                 0,                 0,                 0,      0.4388296506,      0.3786119633,      0.9816245496,                 0,      0.6154063332
        1700,     0.06056378677,      -6.188637158,      -3.654250499,     -0.7188911255,                         4,      -4.539997282,               3,      -5.760647252,     6.4235226e-09,   2.728029615e-06,       0.313387583,       2.794195169,       2.600679833,         0.7060862566,          -0.706737962,                     0,      0.4355556023,      0.6865157205,                 0,       289.0302466,       274.2790382,                 0,        15056.0722,        12365.38132,                  0,        0.1814674517,         0.1570576264,                    0,          301407.4399,           301554.5421,                     0,            118.087411,           -136.6695041,                      0,        118.0874107,         136.6110313,                   0,                89.95071628,                 182.3063161,                           0,            -4.427721523e-09,             -0.0008554997957,                          nan,                      0.7617299398,                        1.334491911,                                nan,           299.9965561,            300.1429697,                      0,            17152.09225,             16953.44331,                       0,      0.8960213557,      0.5514206258,                 0,                 0,                 0,      0.4388247133,      0.3786067238,      0.9816190326,                 0,      0.6154101376
        1701,      0.0613079832,      -6.203745506,      -3.658993716,     -0.7393196719,                         4,       -4.12853685,               3,      -5.370528442,   7.708310386e-09,   3.273640455e-06,      0.3760650996,       3.353034203,         3.1208158,         0.7061116788,         -0.7067529632,                     0,       0.435572912,      0.6865248391,                 0,       289.0302799,       274.2786791,                 0,       15056.07508,        12365.36496,                  0,        0.1814674655,         0.1570576212,                    0,          301408.3504,           301554.8423,                     0,           118.0916537,            -136.672473,                      0,        118.0916534,         136.6139634,                   0,                89.95489648,                 182.3076586,                           0,            -3.924065184e-09,             -0.0008560186673,                          nan,                      0.7617379711,                        1.334473095,                                nan,           299.9974623,            300.1432685,                      0,            17152.26996,             16953.55787,                       0,      0.8960112683,      0.5514193417,                 0,                 0,                 0,      0.4388182876,      0.3785994778,      0.9816118982,                 0,      0.6154156328
        1702,     0.06128691186,      -6.223078086,      -3.663318069,      -0.764712762,                         5,      -4.628188878,               3,      -4.992724513,   9.250092718e-09,   3.928373601e-06,      0.4512781195,       4.023641043,        3.74497896,         0.7061358394,         -0.7067711291,                     0,      0.4355919575,       0.686535893,                 0,       289.0298602,       274.2783141,                 0,       15055.98467,         12365.3599,                  0,        0.1814666393,         0.1570577635,                    0,          301408.8764,           301555.2864,                     0,           118.0962319,           -136.6759581,                      0,        118.0962317,         136.6173931,                   0,                89.95942039,                 182.3093892,                           0,            -3.180131491e-09,             -0.0008568072492,                          nan,                      0.7617467475,                        1.334452262,                                nan,           299.9979859,            300.1437105,                      0,            17152.35889,             16953.71833,                       0,      0.8959976432,      0.5514179796,                 0,                 0,                 0,      0.4388098288,      0.3785894647,      0.9816025581,                 0,       0.615423471
        1703,     0.06126509096,      -6.245282719,      -3.667979099,     -0.7939431571,                         5,      -4.166516826,               3,      -4.628213864,   1.110028493e-08,   4.714051693e-06,      0.5415337434,       4.828369252,       4.493974752,         0.7061608861,         -0.7067927208,                     0,      0.4356137654,      0.6865492032,                 0,       289.0289609,       274.2779263,                 0,       15055.80003,        12365.36406,                  0,        0.1814649784,          0.157058036,                    0,           301409.042,           301555.8808,                     0,           118.1015016,           -136.6800273,                      0,        118.1015015,         136.6213873,                   0,                89.96438687,                 182.3115786,                           0,            -2.465717186e-09,             -0.0008578779867,                          nan,                      0.7617548106,                        1.334429273,                                nan,           299.9981507,            300.1443022,                      0,            17152.36831,             16953.92671,                       0,      0.8959794127,      0.5514164744,                 0,                 0,                 0,      0.4387986535,       0.378575875,      0.9815903132,                 0,      0.6154343131
        1704,     0.06124474346,      -6.266861246,      -3.673327735,     -0.8230471701,                         6,      -4.438724748,               3,      -4.277976803,   1.332059264e-08,   5.656859973e-06,       0.649840492,       5.794043102,       5.392769702,         0.7061898917,         -0.7068180139,                     0,      0.4356397041,      0.6865650872,                 0,       289.0275878,       274.2775019,                 0,        15055.5283,        12365.37495,                  0,        0.1814625655,         0.1570584143,                    0,          301408.9225,           301556.6351,                     0,            118.107923,            -136.684755,                      0,        118.1079229,         136.6260211,                   0,                89.96996384,                  182.314294,                           0,             -2.04489925e-09,             -0.0008592219033,                          nan,                      0.7617606137,                         1.33440389,                                nan,           299.9980318,            300.1450529,                      0,            17152.32016,             16954.18436,                       0,      0.8959554443,      0.5514147135,                 0,                 0,                 0,      0.4387839316,      0.3785578758,       0.981574388,                 0,      0.6154488117
        1705,     0.06122627954,      -6.284201295,       -3.67904208,      -0.847069136,                         7,      -4.583737587,               4,      -5.125636124,   1.598507279e-08,   6.788217918e-06,      0.7798085904,       6.952851723,       6.471323643,         0.7062262541,         -0.7068473751,                     0,      0.4356713406,      0.6865838697,                 0,       289.0257688,       274.2770314,                 0,       15055.18066,        12365.39036,                  0,        0.1814595174,         0.1570588756,                    0,          301408.6265,           301557.5636,                     0,           118.1159886,             -136.69023,                      0,        118.1159884,         136.6313848,                   0,                89.97639801,                 182.3175986,                           0,            -2.083412443e-09,             -0.0008608152464,                          nan,                      0.7617630703,                        1.334375692,                                nan,           299.9977371,            300.1459771,                      0,            17152.24296,             16954.49314,                       0,      0.8959245226,      0.5514125752,                 0,                 0,                 0,      0.4387646642,      0.3785345743,      0.9815539488,                 0,      0.6154676664
        1706,     0.06120792443,      -6.297033897,      -3.684166487,     -0.8644444284,                         7,      -4.095553598,               4,      -4.706630253,   1.918260825e-08,   8.145825609e-06,      0.9357703085,       8.343422067,       7.765588371,         0.7062729129,         -0.7068812177,                     0,       0.435710237,      0.6866058919,                 0,       289.0235319,       274.2765028,                 0,       15054.76561,        12365.40809,                  0,        0.1814559192,         0.1570593985,                    0,          301408.2622,           301558.6795,                     0,           118.1261347,           -136.6965483,                      0,        118.1261345,          136.637576,                   0,                89.98400673,                 182.3215563,                           0,            -2.608715133e-09,             -0.0008626348578,                          nan,                       0.761762053,                        1.334344194,                                nan,           299.9973745,            300.1470877,                      0,            17152.16215,              16954.8551,                       0,      0.8958852887,      0.5514099532,                 0,                 0,                 0,      0.4387396613,      0.3785049536,      0.9815280877,                 0,      0.6154916932
        1707,      0.0611911918,      -6.308496058,      -3.687479229,     -0.8781132835,                         8,      -4.147495594,               4,        -4.3092302,    2.30198787e-08,   9.774920433e-06,        1.12292437,       10.01210648,       9.318706046,         0.7063317847,         -0.7069197315,                     0,      0.4357577742,      0.6866314774,                 0,       289.0208813,       274.2758897,                 0,       15054.28344,        12365.42441,                  0,        0.1814517717,         0.1570599507,                    0,          301407.9039,            301559.978,                     0,           118.1386816,           -136.7037747,                      0,        118.1386813,         136.6446594,                   0,                89.99314803,                 182.3262394,                           0,            -3.519252667e-09,             -0.0008646813772,                          nan,                      0.7617585282,                        1.334309297,                                nan,            299.997018,            300.1483802,                      0,              17152.092,             16955.27001,                       0,      0.8958362244,       0.551406728,                 0,                 0,                 0,      0.4387075598,      0.3784678787,      0.9814957898,                 0,       0.615521803
        1708,     0.06117579304,      -6.319948518,      -3.687993674,     -0.8896010873,                         9,      -4.133099331,               5,      -4.821240702,    2.76249278e-08,   1.172978634e-05,       1.347509244,       12.01452778,       11.18244725,         0.7064037668,         -0.7069625194,                     0,      0.4358150765,      0.6866608332,                 0,       289.0177843,       274.2751535,                 0,       15053.72541,        12365.43358,                  0,        0.1814469899,         0.1570604817,                    0,          301407.5747,           301561.4327,                     0,           118.1538349,            -136.711881,                      0,        118.1538346,         136.6526036,                   0,                90.00417023,                 182.3317337,                           0,            -4.641118934e-09,             -0.0008669996973,                          nan,                      0.7617541192,                        1.334271934,                                nan,           299.9966903,             300.149828,                      0,             17152.0339,             16955.73319,                       0,       0.895775701,      0.5514026527,                 0,                 0,                 0,       0.438666871,      0.3784222035,      0.9814558715,                 0,      0.6155588414
        1709,     0.06116217023,      -6.325721862,      -3.685456754,     -0.8923317605,                        10,      -4.060735039,               5,      -4.383198878,   3.315144588e-08,   1.407556511e-05,       1.617011093,       14.41743333,       13.41893671,         0.7064893276,         -0.7070085252,                     0,      0.4358830711,      0.6866939249,                 0,       289.0141712,       274.2742748,                 0,       15053.07722,        12365.43108,                  0,        0.1814414453,         0.1570609457,                    0,          301407.2488,           301563.0194,                     0,           118.1717571,           -136.7207127,                      0,        118.1717568,         136.6612482,                   0,                90.01735189,                 182.3381263,                           0,            -5.876340747e-09,             -0.0008696796993,                          nan,                      0.7617501368,                         1.33423431,                                nan,           299.9963659,            300.1514073,                      0,            17151.98093,             16956.23809,                       0,      0.8957018671,      0.5513971625,                 0,                 0,                 0,      0.4386158902,      0.3783667976,      0.9814067617,                 0,      0.6156034533
        1710,     0.06114884968,      -6.315429702,      -3.680696409,     -0.8748799645,                        10,      -3.611432203,               6,      -4.875048766,   3.978391181e-08,   1.689042772e-05,       1.940413312,          17.30092,       16.10272405,         0.7065894476,         -0.7070565103,                     0,      0.4359627603,       0.686730413,                 0,       289.0099256,       274.2732905,                 0,       15052.32095,        12365.41885,                  0,        0.1814349949,         0.1570613465,                    0,           301406.856,           301564.7536,                     0,           118.1927059,           -136.7300394,                      0,        118.1927054,         136.6703555,                   0,                90.03286882,                  182.345462,                           0,            -7.378151867e-09,             -0.0008728268434,                          nan,                       0.761746408,                        1.334199076,                                nan,           299.9959749,            300.1531335,                      0,            17151.92281,             16956.78258,                       0,      0.8956122615,      0.5513890582,                 0,                 0,                 0,      0.4385523261,      0.3783004299,       0.981346015,                 0,      0.6156559952
        1711,     0.06113566349,      -6.288052429,      -3.675187092,     -0.8383795337,                        10,      -3.223227665,               6,      -4.422374849,   4.774376746e-08,   2.026817411e-05,       2.328495974,         20.761104,       19.32326886,          0.706706551,         -0.7071058411,                     0,      0.4360557859,      0.6867697011,                 0,       289.0048669,       274.2722957,                 0,       15051.43222,        12365.40684,                  0,        0.1814274582,         0.1570617557,                    0,          301406.2912,            301566.696,                     0,           118.2172051,            -136.739685,                      0,        118.2172045,         136.6797448,                   0,                 90.0508797,                 182.3536681,                           0,            -9.550037428e-09,             -0.0008765127881,                          nan,                      0.7617408996,                        1.334167461,                                nan,           299.9954128,            300.1550667,                      0,            17151.84838,             16957.37178,                       0,      0.8955034673,      0.5513760836,                 0,                 0,                 0,      0.4384729287,      0.3782217494,      0.9812697661,                 0,      0.6157163023
        1712,     0.06112202434,      -6.258275442,      -3.669978279,     -0.8011641806,                        10,      -2.881076546,               6,      -4.006544159,   5.729683482e-08,   2.432134462e-05,      0.2328495974,         2.0761104,       1.932326886,         0.7068448222,         -0.7071570734,                     0,      0.4361650308,      0.6868111109,                 0,       288.9987718,        274.271399,                 0,       15050.37902,        12365.40771,                  0,        0.1814185892,         0.1570622714,                    0,          301405.4681,           301568.9157,                     0,           118.2461159,           -136.7496718,                      0,        118.2461151,         136.6894388,                   0,                90.07178009,                 182.3624996,                           0,            -1.300231223e-08,             -0.0008807292368,                          nan,                      0.7617314108,                        1.334137452,                                nan,           299.9945935,             300.157276,                      0,            17151.75028,             16958.01319,                       0,      0.8953709848,       0.551354638,                 0,                 0,                 0,      0.4383735743,      0.3781293589,      0.9811724237,                 0,      0.6157834544
        1713,     0.06110005047,      -6.239595732,      -3.665440939,     -0.7776130757,                         4,      -4.783494898,               2,      -4.130812419,    5.73018574e-09,   2.432079098e-06,      0.2794195169,        2.49133248,       2.318792263,         0.7068783683,         -0.7071677468,                     0,      0.4361844414,      0.6868189872,                 0,       288.9991834,       274.2711847,                 0,       15050.46575,        12365.38486,                  0,        0.1814193762,         0.1570621003,                    0,          301406.8807,           301569.2816,                     0,           118.2512146,            -136.751942,                      0,        118.2512138,         136.6916773,                   0,                90.07617807,                 182.3639233,                           0,            -1.256857018e-08,             -0.0008811781787,                          nan,                      0.7617357585,                         1.33412602,                                nan,           299.9959995,            300.1576402,                      0,            17152.04497,             16958.10027,                       0,      0.8953634155,      0.5513538837,                 0,                 0,                 0,      0.4383674098,      0.3781237948,      0.9811672369,                 0,      0.6157878177
        1714,     0.06107909918,       -6.25554227,      -3.669810048,     -0.7993757735,                         4,      -4.356031963,               3,      -5.602522605,   6.876282991e-09,   2.918489477e-06,      0.3353034203,       2.989598976,       2.782550715,         0.7069100146,         -0.7071806597,                     0,      0.4362053763,      0.6868284417,                 0,       288.9991665,        274.270986,                 0,       15050.46308,        12365.36948,                  0,        0.1814193547,         0.1570620161,                    0,          301407.9235,           301569.7879,                     0,           118.2565224,           -136.7546001,                      0,        118.2565218,         136.6942859,                   0,                90.08097689,                 182.3656959,                           0,            -1.140651695e-08,             -0.0008818855317,                          nan,                      0.7617421479,                        1.334113527,                                nan,           299.9970375,            300.1581442,                      0,            17152.25316,             16958.22277,                       0,      0.8953534155,      0.5513527125,                 0,                 0,                 0,       0.438359446,      0.3781165498,      0.9811602453,                 0,      0.6157933872
        1715,     0.06106028718,       -6.27527558,      -3.673678387,      -0.825758013,                         5,      -4.905872448,               3,      -5.216201597,    8.25162602e-09,   3.502178723e-06,      0.4023641043,       3.587518771,       3.339060858,         0.7069404843,         -0.7071960751,                     0,      0.4362284278,      0.6868397428,                 0,       288.9986571,       274.2707985,                 0,       15050.35875,         12365.3616,                  0,        0.1814184168,         0.1570620212,                    0,          301408.5602,           301570.4513,                     0,           118.2622307,           -136.7576995,                      0,        118.2622302,         136.6973155,                   0,                90.08623139,                  182.367882,                           0,            -9.777428422e-09,             -0.0008828851539,                          nan,                      0.7617498103,                        1.334099951,                                nan,           299.9976711,            300.1588044,                      0,            17152.36687,             16958.38496,                       0,      0.8953400253,      0.5513508483,                 0,                 0,                 0,      0.4383490068,      0.3781070279,      0.9811506481,                 0,      0.6158005146
        1716,     0.06104164391,       -6.29748929,      -3.677938932,      -0.855662262,                         5,      -4.424420639,               3,      -4.842344665,   9.902075573e-09,   4.202600209e-06,      0.4828369252,       4.305022525,        4.00687303,         0.7069716432,         -0.7072141861,                     0,      0.4362545589,      0.6868531474,                 0,       288.9976196,       274.2706144,                 0,       15050.14896,        12365.36012,                  0,        0.1814165393,         0.1570621057,                    0,           301408.802,           301571.2832,                     0,            118.268667,           -136.7612883,                      0,        118.2686665,         136.7008136,                   0,                90.09203807,                 182.3705448,                           0,            -8.088781089e-09,             -0.0008841887479,                          nan,                      0.7617574522,                        1.334085292,                                nan,           299.9979119,            300.1596324,                      0,            17152.39147,             16958.58932,                       0,      0.8953220891,      0.5513479446,                 0,                 0,                 0,      0.4383352489,      0.3780945198,      0.9811374692,                 0,      0.6158096079
        1717,     0.06102371001,      -6.318751174,      -3.683122466,     -0.8850749676,                         6,      -4.718526647,               3,      -4.481937628,   1.188266963e-08,   5.043096186e-06,      0.5794043102,        5.16602703,       4.808247636,         0.7070064205,         -0.7072351173,                     0,      0.4362850862,      0.6868688801,                 0,       288.9960544,       274.2704247,                 0,       15049.83943,        12365.36305,                  0,        0.1814137907,         0.1570622493,                    0,          301408.7164,           301572.2914,                     0,           118.2762766,           -136.7654079,                      0,        118.2762762,         136.7048222,                   0,                90.09855261,                 182.3737406,                           0,            -6.777642669e-09,             -0.0008857835854,                          nan,                      0.7617635208,                        1.334069549,                                nan,           299.9978266,            300.1606359,                      0,            17152.34678,             16958.83654,                       0,      0.8952983078,      0.5513436301,                 0,                 0,                 0,      0.4383171871,      0.3780782169,      0.9811196259,                 0,      0.6158211462
        1718,     0.06100537289,      -6.335275632,      -3.689104279,     -0.9086360905,                         6,      -4.226165982,               3,      -4.135936397,   1.425946097e-08,   6.051674564e-06,      0.6952851723,       6.199232436,       5.769897163,         0.7070483104,         -0.7072589547,                     0,      0.4363215529,       0.686887121,                 0,       288.9939936,       274.2702225,                 0,       15049.44265,        12365.36822,                  0,        0.1814103015,         0.1570624275,                    0,          301408.4149,           301573.4823,                     0,           118.2855594,           -136.7700932,                      0,        118.2855591,         136.7093786,                   0,                90.10600053,                 182.3775149,                           0,            -6.177912626e-09,             -0.0008876375908,                          nan,                      0.7617667047,                        1.334052694,                                nan,           299.9975265,            300.1618213,                      0,            17152.26262,             16959.12632,                       0,      0.8952672928,      0.5513375586,                 0,                 0,                 0,      0.4382937308,      0.3780572245,      0.9810960014,                 0,      0.6158356985
        1719,     0.06098828058,      -6.346357929,      -3.695162057,     -0.9241955144,                         7,      -4.356706008,               4,      -4.949578575,   1.711172308e-08,   7.261941091e-06,      0.8343422067,       7.439078923,       6.923876596,          0.707100558,         -0.7072857508,                     0,      0.4363655154,      0.6869080023,                 0,       288.9914821,       274.2700026,                 0,       15048.97156,        12365.37365,                  0,        0.1814061993,         0.1570626181,                    0,          301408.0235,           301574.8606,                     0,           118.2969752,           -136.7753697,                      0,        118.2969749,         136.7145108,                   0,                90.11467236,                 182.3819025,                           0,            -6.430963428e-09,             -0.0008897121119,                          nan,                      0.7617664988,                        1.334034707,                                nan,            299.997137,            300.1631931,                      0,            17152.16944,             16959.45786,                       0,      0.8952275904,      0.5513294039,                 0,                 0,                 0,      0.4382637097,       0.378030584,      0.9810654554,                 0,      0.6158539011
        1720,     0.06097217339,       -6.35517352,      -3.700378248,     -0.9350351528,                         8,      -4.415371887,               4,      -4.535131248,   2.053459821e-08,   8.714218605e-06,       1.001210648,       8.926894708,       8.308651915,         0.7071654047,         -0.7073154103,                     0,      0.4364183286,      0.6869315907,                 0,       288.9885489,       274.2697568,                 0,       15048.43235,        12365.37728,                  0,        0.1814015407,         0.1570627992,                    0,           301407.641,           301576.4223,                     0,           118.3108625,           -136.7812348,                      0,         118.310862,         136.7202181,                   0,                90.12489801,                 182.3869309,                           0,            -7.453411111e-09,             -0.0008919814222,                          nan,                       0.761763514,                        1.334015799,                                nan,           299.9967562,            300.1647474,                      0,            17152.08799,             16959.82929,                       0,      0.8951776987,      0.5513187673,                 0,                 0,                 0,      0.4382258997,      0.3779973422,      0.9810267605,                 0,      0.6158763428
        1721,     0.06095752753,      -6.364880966,      -3.704025297,     -0.9454291447,                         9,      -4.403199105,               4,      -4.141995359,   2.464227642e-08,   1.045689135e-05,       1.201452778,       10.71227365,       9.970382298,         0.7072438177,         -0.7073474702,                     0,      0.4364810159,       0.686957837,                 0,       288.9851882,        274.269472,                 0,       15047.82138,        12365.37639,                  0,        0.1813962852,         0.1570629444,                    0,          301407.3133,           301578.1486,                     0,           118.3274095,           -136.7876223,                      0,         118.327409,         136.7264336,                   0,                90.13700314,                 182.3926239,                           0,            -8.956381525e-09,             -0.0008944525369,                          nan,                      0.7617592905,                        1.333996793,                                nan,           299.9964301,            300.1664657,                      0,            17152.02448,             16960.23612,                       0,      0.8951160699,      0.5513050401,                 0,                 0,                 0,      0.4381790565,      0.3779566366,      0.9809784945,                 0,      0.6159034103
        1722,     0.06094590685,      -6.374022128,      -3.705733826,     -0.9542916991,                        10,      -4.331085845,               5,      -4.630799195,   2.957181222e-08,   1.254801925e-05,       1.441743333,       12.85472838,       11.96445876,         0.7073358607,         -0.7073810001,                     0,      0.4365542587,      0.6869865092,                 0,       288.9813598,        274.269144,                 0,       15047.12812,         12365.3688,                  0,        0.1813903311,         0.1570630285,                    0,          301407.0335,           301580.0174,                     0,           118.3466938,           -136.7943787,                      0,        118.3466932,         136.7330009,                   0,                 90.1512522,                 182.3989976,                           0,            -1.058030663e-08,             -0.0008971717125,                          nan,                      0.7617555654,                        1.333979335,                                nan,           299.9961516,            300.1683258,                      0,            17151.97381,             16960.67191,                       0,      0.8950410071,      0.5512873404,                 0,                 0,                 0,      0.4381218976,      0.3779076519,      0.9809189277,                 0,       0.615935288
        1723,     0.06093534681,      -6.374492952,      -3.705775029,     -0.9518828062,                        10,      -3.845306891,               5,      -4.206611556,   3.548770685e-08,   1.505727484e-05,          1.730092,       15.42567406,       14.35735051,         0.7074415064,         -0.7074149108,                     0,      0.4366385244,      0.6870171755,                 0,       288.9769946,       274.2688046,                 0,       15046.34011,        12365.35616,                  0,        0.1813835718,         0.1570630549,                    0,          301406.7532,           301582.0305,                     0,           118.3687809,           -136.8012975,                      0,        118.3687802,          136.739709,                   0,                90.16779227,                 182.4060421,                           0,            -1.218565404e-08,             -0.0009002050225,                          nan,                      0.7617531592,                        1.333965411,                                nan,           299.9958726,            300.1703294,                      0,            17151.92655,             16961.13252,                       0,      0.8949503652,      0.5512645927,                 0,                 0,                 0,      0.4380528839,      0.3778493336,      0.9808459046,                 0,      0.6159722529
        1724,     0.06092312846,      -6.357479132,      -3.705181304,     -0.9275886356,                        10,      -3.426521426,               6,      -4.689378538,   4.258741103e-08,    1.80682647e-05,         2.0761104,       18.51080887,       17.22882061,         0.7075615643,         -0.7074486077,                     0,      0.4367344261,      0.6870492817,                 0,       288.9719815,       274.2685273,                 0,       15045.44317,         12365.3459,                  0,        0.1813759056,         0.1570630755,                    0,           301406.388,           301584.2268,                     0,           118.3938732,           -136.8082237,                      0,        118.3938723,         136.7463999,                   0,                90.18665507,                 182.4136794,                           0,            -1.407001182e-08,             -0.0009035985863,                          nan,                      0.7617510374,                        1.333955991,                                nan,           299.9955091,            300.1725155,                      0,            17151.87274,             16961.61993,                       0,      0.8948413807,      0.5512356705,                 0,                 0,                 0,      0.4379698282,      0.3777801657,      0.9807568543,                 0,      0.6160149524
        1725,     0.06091080614,      -6.328525867,      -3.704906223,     -0.8894442196,                        10,      -3.063067741,               6,      -4.253129754,   5.110793456e-08,   2.168130836e-05,        2.49133248,       22.21297064,       20.67458473,         0.7076983295,         -0.7074824872,                     0,      0.4368433193,      0.6870822755,                 0,       288.9661598,       274.2683907,                 0,       15044.41754,        12365.34751,                  0,        0.1813671953,         0.1570631662,                    0,          301405.8394,           301586.6515,                     0,           118.4224451,           -136.8151676,                      0,        118.4224441,         136.7530843,                   0,                90.20791113,                 182.4217129,                           0,            -1.687585394e-08,             -0.0009073440529,                          nan,                      0.7617467433,                        1.333949533,                                nan,           299.9949631,            300.1749288,                      0,            17151.80364,             16962.13904,                       0,      0.8947113578,       0.551199462,                 0,                 0,                 0,      0.4378697882,       0.377698678,      0.9806492591,                 0,      0.6160640045
        1726,     0.06089800469,      -6.304752738,      -3.705029851,     -0.8581498249,                        10,      -2.733857291,               7,       -4.59885735,   6.133378886e-08,   2.601676456e-05,       0.249133248,       2.221297064,       2.067458473,         0.7078553308,         -0.7075178552,                     0,      0.4369676676,      0.6871157169,                 0,       288.9593698,       274.2684284,                 0,       15043.23994,        12365.36573,                  0,        0.1813572602,         0.1570633671,                    0,          301405.0662,           301589.3082,                     0,           118.4552065,            -136.822339,                      0,        118.4552052,         136.7599769,                   0,                90.23194588,                 182.4298237,                           0,            -2.147173828e-08,             -0.0009113711831,                          nan,                      0.7617389691,                         1.33394161,                                nan,           299.9941935,            300.1775731,                      0,            17151.71763,             16962.68966,                       0,      0.8945591881,      0.5511550177,                 0,                 0,                 0,      0.4377497812,      0.3776045637,      0.9805216917,                 0,      0.6161191177
        1727,     0.06087655411,      -6.293825181,      -3.705053852,     -0.8413373481,                         4,      -4.615406865,               3,      -5.797653243,   6.133877677e-09,   2.601585189e-06,      0.2989598976,       2.665556477,       2.480950168,         0.7078940533,         -0.7075266482,                     0,      0.4369899633,      0.6871231001,                 0,       288.9598281,       274.2684289,                 0,       15043.33885,        12365.35653,                  0,        0.1813581651,         0.1570632466,                    0,          301406.6756,           301589.8755,                     0,           118.4610952,           -136.8242021,                      0,        118.4610939,         136.7618084,                   0,                90.23694864,                 182.4314554,                           0,            -2.076827743e-08,             -0.0009118186065,                          nan,                       0.761743334,                        1.333935677,                                nan,           299.9957953,            300.1781377,                      0,            17152.05575,             16962.78897,                       0,      0.8945506472,      0.5511538614,                 0,                 0,                 0,      0.4377427411,      0.3775984704,      0.9805155963,                 0,      0.6161237076
        1728,     0.06085529445,      -6.315496837,      -3.709723658,     -0.8707751265,                         4,      -4.188102232,               3,      -5.404808995,   7.360712322e-09,   3.121886287e-06,      0.3587518771,       3.198667772,       2.977140202,         0.7079299805,         -0.7075370351,                     0,      0.4370137817,      0.6871318832,                 0,       288.9597833,       274.2684504,                 0,       15043.33118,         12365.3511,                  0,        0.1813581006,         0.1570631627,                    0,          301407.8376,           301590.5765,                     0,           118.4671491,           -136.8263704,                      0,         118.467148,         136.7639283,                   0,                  90.242377,                 182.4334265,                           0,            -1.899054469e-08,             -0.0009125126467,                          nan,                       0.761750228,                        1.333929412,                                nan,            299.996952,            300.1788354,                      0,            17152.28774,             16962.91618,                       0,      0.8945393858,      0.5511518491,                 0,                 0,                 0,      0.4377335258,      0.3775907317,      0.9805071713,                 0,      0.6161292145
        1729,     0.06083497734,      -6.339461361,      -3.713585649,     -0.9031582378,                         5,      -4.715398342,               3,      -5.023804686,   8.832940092e-09,   3.746240371e-06,      0.4305022525,       3.838401327,       3.572568242,         0.7079640585,         -0.7075491657,                     0,       0.437039785,      0.6871422519,                 0,       288.9591755,        274.268492,                 0,        15043.2057,        12365.34937,                  0,        0.1813569694,         0.1570631147,                    0,          301408.5233,            301591.425,                     0,           118.4735905,           -136.8288768,                      0,        118.4735895,         136.7663678,                   0,                90.24828605,                 182.4357851,                           0,            -1.654039217e-08,             -0.0009134732949,                          nan,                      0.7617586877,                        1.333922865,                                nan,           299.9976344,              300.17968,                      0,            17152.40752,             16963.07419,                       0,       0.894524334,      0.5511484591,                 0,                 0,                 0,      0.4377212895,      0.3775808127,      0.9804953534,                 0,      0.6161357921
        1730,     0.06081504754,      -6.362826487,      -3.717953863,     -0.9351782623,                         5,      -4.242943754,               3,      -4.655654556,   1.059965132e-08,   4.495454302e-06,       0.516602703,       4.606081592,        4.28708189,         0.7079985674,         -0.7075631193,                     0,      0.4370690394,      0.6871543555,                 0,        288.957983,       274.2685497,                 0,       15042.96238,        12365.35042,                  0,        0.1813547844,         0.1570630929,                    0,          301408.7641,           301592.4289,                     0,           118.4807924,           -136.8317455,                      0,        118.4807916,         136.7691514,                   0,                90.25477622,                 182.4385714,                           0,            -1.401708227e-08,             -0.0009146963731,                          nan,                      0.7617671608,                        1.333916088,                                nan,           299.9978741,            300.1806792,                      0,             17152.4258,             16963.26408,                       0,      0.8945042221,      0.5511431391,                 0,                 0,                 0,      0.4377050192,      0.3775680381,      0.9804789339,                 0,      0.6161436977
        1731,     0.06079632483,      -6.381143535,      -3.723389384,     -0.9607128932,                         6,      -4.520092265,               3,      -4.301320749,   1.271975959e-08,    5.39449418e-06,      0.6199232436,        5.52729791,       5.144498268,         0.7080368965,         -0.7075788926,                     0,       0.437102949,      0.6871682827,                 0,       288.9562314,       274.2686181,                 0,       15042.61286,        12365.35268,                  0,          0.18135167,         0.1570630797,                    0,          301408.6582,           301593.5893,                     0,           118.4892412,           -136.8349888,                      0,        118.4892405,         136.7722934,                   0,                 90.2620096,                 182.4418098,                           0,            -1.203658517e-08,             -0.0009161558733,                          nan,                      0.7617738895,                        1.333909122,                                nan,           299.9977687,            300.1818341,                      0,            17152.37007,             16963.48499,                       0,       0.894477679,      0.5511354298,                 0,                 0,                 0,      0.4376836053,      0.3775515954,      0.9804567165,                 0,      0.6161533627
        1732,     0.06077821806,      -6.391906867,      -3.729516557,     -0.9752583375,                         6,      -4.047858824,               4,       -5.16490117,   1.526396861e-08,   6.473316203e-06,      0.7439078923,       6.632757492,       6.173397922,         0.7080828154,         -0.7075964069,                     0,      0.4371430568,      0.6871840439,                 0,       288.9539839,       274.2686924,                 0,       15042.17613,        12365.35436,                  0,        0.1813478153,          0.157063055,                    0,          301408.3497,           301594.9019,                     0,           118.4994443,           -136.8386057,                      0,        118.4994436,          136.775795,                   0,                90.27021447,                  182.445505,                           0,            -1.103134439e-08,             -0.0009178149318,                          nan,                      0.7617775384,                        1.333901989,                                nan,           299.9974617,            300.1831406,                      0,            17152.27759,             16963.73455,                       0,      0.8944433668,      0.5511250652,                 0,                 0,                 0,      0.4376559262,      0.3775305818,       0.980427679,                 0,      0.6161654115
        1733,     0.06076088552,      -6.397585934,      -3.735492443,     -0.9811576722,                         7,      -4.173985191,               4,      -4.737302973,   1.831713321e-08,   7.767863877e-06,      0.8926894708,       7.959308991,       7.408077506,           0.70813945,         -0.7076154971,                     0,      0.4371907589,      0.6872015633,                 0,       288.9513159,       274.2687695,                 0,       15041.67039,        12365.35399,                  0,        0.1813433926,         0.1570630013,                    0,          301407.9883,           301596.3573,                     0,           118.5118126,           -136.8425759,                      0,        118.5118119,         136.7796382,                   0,                90.27966854,                 182.4496411,                           0,            -1.111451808e-08,             -0.0009196430695,                          nan,                        0.76177781,                        1.333894748,                                nan,            299.997102,            300.1845891,                      0,            17152.18322,             16964.00945,                       0,       0.894400121,      0.5511119569,                 0,                 0,                 0,       0.437620917,      0.3775041244,      0.9803910452,                 0,      0.6161805483
        1734,     0.06074483487,      -6.403342161,      -3.740703627,     -0.9854310236,                         8,        -4.2277388,               4,      -4.331330675,   2.198109357e-08,   9.321265409e-06,       1.071227365,       9.551170789,       8.889693008,         0.7082084872,         -0.7076358303,                     0,        0.43724706,       0.687220668,                 0,       288.9482791,       274.2688468,                 0,       15041.10502,         12365.3504,                  0,        0.1813384823,         0.1570629056,                    0,          301407.6791,           301597.9392,                     0,           118.5265759,           -136.8468457,                      0,        118.5265752,         136.7837698,                   0,                90.29065694,                 182.4541874,                           0,            -1.204308586e-08,              -0.000921634774,                          nan,                       0.761775634,                        1.333887695,                                nan,           299.9967942,            300.1861637,                      0,            17152.10785,             16964.30538,                       0,      0.8943471074,       0.551096067,                 0,                 0,                 0,      0.4375776347,      0.3774715826,      0.9803462796,                 0,      0.6161993061
        1735,     0.06073078566,      -6.411762006,      -3.744927821,      -0.992446315,                         9,      -4.209157224,               5,      -4.868072778,   2.637807765e-08,   1.118527165e-05,       1.285472838,       11.46140495,       10.66763161,         0.7082900908,          -0.707656802,                     0,       0.437312479,       0.687241067,                 0,       288.9448811,       274.2689262,                 0,       15040.47817,        12365.34287,                  0,        0.1813330573,         0.1570627577,                    0,          301407.4564,            301599.627,                     0,           118.5437797,           -136.8513098,                      0,         118.543779,         136.7880823,                   0,                90.30341491,                 182.4591036,                           0,            -1.330940635e-08,             -0.0009238189013,                          nan,                      0.7617727029,                        1.333881582,                                nan,           299.9965725,            300.1878435,                      0,            17152.05463,             16964.61684,                       0,      0.8942839631,      0.5510772811,                 0,                 0,                 0,      0.4375253355,       0.377432737,      0.9802930712,                 0,      0.6162218085
        1736,     0.06071768509,      -6.419472435,      -3.748067717,     -0.9988971218,                        10,      -4.138283351,               5,      -4.430642592,   3.165478592e-08,   1.342198225e-05,       1.542567406,       13.75368594,       12.80115793,         0.7083835921,         -0.7076776026,                     0,      0.4373871422,        0.68726234,                 0,       288.9410861,        274.269026,                 0,       15039.78085,        12365.33214,                  0,        0.1813270318,         0.1570625572,                    0,          301407.2895,           301601.4081,                     0,           118.5633686,           -136.8558173,                      0,        118.5633677,         136.7924215,                   0,                90.31807112,                 182.4643374,                           0,            -1.443034903e-08,             -0.0009262460018,                          nan,                      0.7617704595,                        1.333877531,                                nan,           299.9964064,            300.1896163,                      0,            17152.01463,             16964.93852,                       0,      0.8942108121,      0.5510554383,                 0,                 0,                 0,      0.4374635147,      0.3773877839,      0.9802313672,                 0,      0.6162477917
        1737,     0.06070500006,      -6.417041573,      -3.750275414,     -0.9930204962,                        10,      -3.674089323,               5,      -4.025469463,   3.798729531e-08,    1.61059165e-05,       1.851080887,       16.50442312,       15.36138952,         0.7084885412,         -0.7076976049,                     0,      0.4374710511,      0.6872839739,                 0,       288.9368237,       274.2691931,                 0,       15039.00254,         12365.3222,                  0,        0.1813203228,         0.1570623279,                    0,          301407.1053,           301603.2948,                     0,           118.5853218,           -136.8602297,                      0,        118.5853209,         136.7966468,                   0,                90.33462314,                 182.4698039,                           0,            -1.533984495e-08,             -0.0009289500803,                          nan,                      0.7617690152,                        1.333876291,                                nan,           299.9962231,            300.1914942,                      0,            17151.97587,             16965.26809,                       0,      0.8941280964,      0.5510305413,                 0,                 0,                 0,      0.4373917957,       0.377337073,      0.9801614375,                 0,      0.6162769557
        1738,     0.06069262243,      -6.398219134,      -3.752087513,     -0.9667934267,                        10,      -3.275514157,               6,      -4.502851864,   4.558694781e-08,   1.932649548e-05,       2.221297064,       19.80530775,       18.43366742,         0.7086055464,         -0.7077168744,                     0,      0.4375645059,      0.6873054551,                 0,       288.9319932,       274.2694905,                 0,        15038.1323,        12365.31953,                  0,        0.1813128618,         0.1570621161,                    0,          301406.8141,           301605.3172,                     0,           118.6097867,           -136.8645162,                      0,        118.6097857,          136.800729,                   0,                90.35300337,                 182.4753485,                           0,            -1.650689907e-08,             -0.0009319043763,                          nan,                      0.7617668547,                        1.333877018,                                nan,           299.9959332,            300.1935071,                      0,            17151.92897,             16965.60664,                       0,       0.894036444,      0.5510029615,                 0,                 0,                 0,      0.4373097033,       0.377280879,      0.9800839582,                 0,      0.6163092849
        1739,     0.06068008937,      -6.372166621,       -3.75394167,     -0.9318827905,                        10,      -2.926210101,               6,      -4.089669499,   5.470742265e-08,   2.319101499e-05,       2.221297064,       19.80530775,       18.43366742,         0.7087363886,         -0.7077363007,                     0,      0.4376685052,      0.6873263508,                 0,       288.9264867,       274.2699546,                 0,        15037.1583,        12365.32841,                  0,        0.1813045738,         0.1570619552,                    0,          301406.3545,           301607.4821,                     0,            118.637111,           -136.8688075,                      0,        118.6371099,         136.8048061,                   0,                90.37327038,                 182.4807199,                           0,            -1.866138433e-08,             -0.0009350043844,                          nan,                      0.7617622381,                        1.333876529,                                nan,           299.9954758,            300.1956619,                      0,            17151.87059,             16965.95333,                       0,      0.8939368878,      0.5509735454,                 0,                 0,                 0,      0.4372166454,      0.3772195105,      0.9800002286,                 0,      0.6163450159
        1740,      0.0606673695,      -6.352470327,       -3.75591578,     -0.9042821123,                        10,      -2.961997167,               6,      -4.090495131,   5.471102765e-08,   2.319017271e-05,       2.221297064,       19.80530775,       18.43366742,         0.7088690809,         -0.7077562056,                     0,      0.4377721027,      0.6873457211,                 0,       288.9213291,       274.2705158,                 0,       15036.26718,        12365.34398,                  0,        0.1812970658,         0.1570618237,                    0,          301406.2394,           301609.6336,                     0,           118.6642371,           -136.8731306,                      0,        118.6642359,         136.8089343,                   0,                90.39371921,                 182.4855134,                           0,            -2.140237998e-08,              -0.000937820672,                          nan,                       0.761760429,                        1.333871318,                                nan,           299.9953612,            300.1978034,                      0,            17151.90283,             16966.28487,                       0,      0.8938486218,      0.5509490911,                 0,                 0,                 0,      0.4371302376,      0.3771641162,      0.9799272877,                 0,      0.6163785206
        1741,     0.06065465735,      -6.350835224,      -3.760110649,     -0.8985591279,                        10,      -2.973818528,               6,      -4.091811623,   5.471455958e-08,   2.318934747e-05,       2.221297064,       19.80530775,       18.43366742,         0.7089990821,         -0.7077768408,                     0,      0.4378743406,      0.6873638174,                 0,       288.9163445,       274.2710872,                 0,       15035.40141,        12365.35515,                  0,        0.1812897545,         0.1570616305,                    0,          301406.2368,           301611.6964,                     0,           118.6907862,           -136.8776101,                      0,        118.6907848,         136.8132401,                   0,                90.41423364,                 182.4896947,                           0,            -2.417765133e-08,             -0.0009403267033,                          nan,                      0.7617628766,                        1.333859899,                                nan,           299.9953587,            300.1998564,                      0,            17151.95039,             16966.59005,                       0,      0.8937701117,      0.5509289768,                 0,                 0,                 0,      0.4370496064,      0.3771138525,      0.9798637111,                 0,      0.6164101592
        1742,     0.06064182765,       -6.35696949,      -3.765928593,     -0.9020330575,                        10,      -2.974847039,               6,      -4.093627615,   5.471803196e-08,   2.318852337e-05,       2.221297064,       19.80530775,       18.43366742,         0.7091251954,         -0.7077976197,                     0,      0.4379746815,      0.6873806601,                 0,       288.9115291,       274.2716247,                 0,       15034.55239,        12365.35632,                  0,         0.181282539,         0.1570613299,                    0,          301406.3153,           301613.6229,                     0,           118.7166238,           -136.8821712,                      0,        118.7166222,         136.8176496,                   0,                90.43468649,                 182.4933064,                           0,            -2.676163691e-08,             -0.0009425101803,                          nan,                      0.7617693698,                        1.333843309,                                nan,           299.9954367,             300.201774,                      0,            17151.99802,             16966.86144,                       0,      0.8937005056,      0.5509131181,                 0,                 0,                 0,      0.4369743922,      0.3770680929,      0.9798089154,                 0,      0.6164404234
        1743,      0.0606295953,      -6.362729721,      -3.772113307,     -0.9055735537,                        10,      -2.975017405,               6,      -4.095963831,   5.472145539e-08,   2.318769448e-05,       2.221297064,       19.80530775,       18.43366742,         0.7092468545,          -0.707817544,                     0,      0.4380723533,      0.6873961047,                 0,       288.9069316,       274.2721233,                 0,       15033.72741,        12365.34696,                  0,        0.1812754762,         0.1570609179,                    0,          301406.4863,           301615.3967,                     0,           118.7416176,           -136.8866244,                      0,        118.7416159,         136.8219731,                   0,                90.45483816,                 182.4964288,                           0,            -2.885850514e-08,             -0.0009443731373,                          nan,                       0.761778737,                        1.333823981,                                nan,            299.995607,            300.2035395,                      0,            17152.04619,             16967.09605,                       0,      0.8936398288,      0.5509018742,                 0,                 0,                 0,      0.4369047312,      0.3770266398,      0.9797632017,                 0,      0.6164696967
        1744,     0.06061839347,      -6.366911444,      -3.777579949,     -0.9079746358,                        10,      -2.976024505,               6,       -4.09883038,   5.472483712e-08,   2.318686493e-05,       2.221297064,       19.80530775,       18.43366742,         0.7093634329,         -0.7078356007,                     0,      0.4381664017,      0.6874099168,                 0,       288.9025886,       274.2726055,                 0,       15032.93444,        12365.33018,                  0,        0.1812686396,         0.1570604212,                    0,          301406.7394,           301617.0244,                     0,           118.7656143,           -136.8907519,                      0,        118.7656125,         136.8259921,                   0,                90.47436886,                 182.4991393,                           0,            -3.016777406e-08,             -0.0009459296063,                          nan,                      0.7617892667,                        1.333804612,                                nan,           299.9958589,            300.2051596,                      0,            17152.09433,              16967.2946,                       0,      0.8935887204,      0.5508957795,                 0,                 0,                 0,      0.4368410337,      0.3769896777,      0.9797273825,                 0,       0.616498135
        1745,     0.06060662772,       -6.37102112,       -3.78213567,     -0.9108323674,                        10,       -2.97630475,               6,      -4.102163102,    5.47281822e-08,   2.318604463e-05,       2.221297064,       19.80530775,       18.43366742,         0.7094743419,         -0.7078510153,                     0,      0.4382559646,      0.6874218453,                 0,       288.8985132,       274.2731045,                 0,       15032.17898,        12365.31055,                  0,        0.1812620871,         0.1570598789,                    0,          301407.0444,           301618.5236,                     0,           118.7884774,           -136.8943723,                      0,        118.7884756,         136.8295238,                   0,                90.49297904,                 182.5014856,                           0,            -3.057821374e-08,             -0.0009471999706,                          nan,                      0.7617993127,                        1.333787333,                                nan,           299.9961625,            300.2066517,                      0,            17152.13994,             16967.45963,                       0,      0.8935479403,       0.550895308,                 0,                 0,                 0,      0.4367837347,       0.376957524,      0.9797022951,                 0,      0.6165257432
        1746,      0.0606000028,      -6.375272722,      -3.786230433,     -0.9141629435,                        10,      -2.975659195,               6,      -4.106062483,    5.47314951e-08,   2.318524375e-05,       2.221297064,       19.80530775,       18.43366742,         0.7095791177,         -0.7078633409,                     0,      0.4383404211,      0.6874316822,                 0,       288.8947091,       274.2736496,                 0,       15031.46512,         12365.2921,                  0,        0.1812558659,         0.1570593254,                    0,          301407.3733,           301619.9106,                     0,           118.8100978,           -136.8973716,                      0,         118.810096,         136.8324529,                   0,                90.51046414,                 182.5034805,                           0,             -3.02033375e-08,             -0.0009482041142,                          nan,                      0.7618078529,                         1.33377336,                                nan,           299.9964898,            300.2080322,                      0,             17152.1814,             16967.59363,                       0,      0.8935179302,      0.5509007299,                 0,                 0,                 0,      0.4367331209,      0.3769303661,      0.9796884224,                 0,      0.6165525182
        1747,     0.06059162386,      -6.378858967,      -3.790282098,     -0.9168355753,                        10,       -2.97504324,               6,       -4.11058868,   5.473478122e-08,   2.318446881e-05,       2.221297064,       19.80530775,       18.43366742,         0.7096773391,         -0.7078724269,                     0,        0.43841935,      0.6874392952,                 0,       288.8911841,       274.2742576,                 0,       15030.79705,        12365.27723,                  0,        0.1812500216,         0.1570587817,                    0,          301407.7128,           301621.1941,                     0,           118.8303751,           -136.8997043,                      0,        118.8303734,          136.834733,                   0,                90.52672276,                 182.5051107,                           0,            -2.926304343e-08,             -0.0009489556883,                          nan,                       0.761814679,                        1.333763048,                                nan,           299.9968277,            300.2093097,                      0,            17152.21917,             16967.69792,                       0,      0.8934986451,      0.5509120737,                 0,                 0,                 0,      0.4366892744,      0.3769081512,      0.9796857595,                 0,      0.6165785216
        1748,     0.06058136392,      -6.381153943,      -3.794351968,      -0.917973961,                        10,      -2.975256579,               6,      -4.115819978,   5.473804763e-08,   2.318372172e-05,       2.221297064,       19.80530775,       18.43366742,         0.7097685129,         -0.7078783281,                     0,      0.4384924034,      0.6874446341,                 0,       288.8879551,       274.2749311,                 0,       15030.17943,        12365.26653,                  0,        0.1812445998,         0.1570582536,                    0,          301408.0625,           301622.3731,                     0,           118.8491965,           -136.9013765,                      0,        118.8491948,         136.8363699,                   0,                90.54171474,                 182.5063516,                           0,            -2.794547593e-08,             -0.0009494590557,                          nan,                      0.7618201781,                        1.333756162,                                nan,           299.9971758,            300.2104832,                      0,            17152.25504,             16967.77256,                       0,      0.8934896977,       0.550929173,                 0,                 0,                 0,      0.4366521257,      0.3768906717,      0.9796939396,                 0,      0.6166038338
        1749,     0.06056980103,      -6.381869586,      -3.798212458,     -0.9171844776,                        10,      -2.976731464,               6,      -4.121816615,   5.474130299e-08,   2.318300123e-05,       2.221297064,       19.80530775,       18.43366742,         0.7098520475,         -0.7078812108,                     0,      0.4385592107,      0.6874477138,                 0,       288.8850441,       274.2756618,                 0,       15029.61708,         12365.2593,                  0,        0.1812396448,         0.1570577369,                    0,          301408.4267,           301623.4397,                     0,           118.8664336,           -136.9024233,                      0,         118.866432,         136.8373991,                   0,                90.55540963,                 182.5071791,                           0,            -2.634492624e-08,             -0.0009497094666,                          nan,                      0.7618249165,                        1.333752178,                                nan,           299.9975383,            300.2115448,                      0,            17152.29073,             16967.81676,                       0,      0.8934906848,      0.5509517632,                 0,                 0,                 0,      0.4366215649,      0.3768777676,      0.9797125076,                 0,      0.6166284356
        1750,     0.06056319486,      -6.381001635,      -3.801528953,     -0.9145139751,                        10,      -2.979538643,               6,      -4.128535732,   5.474455688e-08,   2.318230525e-05,       2.221297064,       19.80530775,       18.43366742,         0.7099273299,         -0.7078812834,                     0,      0.4386193673,       0.687448587,                 0,       288.8824717,       274.2764358,                 0,        15029.1142,        12365.25429,                  0,        0.1812351946,         0.1570572238,                    0,          301408.8058,           301624.3821,                     0,           118.8819586,           -136.9028905,                      0,        118.8819571,          136.837867,                   0,                90.56775661,                 182.5075744,                           0,            -2.448377534e-08,             -0.0009496959528,                          nan,                      0.7618292869,                        1.333750506,                                nan,           299.9979156,            300.2124828,                      0,            17152.32691,             16967.82954,                       0,      0.8935014996,      0.5509795755,                 0,                 0,                 0,      0.4365975555,      0.3768695165,      0.9797411851,                 0,      0.6166520993
        1751,     0.06130394338,      -6.379029368,      -3.804017996,     -0.9106215179,                        10,      -2.983135952,               6,       -4.13601036,   5.474781864e-08,   2.318163277e-05,       2.221297064,       19.80530775,       18.43366742,         0.7099938449,         -0.7078787608,                     0,       0.438672492,      0.6874473173,                 0,       288.8802507,        274.277238,                 0,        15028.6738,        12365.25036,                  0,        0.1812312771,         0.1570567085,                    0,          301409.1938,           301625.1884,                     0,           118.8956666,           -136.9028232,                      0,        118.8956653,         136.8378196,                   0,                90.57868464,                 182.5075235,                           0,            -2.237115493e-08,             -0.0009494056057,                          nan,                      0.7618333641,                        1.333750597,                                nan,           299.9983018,            300.2132853,                      0,            17152.36311,              16967.8102,                       0,      0.8935224604,      0.5510123843,                 0,                 0,                 0,      0.4365801941,      0.3768663084,      0.9797799857,                 0,      0.6166743521
        1752,     0.06129078711,      -6.376834661,      -3.805558973,     -0.9066116703,                        10,      -2.986471231,               6,       -4.14415677,   5.475109632e-08,   2.318098446e-05,       2.221297064,       19.80530775,       18.43366742,         0.7100512674,         -0.7078738547,                     0,      0.4387183036,      0.6874439627,                 0,        288.878385,       274.2780556,                 0,       15028.29737,         12365.2468,                  0,        0.1812279083,         0.1570561892,                    0,          301409.5804,            301625.849,                     0,           118.9074926,           -136.9022622,                      0,        118.9074914,         136.8372984,                   0,                90.58812277,                 182.5070144,                           0,            -2.004823008e-08,             -0.0009488276386,                          nan,                      0.7618369686,                        1.333751956,                                nan,           299.9986866,            300.2139428,                      0,             17152.3982,             16967.75863,                       0,      0.8935542136,      0.5510499933,                 0,                 0,                 0,      0.4365696985,      0.3768687768,      0.9798291447,                 0,      0.6166945272
        1753,     0.06127872007,      -6.375235702,      -3.806222753,     -0.9034790495,                        10,      -2.988546913,               6,      -4.152850924,   5.475439585e-08,   2.318036226e-05,       2.221297064,       19.80530775,       18.43366742,         0.7100994905,         -0.7078667804,                     0,      0.4387566717,      0.6874385715,                 0,       288.8768707,       274.2788794,                 0,       15027.98508,        12365.24345,                  0,        0.1812250923,         0.1570556692,                    0,          301409.9546,            301626.357,                     0,           118.9174156,           -136.9012456,                      0,        118.9174145,          136.836342,                   0,                90.59602358,                 182.5060343,                           0,            -1.759800694e-08,             -0.0009479559201,                          nan,                      0.7618398361,                        1.333754115,                                nan,           299.9990591,            300.2144485,                      0,              17152.431,             16967.67525,                       0,      0.8935974576,      0.5510921615,                 0,                 0,                 0,      0.4365663255,      0.3768776227,      0.9798888938,                 0,      0.6167118727
        1754,     0.06126630587,      -6.374624766,      -3.806203493,     -0.9017114073,                        10,      -2.988879624,               6,        -4.1620444,    5.47577208e-08,   2.317976849e-05,       2.221297064,       19.80530775,       18.43366742,           0.71013859,         -0.7078577691,                     0,      0.4387876211,      0.6874311887,                 0,       288.8756996,        274.279703,                 0,       15027.73609,        12365.24051,                  0,        0.1812228244,         0.1570551548,                    0,          301410.3092,           301626.7089,                     0,           118.9254513,           -136.8998124,                      0,        118.9254504,         136.8349894,                   0,                90.60237698,                 182.5045695,                           0,            -1.512725967e-08,             -0.0009467896124,                          nan,                      0.7618417815,                        1.333756595,                                nan,            299.999412,            300.2147987,                      0,            17152.46081,             16967.56104,                       0,       0.893652626,      0.5511385214,                 0,                 0,                 0,      0.4365702574,      0.3768934141,      0.9799592033,                 0,      0.6167256777
        1755,     0.06125419579,       -6.37497404,      -3.805711083,     -0.9013055183,                        10,      -2.987535803,               6,      -4.171737367,   5.476107265e-08,   2.317920507e-05,       2.221297064,       19.80530775,       18.43366742,         0.7101687559,         -0.7078470791,                     0,      0.4388112965,      0.6874218676,                 0,       288.8748624,       274.2805215,                 0,       15027.54908,         12365.2384,                  0,        0.1812210944,          0.157054654,                    0,          301410.6417,           301626.9033,                     0,           118.9316381,           -136.8980061,                      0,        118.9316373,         136.8332837,                   0,                90.60721002,                  182.502607,                           0,            -1.274090577e-08,             -0.0009453321183,                          nan,                      0.7618427868,                        1.333758878,                                nan,           299.9997429,            300.2149922,                      0,            17152.48757,             16967.41733,                       0,      0.8937196532,      0.5511885278,                 0,                 0,                 0,      0.4365814974,      0.3769164292,      0.9800395998,                 0,      0.6167353777
        1756,     0.06124097336,      -6.376051249,      -3.804896767,     -0.9020049264,                        10,      -2.984899578,               6,      -4.181679061,   5.476445148e-08,   2.317867329e-05,       2.221297064,       19.80530775,       18.43366742,         0.7101902212,          -0.707835003,                     0,      0.4388279089,      0.6874106808,                 0,       288.8743508,       274.2813305,                 0,       15027.42257,        12365.23752,                  0,        0.1812198897,         0.1570541744,                    0,          301410.9541,           301626.9409,                     0,           118.9360232,           -136.8958772,                      0,        118.9360226,         136.8312752,                   0,                90.61057596,                 182.5001359,                           0,            -1.052471044e-08,               -0.00094358909,                          nan,                      0.7618429977,                        1.333760397,                                nan,           300.0000539,            300.2150296,                      0,            17152.51172,             16967.24577,                       0,      0.8937978892,        0.55124147,                 0,                 0,                 0,      0.4365998049,      0.3769465816,       0.980129124,                 0,      0.6167406263
        1757,     0.06122778908,      -6.377613561,      -3.803836286,     -0.9035140467,                        10,      -2.981430098,               6,      -4.191891662,   5.476785691e-08,   2.317817398e-05,       2.221297064,       19.80530775,       18.43366742,          0.710203215,         -0.7078218656,                     0,      0.4388376876,      0.6873977259,                 0,       288.8741578,       274.2821243,                 0,       15027.35515,        12365.23813,                  0,        0.1812191977,         0.1570537224,                    0,          301411.2509,           301626.8228,                     0,           118.9386532,           -136.8934837,                      0,        118.9386526,         136.8290214,                   0,                90.61253949,                   182.49715,                           0,            -8.540686491e-09,             -0.0009415665657,                          nan,                      0.7618426599,                        1.333760544,                                nan,           300.0003493,            300.2149121,                      0,            17152.53398,             16967.04818,                       0,      0.8938861635,      0.5512965451,                 0,                 0,                 0,       0.436624685,      0.3769834265,       0.980226428,                 0,      0.6167413342
        1758,     0.06121496003,      -6.379498179,      -3.802549226,     -0.9056056426,                        10,      -2.977519168,               6,      -4.202767494,   5.477128889e-08,   2.317770787e-05,       2.221297064,       19.80530775,       18.43366742,          0.710207945,         -0.7078080134,                     0,      0.4388408505,      0.6873831238,                 0,       288.8742771,       274.2828959,                 0,       15027.34546,        12365.24025,                  0,         0.181219006,         0.1570533027,                    0,          301411.5365,           301626.5505,                     0,           118.9395708,           -136.8908893,                      0,        118.9395704,         136.8265855,                   0,                90.61316432,                 182.4936474,                           0,            -6.830888077e-09,             -0.0009392698977,                          nan,                      0.7618420346,                         1.33375869,                                nan,           300.0006335,             300.214641,                      0,            17152.55502,             16966.82643,                       0,      0.8939829453,      0.5513529673,                 0,                 0,                 0,       0.436655425,      0.3770262227,       0.980329959,                 0,      0.6167376796
        1759,      0.0612017408,      -6.381635389,      -3.801033413,      -0.908145955,                        10,      -2.973443143,               6,      -4.214033878,   5.477474834e-08,   2.317727595e-05,       2.221297064,       19.80530775,       18.43366742,         0.7102046067,         -0.7077937966,                     0,      0.4388375982,      0.6873670105,                 0,       288.8747016,       274.2836364,                 0,       15027.39211,        12365.24373,                  0,        0.1812193023,          0.157052918,                    0,          301411.8137,           301626.1247,                     0,           118.9388171,           -136.8881599,                      0,        118.9388168,          136.824033,                   0,                90.61250645,                 182.4896301,                           0,            -5.423153482e-09,             -0.0009367037329,                          nan,                      0.7618413308,                         1.33375421,                                nan,           300.0009095,            300.2142172,                      0,            17152.57526,             16966.58232,                       0,      0.8940865281,      0.5514100679,                 0,                 0,                 0,      0.4366911579,      0.3770740178,      0.9804381509,                 0,      0.6167300933
        1760,     0.06118899347,      -6.384027296,      -3.799289056,     -0.9110798721,                        10,       -2.96936778,               6,      -4.225653715,   5.477823737e-08,   2.317687962e-05,       2.221297064,       19.80530775,       18.43366742,         0.7101934067,         -0.7077795467,                     0,      0.4388281237,      0.6873495256,                 0,       288.8754224,       274.2843363,                 0,        15027.4935,        12365.24823,                  0,        0.1812200728,         0.1570525699,                    0,          301412.0831,           301625.5453,                     0,           118.9364356,           -136.8853588,                      0,        118.9364353,         136.8214271,                   0,                90.61061337,                 182.4851031,                           0,            -4.334810511e-09,             -0.0009338728911,                          nan,                      0.7618406683,                        1.333746526,                                nan,           300.0011776,            300.2136405,                      0,            17152.59484,             16966.31754,                       0,      0.8941951864,      0.5514673589,                 0,                 0,                 0,      0.4367309355,      0.3771257348,      0.9805495701,                 0,      0.6167192212
        1761,     0.06117625675,      -6.386715214,      -3.797334211,     -0.9143994109,                        10,      -2.965379329,               6,      -4.237710012,   5.478175918e-08,   2.317652057e-05,       2.221297064,       19.80530775,       18.43366742,         0.7101745881,         -0.7077655549,                     0,      0.4388126312,      0.6873308012,                 0,        288.876428,       274.2849855,                 0,       15027.64768,        12365.25337,                  0,        0.1812213012,         0.1570522588,                    0,          301412.3431,           301624.8115,                     0,           118.9324777,           -136.8825426,                      0,        118.9324775,         136.8188237,                   0,                90.60752744,                 182.4800729,                           0,            -3.573751961e-09,              -0.000930783723,                          nan,                       0.761840074,                        1.333735139,                                nan,           300.0014363,            300.2129102,                      0,            17152.61362,             16966.03352,                       0,      0.8943072741,      0.5515245437,                 0,                 0,                 0,       0.436773792,      0.3771802444,       0.980662983,                 0,       0.616705868
        1762,     0.06116356835,      -6.389750185,      -3.795215536,      -0.918112521,                        10,      -2.961521446,               6,      -4.250183883,   5.478531768e-08,   2.317620051e-05,       2.221297064,       19.80530775,       18.43366742,         0.7101484488,         -0.7077520564,                     0,      0.4387913532,      0.6873109526,                 0,       288.8777041,       274.2855748,                 0,       15027.85229,        12365.25874,                  0,        0.1812229682,         0.1570519851,                    0,          301412.5906,           301623.9221,                     0,           118.9270062,           -136.8797577,                      0,         118.927006,         136.8162687,                   0,                90.60329091,                  182.474547,                           0,            -3.138316829e-09,             -0.0009274454702,                          nan,                       0.761839501,                        1.333719657,                                nan,           300.0016827,            300.2120249,                      0,            17152.63126,              16965.7315,                       0,      0.8944212751,      0.5515814827,                 0,                 0,                 0,      0.4368187944,      0.3772364248,      0.9807773597,                 0,       0.616690924
        1763,     0.06115030249,      -6.393174934,      -3.793009705,     -0.9222235418,                        10,      -2.957821581,               6,      -4.263127419,   5.478891703e-08,     2.3175921e-05,       2.221297064,       19.80530775,       18.43366742,         0.7101153501,         -0.7077392247,                     0,      0.4387645631,      0.6872900748,                 0,       288.8792339,       274.2860967,                 0,       15028.10454,        12365.26404,                  0,        0.1812250504,         0.1570517493,                    0,           301412.822,            301622.876,                     0,           118.9200969,           -136.8770387,                      0,        118.9200967,         136.8137957,                   0,                90.59795079,                 182.4685338,                           0,            -3.017448735e-09,             -0.0009238712468,                          nan,                      0.7618388593,                        1.333699813,                                nan,            300.001913,            300.2109837,                      0,            17152.64736,             16965.41253,                       0,      0.8945358073,      0.5516381298,                 0,                 0,                 0,       0.436865072,      0.3772932046,      0.9808918261,                 0,      0.6166752916
        1764,     0.06113776176,       -6.39701797,      -3.790815595,     -0.9267279793,                        10,      -2.954301054,               6,      -4.276634522,   5.479256106e-08,    2.31756832e-05,       2.221297064,       19.80530775,       18.43366742,         0.7100757153,          -0.707727176,                     0,      0.4387325799,      0.6872682428,                 0,       288.8809985,       274.2865452,                 0,       15028.40124,        12365.26911,                  0,        0.1812275213,         0.1570515526,                    0,          301413.0341,           301621.6727,                     0,           118.9118381,           -136.8744093,                      0,        118.9118379,         136.8114273,                   0,                90.59156232,                 182.4620421,                           0,            -3.191766629e-09,             -0.0009200784464,                          nan,                      0.7618380467,                        1.333675452,                                nan,           300.0021241,             300.209786,                      0,            17152.66152,             16965.07758,                       0,      0.8946496145,      0.5516944744,                 0,                 0,                 0,      0.4369118335,       0.377349591,      0.9810056126,                 0,      0.6166598246
        1765,      0.0611253436,      -6.401290228,      -3.788748183,     -0.9316115436,                        10,      -2.950977625,               6,      -4.290670216,   5.479625294e-08,   2.317548782e-05,       2.221297064,       19.80530775,       18.43366742,         0.7100300198,         -0.7077159822,                     0,       0.438695766,      0.6872455173,                 0,       288.8829778,       274.2869166,                 0,       15028.73891,        12365.27392,                  0,        0.1812303515,          0.157051397,                    0,          301413.2242,           301620.3127,                     0,           118.9023289,           -136.8718844,                      0,        118.9023287,         136.8091767,                   0,                90.58419053,                  182.455082,                           0,            -3.635285073e-09,             -0.0009160885588,                          nan,                       0.761836976,                        1.333646517,                                nan,           300.0023133,            300.2084324,                      0,            17152.67346,              16964.7276,                       0,      0.8947615525,      0.5517504983,                 0,                 0,                 0,      0.4369583713,      0.3774046849,      0.9811180112,                 0,      0.6166452914
        1766,     0.06111209338,      -6.405979933,      -3.786926916,     -0.9368482356,                        10,      -2.947866783,               6,         -4.305238,   5.479999488e-08,   2.317533512e-05,       2.221297064,       19.80530775,       18.43366742,         0.7099787785,         -0.7077056875,                     0,        0.43865452,      0.6872219513,                 0,       288.8851506,       274.2872084,                 0,       15029.11385,        12365.27856,                  0,        0.1812335097,         0.1570512848,                    0,          301413.3906,           301618.7978,                     0,           118.8916762,           -136.8694735,                      0,         118.891676,         136.8070518,                   0,                90.57591026,                  182.447665,                           0,            -4.317164071e-09,             -0.0009119265151,                          nan,                      0.7618355912,                        1.333613016,                                nan,            300.002479,            300.2069246,                      0,            17152.68299,              16964.3636,                       0,      0.8948705783,       0.551806163,                 0,                 0,                 0,       0.437004059,      0.3774576798,      0.9812283595,                 0,      0.6166323672
        1767,     0.06109897562,      -6.411044972,      -3.785464784,     -0.9423946341,                        10,      -2.944985599,               6,      -4.320345979,   5.480378811e-08,   2.317522491e-05,       2.221297064,       19.80530775,       18.43366742,         0.7099225297,         -0.7076963243,                     0,      0.4386092667,      0.6871975976,                 0,       288.8874957,       274.2874192,                 0,       15029.52225,        12365.28316,                  0,        0.1812369633,         0.1570512186,                    0,           301413.533,           301617.1307,                     0,           118.8799917,           -136.8671841,                      0,        118.8799914,         136.8050583,                   0,                90.56680464,                  182.439804,                           0,            -5.203108389e-09,             -0.0009076197426,                          nan,                       0.761833876,                        1.333574988,                                nan,           300.0026207,            300.2052653,                      0,            17152.69008,             16963.98667,                       0,      0.8949757449,      0.5518614211,                 0,                 0,                 0,      0.4370483445,      0.3775078513,      0.9813360455,                 0,      0.6166216506
        1768,     0.06108612436,      -6.416408346,      -3.784458334,     -0.9481849678,                        10,      -2.942357638,               6,        -4.3359414,    5.48076329e-08,   2.317515664e-05,       2.221297064,       19.80530775,       18.43366742,         0.7098618218,         -0.7076879242,                     0,      0.4385604459,       0.687172515,                 0,        288.889992,       274.2875477,                 0,       15029.96027,        12365.28786,                  0,        0.1812406792,         0.1570512008,                    0,          301413.6516,           301615.3147,                     0,           118.8673889,           -136.8650239,                      0,        118.8673886,         136.8032019,                   0,                90.55696279,                 182.4315145,                           0,            -6.256372198e-09,             -0.0009031971272,                          nan,                      0.7618318522,                         1.33353249,                                nan,           300.0027387,            300.2034579,                      0,            17152.69485,             16963.59796,                       0,      0.8950761912,      0.5519162381,                 0,                 0,                 0,      0.4370907385,      0.3775545353,      0.9814405203,                 0,      0.6166136956
        1769,     0.06107335113,      -6.421960586,      -3.783980272,     -0.9541304562,                        10,      -2.940014345,               6,      -4.352084606,   5.481152874e-08,   2.317512942e-05,       2.221297064,       19.80530775,       18.43366742,         0.7097972003,         -0.7076805223,                     0,       0.438508501,      0.6871467715,                 0,       288.8926188,       274.2875925,                 0,       15030.42414,        12365.29271,                  0,        0.1812446247,         0.1570512329,                    0,          301413.7476,            301613.354,                     0,           118.8539807,           -136.8630021,                      0,        118.8539803,         136.8014897,                   0,                90.54647704,                 182.4228141,                           0,             -7.43861428e-09,             -0.0008986880426,                          nan,                      0.7618295729,                        1.333485582,                                nan,           300.0028343,            300.2015063,                      0,            17152.69746,             16963.19872,                       0,      0.8951711323,      0.5519706186,                 0,                 0,                 0,      0.4371308024,      0.3775971044,      0.9815413118,                 0,      0.6166090468
        1770,     0.06106049785,      -6.427573027,       -3.78407665,     -0.9601277503,                        10,       -2.93798983,               6,      -4.368900675,   5.481547457e-08,   2.317514209e-05,       2.221297064,       19.80530775,       18.43366742,         0.7097291985,         -0.7076741565,                     0,      0.4384538694,      0.6871204451,                 0,       288.8953564,       274.2875517,                 0,       15030.91018,        12365.29768,                  0,        0.1812487681,         0.1570513157,                    0,          301413.8227,           301611.2526,                     0,           118.8398774,           -136.8611289,                      0,        118.8398769,           136.79993,                   0,                90.53544002,                 182.4137239,                           0,            -8.710840382e-09,              -0.000894121555,                          nan,                      0.7618271103,                        1.333434337,                                nan,            300.002909,            300.1994147,                      0,            17152.69817,             16962.79019,                       0,      0.8952598401,      0.5520246185,                 0,                 0,                 0,      0.4371681344,      0.3776349459,      0.9816380231,                 0,      0.6166082669
        1771,     0.06104786755,      -6.433117388,      -3.784770327,     -0.9660733596,                        10,       -2.93630924,               6,      -4.386241135,   5.481946882e-08,   2.317519326e-05,       2.221297064,       19.80530775,       18.43366742,           0.70965833,         -0.7076688622,                     0,       0.438396974,      0.6870936226,                 0,       288.8981859,        274.287423,                 0,       15031.41486,        12365.30268,                  0,        0.1812530786,         0.1570514493,                    0,          301413.8787,           301609.0151,                     0,           118.8251852,           -136.8594148,                      0,        118.8251846,         136.7985312,                   0,                90.52394212,                 182.4042682,                           0,            -1.003449834e-08,             -0.0008895258408,                          nan,                      0.7618245445,                         1.33337885,                                nan,           300.0029647,            300.1971877,                      0,            17152.69726,             16962.37369,                       0,      0.8953416306,      0.5520783482,                 0,                 0,                 0,      0.4372023613,      0.3776674484,      0.9817303278,                 0,      0.6166119493
        1772,      0.0610350947,      -6.438485187,      -3.786067081,     -0.9718788951,                        10,      -2.934978468,               6,        -4.4042066,    5.48235096e-08,   2.317528137e-05,       2.221297064,       19.80530775,       18.43366742,         0.7095850838,         -0.7076646682,                     0,      0.4383382177,      0.6870663972,                 0,       288.9010894,       274.2872041,                 0,       15031.93486,        12365.30758,                  0,        0.1812575271,         0.1570516332,                    0,          301413.9175,           301606.6463,                     0,           118.8100051,            -136.857869,                      0,        118.8100044,         136.7973009,                   0,                90.51206949,                 182.3944749,                           0,             -1.13726446e-08,             -0.0008849279739,                          nan,                      0.7618219521,                        1.333319252,                                nan,           300.0030034,            300.1948301,                      0,            17152.69501,             16961.95054,                       0,      0.8954158546,      0.5521319648,                 0,                 0,                 0,      0.4372331332,      0.3776940005,      0.9818179572,                 0,      0.6166207154
        1773,     0.06102192368,      -6.443601595,      -3.787961717,     -0.9774827443,                        10,      -2.933976335,               6,       -4.42273268,   5.482759471e-08,   2.317540476e-05,       2.221297064,       19.80530775,       18.43366742,         0.7095099218,         -0.7076615937,                     0,      0.4382779789,      0.6870388664,                 0,       288.9040502,       274.2868931,                 0,         15032.467,        12365.31226,                  0,        0.1812620862,         0.1570518672,                    0,           301413.941,           301604.1522,                     0,           118.7944325,           -136.8564989,                      0,        118.7944318,         136.7962445,                   0,                90.49990259,                 182.3843754,                           0,            -1.269103422e-08,             -0.0008803537638,                          nan,                      0.7618193987,                        1.333255719,                                nan,           300.0030268,            300.1923476,                      0,            17152.69164,              16961.5222,                       0,      0.8954818948,      0.5521856574,                 0,                 0,                 0,       0.437260125,      0.3777139967,      0.9819006878,                 0,      0.6166352001
        1774,     0.06100995442,      -6.448429408,      -3.790444776,     -0.9828544759,                        10,      -2.933255004,               6,      -4.441762173,   5.483172169e-08,    2.31755617e-05,       2.221297064,       19.80530775,       18.43366742,         0.7094332775,         -0.7076596502,                     0,      0.4382166106,      0.6870111308,                 0,       288.9070527,       274.2864889,                 0,       15033.00835,        12365.31667,                  0,        0.1812667299,         0.1570521511,                    0,          301413.9509,           301601.5392,                     0,           118.7785571,           -136.8553097,                      0,        118.7785563,         136.7953658,                   0,                90.48751556,                 182.3740043,                           0,            -1.395897609e-08,             -0.0008758278043,                          nan,                       0.761816934,                        1.333188469,                                nan,           300.0030366,            300.1897469,                      0,            17152.68738,             16961.09022,                       0,      0.8955391775,      0.5522396322,                 0,                 0,                 0,       0.437283044,      0.3777268555,      0.9819783361,                 0,      0.6166560281
        1775,     0.06099807725,      -6.452963761,      -3.793504241,     -0.9879918386,                        10,      -2.932747436,               6,      -4.461356999,   5.483588776e-08,   2.317575041e-05,       2.221297064,       19.80530775,       18.43366742,         0.7093555563,         -0.7076588453,                     0,      0.4381544398,       0.686983294,                 0,       288.9100821,       274.2859912,                 0,       15033.55612,        12365.32083,                  0,        0.1812714341,         0.1570524855,                    0,          301413.9484,           301598.8156,                     0,           118.7624625,           -136.8543056,                      0,        118.7624616,          136.794667,                   0,                90.47497604,                 182.3633993,                           0,             -1.51499191e-08,             -0.0008713735924,                          nan,                      0.7618145902,                        1.333117754,                                nan,           300.0030342,             300.187036,                      0,            17152.68238,             16960.65633,                       0,      0.8955871853,      0.5522940983,                 0,                 0,                 0,      0.4373016398,      0.3777320386,      0.9820507545,                 0,      0.6166837884
        1776,     0.06098533073,      -6.457220059,      -3.797127841,     -0.9929113752,                        10,      -2.932381213,               6,      -4.481288959,   5.484008987e-08,    2.31759691e-05,       2.221297064,       19.80530775,       18.43366742,         0.7092771378,         -0.7076591894,                     0,      0.4380917694,      0.6869554633,                 0,       288.9131247,       274.2854007,                 0,       15034.10772,        12365.32486,                  0,         0.181276176,         0.1570528714,                    0,          301413.9347,           301595.9904,                     0,           118.7462273,           -136.8534906,                      0,        118.7462263,         136.7941508,                   0,                90.46234555,                 182.3525998,                           0,            -1.624177082e-08,             -0.0008670136468,                          nan,                      0.7618123822,                        1.333043838,                                nan,           300.0030205,             300.184224,                      0,            17152.67675,             16960.22239,                       0,      0.8956254804,      0.5523492577,                 0,                 0,                 0,      0.4373157172,      0.3777290754,      0.9821178388,                 0,      0.6167190079
        1777,     0.06097264876,      -6.461220705,      -3.801300075,     -0.9976372123,                        10,      -2.932092479,               6,      -4.501642058,   5.484432466e-08,   2.317621591e-05,       2.221297064,       19.80530775,       18.43366742,          0.709198378,         -0.7076607012,                     0,       0.438028881,      0.6869277507,                 0,       288.9161676,       274.2847187,                 0,        15034.6607,        12365.32891,                  0,        0.1812809344,         0.1570533099,                    0,          301413.9105,           301593.0742,                     0,            118.729925,           -136.8528698,                      0,         118.729924,         136.7938209,                   0,                90.44968016,                  182.341647,                           0,            -1.721694842e-08,             -0.0008627695729,                          nan,                      0.7618103098,                        1.332966986,                                nan,           300.0029965,            300.1813214,                      0,            17152.67055,             16959.79043,                       0,      0.8956537211,       0.552405297,                 0,                 0,                 0,      0.4373251453,      0.3777175809,      0.9821795301,                 0,      0.6167621303
        1778,     0.06096013457,      -6.464984194,      -3.806000528,      -1.002190715,                        10,      -2.931836653,               6,      -4.522322714,   5.484858854e-08,   2.317648889e-05,       2.221297064,       19.80530775,       18.43366742,          0.709119614,         -0.7076634118,                     0,      0.4379660383,      0.6869002741,                 0,       288.9191981,        274.283947,                 0,       15035.21272,        12365.33314,                  0,        0.1812856889,         0.1570538022,                    0,          301413.8763,           301590.0781,                     0,           118.7136254,           -136.8524512,                      0,        118.7136243,         136.7936836,                   0,                90.43703142,                 182.3305829,                           0,            -1.806220407e-08,             -0.0008586620468,                          nan,                      0.7618083598,                        1.332887442,                                nan,           300.0029623,            300.1783394,                      0,            17152.66378,             16959.36256,                       0,      0.8956716744,      0.5524623794,                 0,                 0,                 0,      0.4373298634,       0.377697271,      0.9822358171,                 0,       0.616813499
        1779,      0.0609475177,      -6.468518688,      -3.811199484,      -1.006582433,                        10,      -2.931595561,               6,      -4.543159984,   5.485287782e-08,   2.317678599e-05,       2.221297064,       19.80530775,       18.43366742,         0.7090411681,         -0.7076673652,                     0,      0.4379034919,      0.6868731564,                 0,       288.9222044,       274.2830878,                 0,       15035.76155,        12365.33769,                  0,          0.18129042,         0.1570543487,                    0,          301413.8321,           301587.0141,                     0,           118.6973952,            -136.852245,                      0,        118.6973941,          136.793748,                   0,                90.42444742,                 182.3194497,                           0,            -1.876823796e-08,             -0.0008547107092,                          nan,                      0.7618065092,                        1.332805427,                                nan,           300.0029184,            300.1752897,                      0,            17152.65642,              16958.9409,                       0,       0.895679222,      0.5525206383,                 0,                 0,                 0,      0.4373298807,      0.3776679707,      0.9822867342,                 0,      0.6168733457
        1780,     0.06093509197,      -6.471820734,      -3.816854952,      -1.010808106,                        10,      -2.931378356,               6,      -4.564049726,   5.485718877e-08,   2.317710502e-05,       2.221297064,       19.80530775,       18.43366742,         0.7089633526,         -0.7076726163,                     0,      0.4378414832,      0.6868465249,                 0,       288.9251745,       274.2821427,                 0,       15036.30499,        12365.34264,                  0,        0.1812951087,         0.1570549495,                    0,          301413.7779,           301583.8942,                     0,           118.6812991,           -136.8522645,                      0,        118.6812979,          136.794026,                   0,                90.41197392,                 182.3082894,                           0,             -1.93291273e-08,             -0.0008509339814,                          nan,                      0.7618047284,                        1.332721133,                                nan,           300.0028644,            300.1721844,                      0,            17152.64842,             16958.52758,                       0,      0.8956763585,      0.5525801717,                 0,                 0,                 0,      0.4373252724,      0.3776296163,      0.9823323563,                 0,      0.6169417854
        1781,       0.060922461,      -6.474878304,       -3.82291577,      -1.014848475,                        10,      -2.931217581,               6,      -4.584851362,   5.486151779e-08,   2.317744366e-05,       2.221297064,       19.80530775,       18.43366742,         0.7088864743,         -0.7076792258,                     0,      0.4377802486,      0.6868205083,                 0,       288.9280966,       274.2811135,                 0,       15036.84087,        12365.34798,                  0,        0.1812997363,         0.1570556033,                    0,          301413.7134,           301580.7303,                     0,           118.6654007,           -136.8525244,                      0,        118.6653995,         136.7945312,                   0,                90.39965547,                 182.2971436,                           0,             -1.97416351e-08,             -0.0008473488298,                          nan,                      0.7618029844,                        1.332634733,                                nan,           300.0028002,            300.1690353,                      0,             17152.6397,             16958.12462,                       0,      0.8956631867,      0.5526410392,                 0,                 0,                 0,      0.4373161727,      0.3775822535,      0.9823727928,                 0,      0.6170188162
        1782,     0.06090924167,      -6.477676228,      -3.829317924,      -1.018672498,                        10,      -2.931161695,               6,      -4.605524351,   5.486586147e-08,    2.31777995e-05,       2.221297064,       19.80530775,       18.43366742,         0.7088108383,         -0.7076872551,                     0,      0.4377200235,      0.6867952346,                 0,       288.9309589,        274.280002,                 0,       15037.36704,        12365.35364,                  0,        0.1813042842,         0.1570563085,                    0,          301413.6381,           301577.5342,                     0,           118.6497631,           -136.8530402,                      0,         118.649762,          136.795278,                   0,                90.38753633,                 182.2860531,                           0,            -2.000451638e-08,             -0.0008439705093,                          nan,                      0.7618012446,                        1.332546384,                                nan,           300.0027253,            300.1658542,                      0,            17152.63018,             16957.73391,                       0,      0.8956399042,      0.5527032577,                 0,                 0,                 0,      0.4373027635,      0.3775260292,      0.9824081771,                 0,      0.6171043241
        1783,      0.0608962116,      -6.480201235,      -3.835984826,      -1.022241598,                        10,      -2.931267658,               6,       -4.62561908,   5.487021667e-08,   2.317817008e-05,       2.221297064,       19.80530775,       18.43366742,         0.7087367507,         -0.7076967614,                     0,      0.4376610444,      0.6867708275,                 0,       288.9337495,       274.2788098,                 0,       15037.88132,         12365.3595,                  0,        0.1813087337,         0.1570570625,                    0,          301413.5518,           301574.3175,                     0,           118.6344499,           -136.8538266,                      0,        118.6344487,         136.7962803,                   0,                 90.3756613,                 182.2750576,                           0,            -2.011790123e-08,             -0.0008408123224,                          nan,                      0.7617994795,                        1.332456242,                                nan,           300.0026394,            300.1626526,                      0,            17152.61977,             16957.35724,                       0,      0.8956067882,      0.5527667993,                 0,                 0,                 0,      0.4372852636,      0.3774611809,      0.9824386547,                 0,      0.6171980902
        1784,     0.06088374583,      -6.482445383,      -3.842827736,      -1.025514216,                        10,      -2.931593538,               6,      -4.644874559,   5.487458053e-08,   2.317855289e-05,       2.221297064,       19.80530775,       18.43366742,         0.7086645199,         -0.7077077942,                     0,      0.4376035509,      0.6867474047,                 0,       288.9364563,       274.2775388,                 0,       15038.38155,        12365.36544,                  0,        0.1813130663,         0.1570578625,                    0,          301413.4539,           301571.0915,                     0,           118.6195248,           -136.8548973,                      0,        118.6195236,         136.7975509,                   0,                90.36407623,                 182.2641955,                           0,            -2.008286748e-08,             -0.0008378854254,                          nan,                       0.761797666,                        1.332364464,                                nan,            300.002542,            300.1594417,                      0,            17152.60841,             16956.99625,                       0,      0.8955641837,      0.5528315913,                 0,                 0,                 0,      0.4372639194,      0.3773880269,      0.9824643772,                 0,      0.6172997998
        1785,      0.0608711888,      -6.484407196,      -3.849750621,      -1.028449792,                        10,      -2.932192878,               6,      -4.662938773,   5.487895038e-08,   2.317894548e-05,       2.221297064,       19.80530775,       18.43366742,         0.7085944562,         -0.7077203937,                     0,      0.4375477855,      0.6867250758,                 0,       288.9390675,       274.2761917,                 0,       15038.86554,        12365.37134,                  0,         0.181317263,         0.1570587057,                    0,          301413.3443,           301567.8674,                     0,           118.6050519,           -136.8562636,                      0,        118.6050507,         136.7991005,                   0,                90.35282824,                 182.2535042,                           0,            -1.990126575e-08,             -0.0008351987069,                          nan,                      0.7617957893,                        1.332271217,                                nan,           300.0024329,            300.1562326,                      0,            17152.59607,             16956.65248,                       0,      0.8955124904,      0.5528975179,                 0,                 0,                 0,      0.4372389964,      0.3773069555,      0.9824854946,                 0,      0.6174090522
        1786,     0.06085825227,      -6.486091595,      -3.856652268,      -1.031012732,                        10,      -2.933110212,               6,      -4.679405593,    5.48833237e-08,   2.317934546e-05,       2.221297064,       19.80530775,       18.43366742,         0.7085268703,         -0.7077345908,                     0,      0.4374939929,      0.6867039421,                 0,       288.9415709,       274.2747713,                 0,       15039.33112,         12365.3771,                  0,        0.1813213053,         0.1570595891,                    0,          301413.2229,           301564.6564,                     0,           118.5910954,           -136.8579348,                      0,        118.5910943,         136.8009381,                   0,                90.34196557,                 182.2430193,                           0,             -1.95757891e-08,             -0.0008327587541,                          nan,                      0.7617938441,                        1.332176678,                                nan,            300.002312,            300.1530366,                      0,            17152.58275,             16956.32738,                       0,      0.8954521529,      0.5529644222,                 0,                 0,                 0,      0.4372107739,      0.3772184154,      0.9825021514,                 0,      0.6175253702
        1787,     0.06084538121,      -6.487508336,      -3.863430696,      -1.033175252,                        10,      -2.934379051,               6,      -4.693814898,   5.488769799e-08,   2.317975057e-05,       2.221297064,       19.80530775,       18.43366742,         0.7084620703,         -0.7077504088,                     0,      0.4374424172,      0.6866840967,                 0,        288.943955,       274.2732814,                 0,       15039.77615,        12365.38268,                  0,        0.1813251747,           0.15706051,                    0,          301413.0898,           301561.4696,                     0,           118.5777189,           -136.8599185,                      0,        118.5777177,         136.8030708,                   0,                 90.3315372,                 182.2327753,                           0,            -1.911027081e-08,              -0.000830569915,                          nan,                      0.7617918351,                        1.332081029,                                nan,           300.0021796,            300.1498648,                      0,            17152.56847,             16956.02232,                       0,      0.8953836533,      0.5530321087,                 0,                 0,                 0,      0.4371795408,      0.3771229085,      0.9825144843,                 0,      0.6176482078
        1788,      0.0608332284,      -6.488672017,      -3.869985253,      -1.034921351,                        10,       -2.93601855,               6,      -4.705755681,   5.489207065e-08,   2.318015864e-05,       2.221297064,       19.80530775,       18.43366742,          0.708400358,         -0.7077678648,                     0,       0.437393299,      0.6866656251,                 0,       288.9462085,       274.2717261,                 0,       15040.19857,        12365.38808,                  0,        0.1813288533,          0.157061466,                    0,          301412.9457,           301558.3183,                     0,           118.5649844,           -136.8622202,                      0,        118.5649833,         136.8055041,                   0,                90.32159212,                 182.2228052,                           0,              -1.8510106e-08,             -0.0008286344443,                          nan,                      0.7617897766,                        1.331984458,                                nan,           300.0020361,            300.1467283,                      0,             17152.5533,             16955.73859,                       0,      0.8953075043,       0.553100345,                 0,                 0,                 0,      0.4371455928,      0.3770209836,       0.982522619,                 0,      0.6177769564
        1789,     0.06082098559,      -6.489602174,      -3.876218827,      -1.036249511,                        10,      -2.938032709,               6,      -4.714755478,   5.489643891e-08,   2.318056762e-05,       2.221297064,       19.80530775,       18.43366742,         0.7083420242,         -0.7077869709,                     0,      0.4373468717,      0.6866486059,                 0,       288.9483208,       274.2701102,                 0,       15040.59639,         12365.3933,                  0,         0.181332324,         0.1570624546,                    0,          301412.7911,           301555.2137,                     0,           118.5529518,           -136.8648446,                      0,        118.5529508,         136.8082425,                   0,                90.31217853,                 182.2131405,                           0,            -1.778270031e-08,             -0.0008269527244,                          nan,                      0.7617876902,                        1.331887152,                                nan,           300.0018823,            300.1436382,                      0,            17152.53734,             16955.47743,                       0,      0.8952242425,      0.5531688621,                 0,                 0,                 0,      0.4371092301,      0.3769132305,      0.9825266668,                 0,        0.61791095
        1790,     0.06080798409,      -6.490322991,      -3.882042331,      -1.037173312,                        10,      -2.940410847,               6,      -4.721482312,    5.49007998e-08,   2.318097557e-05,       2.221297064,       19.80530775,       18.43366742,         0.7082873446,         -0.7078077354,                     0,      0.4373033574,      0.6866331121,                 0,       288.9502821,       274.2684386,                 0,       15040.96776,        12365.39839,                  0,        0.1813355705,         0.1570634734,                    0,          301412.6272,           301552.1669,                     0,           118.5416778,           -136.8677951,                      0,        118.5416768,         136.8112896,                   0,                90.30334281,                 182.2038111,                           0,            -1.693785479e-08,              -0.000825523515,                          nan,                      0.7617856035,                        1.331789296,                                nan,           300.0017191,            300.1406056,                      0,            17152.52071,             16955.23999,                       0,      0.8951344259,      0.5532373572,                 0,                 0,                 0,      0.4370707564,      0.3768002766,       0.982526725,                 0,      0.6180494696
        1791,     0.06079541719,      -6.490862882,      -3.887375252,      -1.037720461,                        10,       -2.94313016,               6,      -4.723481173,   5.490515012e-08,   2.318138061e-05,       2.221297064,       19.80530775,       18.43366742,         0.7082365749,         -0.7078301619,                     0,      0.4372629629,      0.6866192104,                 0,       288.9520834,       274.2667167,                 0,       15041.31098,        12365.40338,                  0,        0.1813385779,         0.1570645199,                    0,           301412.455,           301549.1886,                     0,           118.5312149,           -136.8710744,                      0,        118.5312139,         136.8146483,                   0,                 90.2951286,                 182.1948458,                           0,            -1.598796662e-08,             -0.0008243442099,                          nan,                      0.7617835472,                        1.331691073,                                nan,           300.0015477,            300.1376413,                      0,            17152.50355,             16955.02731,                       0,      0.8950386238,      0.5533054911,                 0,                 0,                 0,       0.437030475,      0.3766827802,      0.9825228688,                 0,      0.6181917477
        1792,      0.0607831604,        -6.4912531,      -3.892144603,      -1.037929513,                        10,      -2.946159432,               6,      -4.722145853,   5.490948649e-08,   2.318178089e-05,       2.221297064,       19.80530775,       18.43366742,         0.7081899479,         -0.7078542493,                     0,      0.4372258766,      0.6866069624,                 0,       288.9537168,       274.2649498,                 0,       15041.62451,        12365.40829,                  0,        0.1813413326,         0.1570655911,                    0,          301412.2758,           301546.2894,                     0,           118.5216107,           -136.8746842,                      0,        118.5216098,         136.8183206,                   0,                90.28757588,                 182.1862717,                           0,            -1.494801527e-08,             -0.0008234110656,                          nan,                      0.7617815522,                        1.331592662,                                nan,           300.0013693,            300.1347557,                      0,            17152.48602,             16954.84036,                       0,      0.8949374167,      0.5533728911,                 0,                 0,                 0,      0.4369886881,      0.3765614289,      0.9825151534,                 0,      0.6183369706
        1793,     0.06077116187,      -6.491525583,      -3.896290785,      -1.037845053,                        10,      -2.949463753,               6,      -4.717854578,   5.491380543e-08,   2.318217458e-05,       2.221297064,       19.80530775,       18.43366742,         0.7081476704,         -0.7078799902,                     0,      0.4371922659,      0.6865964234,                 0,       288.9551756,       274.2631432,                 0,         15041.907,        12365.41312,                  0,        0.1813438228,         0.1570666841,                    0,           301412.091,           301543.4796,                     0,           118.5129076,           -136.8786252,                      0,        118.5129068,         136.8223073,                   0,                90.28072031,                 182.1781145,                           0,            -1.383529091e-08,             -0.0008227193758,                          nan,                      0.7617796472,                        1.331494243,                                nan,           300.0011854,             300.131959,                      0,            17152.46827,             16954.67994,                       0,      0.8948313907,      0.5534391534,                 0,                 0,                 0,      0.4369456948,      0.3764369339,      0.9825036128,                 0,      0.6184842856
        1794,     0.06075955655,      -6.491711431,      -3.899765717,      -1.037513663,                        10,      -2.953008071,               6,      -4.710163102,   5.491810343e-08,   2.318255983e-05,       2.221297064,       19.80530775,       18.43366742,         0.7081099216,         -0.7079073707,                     0,      0.4371622754,      0.6865876429,                 0,        288.956454,       274.2613026,                 0,       15042.15729,        12365.41785,                  0,         0.181346038,         0.1570677953,                    0,          301411.9019,           301540.7688,                     0,           118.5051423,           -136.8828969,                      0,        118.5051416,         136.8266084,                   0,                90.27459268,                 182.1703982,                           0,            -1.266890726e-08,             -0.0008222635788,                          nan,                      0.7617778562,                        1.331395993,                                nan,           300.0009972,            300.1292609,                      0,            17152.45042,             16954.54677,                       0,      0.8947211332,      0.5535038442,                 0,                 0,                 0,      0.4369017879,      0.3763100251,      0.9824882577,                 0,      0.6186328048
        1795,     0.06074720301,      -6.491840368,      -3.902533438,      -1.036981441,                        10,      -2.956758523,               6,      -4.699799305,   5.492237704e-08,   2.318293479e-05,       2.221297064,       19.80530775,       18.43366742,          0.708076853,         -0.7079363696,                     0,      0.4371360266,      0.6865806637,                 0,       288.9575472,       274.2594336,                 0,       15042.37442,        12365.42245,                  0,        0.1813479696,         0.1570689213,                    0,          301411.7097,           301538.1664,                     0,           118.4983457,           -136.8874974,                      0,        118.4983451,         136.8312225,                   0,                 90.2692187,                 182.1631454,                           0,            -1.146914663e-08,             -0.0008220372957,                          nan,                      0.7617761974,                        1.331298091,                                nan,           300.0008059,            300.1266707,                      0,            17152.43261,             16954.44143,                       0,      0.8946072297,      0.5535665039,                 0,                 0,                 0,      0.4368572531,      0.3761814468,      0.9824690778,                 0,      0.6187816123
        1796,     0.06073464847,       -6.49194007,      -3.904574361,      -1.036291896,                        10,      -2.960682052,               6,      -4.686895937,   5.492662296e-08,   2.318329756e-05,       2.221297064,       19.80530775,       18.43366742,         0.7080485886,         -0.7079669597,                     0,       0.437113618,      0.6865755227,                 0,       288.9584516,       274.2575418,                 0,       15042.55761,        12365.42689,                  0,        0.1813496106,         0.1570700584,                    0,          301411.5156,           301535.6814,                     0,           118.4925433,           -136.8924238,                      0,        118.4925427,         136.8361472,                   0,                90.26461898,                  182.156377,                           0,            -1.025673335e-08,             -0.0008220333157,                          nan,                      0.7617746818,                        1.331200715,                                nan,           300.0006127,            300.1241973,                      0,            17152.41493,             16954.36441,                       0,      0.8944902599,      0.5536266514,                 0,                 0,                 0,      0.4368123663,      0.3760519518,      0.9824460411,                 0,      0.6189297707
        1797,     0.06072187736,      -6.492037007,      -3.905884512,      -1.035486451,                        10,      -2.964744762,               6,      -4.671964386,   5.493083808e-08,   2.318364629e-05,       2.221297064,       19.80530775,       18.43366742,         0.7080252264,         -0.7079991084,                     0,      0.4370951264,      0.6865722505,                 0,       288.9591644,       274.2556331,                 0,       15042.70626,        12365.43113,                  0,        0.1813509552,         0.1570712028,                    0,          301411.3204,           301533.3224,                     0,           118.4877549,           -136.8976721,                      0,        118.4877543,         136.8413789,                   0,                90.26080923,                 182.1501126,                           0,            -9.052105288e-09,             -0.0008222435503,                          nan,                      0.7617733136,                        1.331104043,                                nan,           300.0004185,            300.1218494,                      0,            17152.39747,             16954.31609,                       0,       0.894370797,      0.5536837899,                 0,                 0,                 0,      0.4367673936,       0.375922297,      0.9824191001,                 0,      0.6190763291
        1798,     0.06070920372,      -6.492157453,       -3.90647737,      -1.034605501,                        10,      -2.968909293,               6,      -4.657097408,   5.493501954e-08,   2.318397914e-05,       2.221297064,       19.80530775,       18.43366742,         0.7080068404,         -0.7080327797,                     0,      0.4370806082,      0.6865708721,                 0,       288.9596837,       274.2537133,                 0,        15042.8199,        12365.43515,                  0,        0.1813519994,         0.1570723507,                    0,          301411.1251,           301531.0977,                     0,           118.4839955,           -136.9032372,                      0,        118.4839951,         136.8469132,                   0,                90.25780068,                 182.1443699,                           0,            -7.874780938e-09,             -0.0008226589866,                          nan,                       0.761772091,                        1.331008246,                                nan,           300.0002241,            300.1196351,                      0,            17152.38027,             16954.29678,                       0,      0.8942494102,      0.5537374173,                 0,                 0,                 0,      0.4367225921,      0.3757932394,      0.9823882003,                 0,      0.6192203327
        1799,     0.06069672611,      -6.492327756,      -3.906387008,      -1.033688969,                        10,      -2.973132595,               6,      -4.640905632,   5.493916473e-08,   2.318429435e-05,       2.221297064,       19.80530775,       18.43366742,         0.7079934819,         -0.7080679359,                     0,      0.4370701014,      0.6865714077,                 0,       288.9600082,       274.2517885,                 0,       15042.89825,        12365.43894,                  0,        0.1813527403,         0.1570734987,                    0,          301410.9303,           301529.0154,                     0,           118.4812758,           -136.9091138,                      0,        118.4812754,         136.8527456,                   0,                90.25560052,                 182.1391654,                           0,            -6.742865599e-09,              -0.000823269667,                          nan,                      0.7617710075,                        1.330913491,                                nan,           300.0000302,            300.1175625,                      0,            17152.36339,             16954.30674,                       0,      0.8941266625,      0.5537870328,                 0,                 0,                 0,      0.4366782089,      0.3756655304,      0.9823532844,                 0,      0.6193608311
        1800,     0.06068426208,       -6.49257558,      -3.905661466,      -1.032778331,                        10,      -2.977363009,               6,       -4.62387116,   5.494327128e-08,   2.318459026e-05,       2.221297064,       19.80530775,       18.43366742,         0.7079851816,         -0.7081045391,                     0,      0.4370636273,      0.6865738734,                 0,       288.9601375,       274.2498647,                 0,       15042.94115,        12365.44248,                  0,        0.1813531763,         0.1570746432,                    0,          301410.7366,           301527.0831,                     0,           118.4796018,           -136.9152961,                      0,        118.4796014,          136.858871,                   0,                90.25421236,                 182.1345139,                           0,            -5.672730174e-09,             -0.0008240647067,                          nan,                      0.7617700539,                        1.330819936,                                nan,           299.9998374,            300.1156392,                      0,            17152.34685,             16954.34617,                       0,      0.8940031146,      0.5538321469,                 0,                 0,                 0,      0.4366344835,      0.3755399127,      0.9823143029,                 0,      0.6194968875
        1801,     0.06137624523,      -6.492929407,      -3.904368491,      -1.031916407,                        10,      -2.981540948,               6,      -4.606516302,   5.494733709e-08,   2.318486535e-05,       2.221297064,       19.80530775,       18.43366742,         0.7079819509,         -0.7081425521,                     0,      0.4370611916,      0.6865782811,                 0,       288.9600719,       274.2479478,                 0,       15042.94857,         12365.4458,                  0,        0.1813533069,         0.1570757808,                    0,          301410.5445,           301525.3082,                     0,           118.4789757,           -136.9217785,                      0,        118.4789754,         136.8652844,                   0,                90.25363671,                 182.1304287,                           0,            -4.678844201e-09,             -0.0008250323673,                          nan,                      0.7617692204,                        1.330727726,                                nan,           299.9996462,            300.1138726,                      0,            17152.33068,             16954.41523,                       0,      0.8938793252,      0.5538722902,                 0,                 0,                 0,       0.436591647,      0.3754171151,       0.982271221,                 0,       0.619627588
        1802,     0.06136312024,      -6.493418088,      -3.902589646,      -1.031147608,                        10,      -2.985599301,               6,      -4.588802761,   5.495136028e-08,   2.318511824e-05,       2.221297064,       19.80530775,       18.43366742,         0.7079837822,         -0.7081819383,                     0,      0.4370627855,      0.6865846393,                 0,       288.9598124,       274.2460438,                 0,       15042.92061,        12365.44889,                  0,        0.1813531327,         0.1570769083,                    0,          301410.3547,           301523.6977,                     0,           118.4793958,           -136.9285551,                      0,        118.4793955,          136.871981,                   0,                90.25387124,                 182.1269219,                           0,            -3.773744206e-09,             -0.0008261601836,                          nan,                      0.7617684984,                        1.330636998,                                nan,           299.9994572,            300.1122697,                      0,            17152.31491,             16954.51402,                       0,      0.8937558528,      0.5539070225,                 0,                 0,                 0,       0.436549924,      0.3752978488,      0.9822240268,                 0,      0.6197520506
        1803,      0.0613499837,      -6.494070678,      -3.900417277,      -1.030518151,                        10,      -2.989464248,               6,      -4.571292234,   5.495533923e-08,   2.318534771e-05,       2.221297064,       19.80530775,       18.43366742,         0.7079906492,         -0.7082226613,                     0,      0.4370683861,      0.6865929524,                 0,       288.9593605,       274.2441584,                 0,       15042.85751,        12365.45177,                  0,        0.1813526556,         0.1570780224,                    0,          301410.1676,           301522.2583,                     0,           118.4808565,             -136.93562,                      0,        118.4808564,         136.8789556,                   0,                90.25491102,                 182.1240039,                           0,            -2.968058355e-09,             -0.0008274351341,                          nan,                      0.7617678821,                        1.330547878,                                nan,           299.9992711,             300.110837,                      0,            17152.29958,             16954.64258,                       0,      0.8936332575,      0.5539359416,                 0,                 0,                 0,      0.4365095325,      0.3751828028,      0.9821727398,                 0,      0.6198694341
        1804,     0.06133667296,      -6.494915758,      -3.897950894,      -1.030075575,                        10,      -2.993056862,               6,      -4.553937837,   5.495927253e-08,   2.318555271e-05,       2.221297064,       19.80530775,       18.43366742,         0.7080025066,         -0.7082646823,                     0,      0.4370779557,      0.6866032207,                 0,       288.9587189,       274.2422971,                 0,       15042.75964,        12365.45443,                  0,        0.1813518785,           0.15707912,                    0,           301409.984,           301520.9959,                     0,           118.4833484,           -136.9429669,                      0,        118.4833483,         136.8862029,                   0,                 90.2567485,                 182.1216835,                           0,            -2.270565402e-09,             -0.0008288438395,                          nan,                      0.7617673689,                        1.330460482,                                nan,           299.9990883,            300.1095805,                      0,            17152.28473,             16954.80087,                       0,      0.8935121022,      0.5539586914,                 0,                 0,                 0,      0.4364706851,      0.3750726409,      0.9821174179,                 0,      0.6199789461
        1805,     0.06132357353,      -6.495980697,      -3.895293556,      -1.029868078,                        10,      -2.996295429,               6,       -4.53675781,   5.496315908e-08,   2.318573234e-05,       2.221297064,       19.80530775,       18.43366742,         0.7080192892,         -0.7083079589,                     0,      0.4370914421,       0.686615439,                 0,       288.9578906,       274.2404654,                 0,       15042.62753,        12365.45686,                  0,        0.1813508055,         0.1570801979,                    0,          301409.8046,           301519.9158,                     0,           118.4868579,           -136.9505885,                      0,        118.4868578,         136.8937166,                   0,                90.25937346,                 182.1199678,                           0,            -1.688215567e-09,             -0.0008303727697,                          nan,                        0.76176696,                        1.330374923,                                nan,           299.9989097,            300.1085055,                      0,            17152.27043,             16954.98876,                       0,      0.8933929532,       0.553974968,                 0,                 0,                 0,       0.436433589,      0.3749679976,      0.9820581627,                 0,      0.6200798495
        1806,       0.061310957,      -6.497290547,      -3.892551573,      -1.029943185,                        10,      -2.999098497,               6,      -4.520024386,     5.4966998e-08,   2.318588585e-05,       2.221297064,       19.80530775,       18.43366742,         0.7080409111,         -0.7083524419,                     0,      0.4371087772,       0.686629596,                 0,       288.9568798,       274.2386682,                 0,       15042.46182,        12365.45903,                  0,        0.1813494422,         0.1570812528,                    0,          301409.6302,           301519.0227,                     0,            118.491367,           -136.9584764,                      0,        118.4913669,         136.9014893,                   0,                 90.2627728,                 182.1188622,                           0,            -1.226113322e-09,             -0.0008320084417,                          nan,                      0.7617666598,                        1.330291315,                                nan,           299.9987361,            300.1076165,                      0,            17152.25674,             16955.20603,                       0,      0.8932763773,      0.5539845236,                 0,                 0,                 0,      0.4363984448,       0.374869474,      0.9819951202,                 0,      0.6201714695
        1807,     0.06129936173,       -6.49886757,      -3.889824892,      -1.030346966,                        10,      -3.001387274,               6,      -4.504702468,   5.497078874e-08,   2.318601259e-05,       2.665556477,        23.7663693,       22.12040091,         0.7080672655,         -0.7083980729,                     0,      0.4371298768,       0.686645673,                 0,       288.9556914,       274.2369103,                 0,       15042.26334,        12365.46092,                  0,        0.1813477952,         0.1570822815,                    0,          301409.4615,           301518.3202,                     0,           118.4968536,           -136.9666207,                      0,        118.4968535,         136.9095117,                   0,                90.26693036,                 182.1183703,                           0,            -8.874537771e-10,             -0.0008337375935,                          nan,                      0.7617664745,                        1.330209772,                                nan,           299.9985683,            300.1069174,                      0,            17152.24374,             16955.45229,                       0,      0.8931629474,      0.5539871735,                 0,                 0,                 0,      0.4363654489,      0.3747776377,       0.981928491,                 0,       0.620253197
        1808,     0.06128722228,      -6.500731169,      -3.887210708,      -1.031123335,                        10,      -2.655600065,               6,      -4.098835133,   6.596943728e-08,   2.782333448e-05,      0.2665556477,        2.37663693,       2.212040091,         0.7081022344,         -0.7084494705,                     0,       0.437158045,      0.6866654109,                 0,       288.9539986,       274.2350406,                 0,        15041.9755,        12365.47353,                  0,        0.1813453873,           0.15708351,                    0,          301409.1257,           301517.7765,                     0,           118.5042791,           -136.9757371,                      0,        118.5042791,         136.9184889,                   0,                90.27230298,                 182.1185848,                           0,             -6.60813626e-10,             -0.0008357141084,                          nan,                      0.7617640786,                        1.330124122,                                nan,            299.998234,            300.1063762,                      0,            17152.20031,             16955.76927,                       0,      0.8930297836,      0.5539795545,                 0,                 0,                 0,      0.4363283862,      0.3746763265,      0.9818417345,                 0,       0.620337154
        1809,     0.06126722403,      -6.493346255,      -3.880385869,      -1.020208545,                         4,      -4.480956345,               2,       -4.21781459,   6.597472056e-09,   2.782340894e-06,      0.3198667772,       2.851964316,       2.654448109,         0.7081112337,         -0.7084585724,                     0,      0.4371635253,      0.6866695006,                 0,       288.9541838,       274.2345596,                 0,       15042.00898,        12365.43689,                  0,        0.1813456748,         0.1570833195,                    0,          301409.5971,           301517.5574,                     0,           118.5055974,           -136.9777008,                      0,        118.5055973,         136.9204313,                   0,                 90.2737332,                 182.1185382,                           0,            -5.981085627e-10,             -0.0008360125478,                          nan,                      0.7617676737,                        1.330104912,                                nan,           299.9987032,            300.1061581,                      0,            17152.29391,             16955.77987,                       0,      0.8930217142,      0.5539773149,                 0,                 0,                 0,      0.4363260818,      0.3746712647,       0.981835063,                 0,      0.6203402516
        1810,     0.06124663435,      -6.505688069,      -3.887135257,      -1.038614301,                         4,      -4.071677111,               3,      -5.649910313,   7.917030523e-09,   3.338816441e-06,      0.3838401327,       3.422357179,        3.18533773,         0.7081194521,         -0.7084701382,                     0,      0.4371693971,      0.6866743782,                 0,       288.9542218,       274.2340673,                 0,       15042.01172,        12365.41203,                  0,        0.1813456839,         0.1570832855,                    0,          301409.9348,           301517.3865,                     0,           118.5069668,           -136.9800199,                      0,        118.5069667,           136.92272,                   0,                90.27525372,                 182.1185353,                           0,            -5.507170275e-10,             -0.0008364419111,                          nan,                      0.7617717018,                        1.330082657,                                nan,           299.9990393,             300.105988,                      0,             17152.3564,             16955.81889,                       0,      0.8930111536,      0.5539752986,                 0,                 0,                 0,      0.4363231826,      0.3746640858,      0.9818270595,                 0,      0.6203453298
        1811,     0.06122681109,      -6.519814537,      -3.893897737,      -1.059011743,                         5,      -4.577517151,               3,      -5.272400798,   9.500528792e-09,   4.006589119e-06,      0.4606081592,       4.106828615,       3.822405276,         0.7081273263,         -0.7084844207,                     0,      0.4371759175,      0.6866802402,                 0,       288.9540934,       274.2335446,                 0,       15041.98058,        12365.39775,                  0,        0.1813453892,         0.1570834036,                    0,          301410.1319,           301517.2582,                     0,           118.5084772,           -136.9827496,                      0,        118.5084771,          136.925409,                   0,                90.27688309,                 182.1186041,                           0,            -5.313020024e-10,             -0.0008370197768,                          nan,                      0.7617757419,                         1.33005704,                                nan,           299.9992355,            300.1058604,                      0,            17152.38683,             16955.88771,                       0,      0.8929973273,      0.5539735975,                 0,                 0,                 0,      0.4363195183,      0.3746541182,      0.9818173277,                 0,      0.6203530297
        1812,     0.06120700866,       -6.53523644,      -3.900757634,      -1.080895323,                         5,      -4.122758657,               3,      -4.907948021,   1.140076712e-08,   4.807918296e-06,       0.552729791,       4.928194338,       4.586886332,         0.7081356901,         -0.7085015807,                     0,      0.4371834826,      0.6866872981,                 0,       288.9537898,       274.2329702,                 0,       15041.91544,        12365.39159,                  0,        0.1813447944,         0.1570836547,                    0,          301410.1992,           301517.1654,                     0,           118.5102656,           -136.9859388,                      0,        118.5102656,         136.9285466,                   0,                90.27866046,                 182.1187831,                           0,            -5.525616631e-10,             -0.0008377536535,                          nan,                      0.7617792437,                         1.33002787,                                nan,           299.9993025,            300.1057679,                      0,            17152.38905,              16955.9862,                       0,      0.8929793417,      0.5539721141,                 0,                 0,                 0,       0.436314871,      0.3746407101,      0.9818052487,                 0,      0.6203638631
        1813,     0.06118867255,      -6.550411339,      -3.907468335,      -1.102256302,                         6,       -4.39579623,               3,      -4.557342759,   1.368111117e-08,    5.76951465e-06,      0.6632757492,       5.913833205,       5.504263598,         0.7081456815,         -0.7085217216,                     0,      0.4371926079,      0.6866957775,                 0,        288.953313,       274.2323267,                 0,       15041.81891,        12365.39075,                  0,        0.1813439298,         0.1570840129,                    0,          301410.1652,           301517.1064,                     0,           118.5125027,           -136.9896302,                      0,        118.5125027,         136.9321757,                   0,                90.28065244,                 182.1191242,                           0,            -6.141003261e-10,             -0.0008386389614,                          nan,                      0.7617816717,                        1.329995111,                                nan,           299.9992686,            300.1057092,                      0,            17152.37124,             16956.11389,                       0,      0.8929562215,       0.553970496,                 0,                 0,                 0,        0.43630898,      0.3746232991,      0.9817899509,                 0,      0.6203781133
        1814,     0.06117146457,      -6.563670845,      -3.913431169,      -1.120470463,                         7,      -4.539108763,               3,      -4.221238653,    1.64176073e-08,   6.923430107e-06,      0.7959308991,       7.096599846,       6.605116318,         0.7081585228,         -0.7085449321,                     0,      0.4372038768,      0.6867059301,                 0,       288.9526716,        274.231604,                 0,       15041.69468,        12365.39286,                  0,        0.1813428346,         0.1570844538,                    0,          301410.0683,           301517.0892,                     0,           118.5153676,           -136.9938607,                      0,        118.5153675,         136.9363344,                   0,                 90.2829559,                 182.1196988,                           0,            -6.949588682e-10,             -0.0008396608747,                          nan,                      0.7617826936,                        1.329958915,                                nan,           299.9991722,            300.1056922,                      0,            17152.34353,             16956.27134,                       0,      0.8929269516,      0.5539681191,                 0,                 0,                 0,      0.4363015577,      0.3746014561,      0.9817703229,                 0,      0.6203957872
        1815,     0.06115447335,        -6.5746259,      -3.917833209,      -1.134174913,                         7,      -4.054111342,               4,      -4.979033017,   1.970152191e-08,   8.308125911e-06,      0.9551170789,       8.515919815,       7.926139581,         0.7081752633,         -0.7085712543,                     0,      0.4372178773,      0.6867180383,                 0,       288.9518713,       274.2307956,                 0,       15041.54507,        12365.39606,                  0,        0.1813415332,          0.157084957,                    0,          301409.9443,           301517.1286,                     0,           118.5190198,           -136.9986544,                      0,        118.5190197,         136.9410479,                   0,                 90.2856942,                 182.1206032,                           0,            -7.598182084e-10,              -0.000840802097,                          nan,                      0.7617823233,                        1.329919743,                                nan,           299.9990488,            300.1057313,                      0,             17152.3145,             16956.46021,                       0,      0.8928905356,      0.5539641084,                 0,                 0,                 0,      0.4362923244,      0.3745749186,      0.9817450649,                 0,      0.6204165979
        1816,     0.06113918376,      -6.583934184,      -3.919869633,      -1.143580224,                         8,      -4.100710943,               4,      -4.579890343,   2.364238984e-08,   9.969754686e-06,       1.146140495,       10.21910378,       9.511367497,         0.7081966256,         -0.7086005442,                     0,      0.4372351585,      0.6867323919,                 0,       288.9509056,       274.2298931,                 0,       15041.36898,        12365.39827,                  0,        0.1813400163,         0.1570855012,                    0,          301409.8144,           301517.2373,                     0,           118.5235864,           -137.0040012,                      0,        118.5235863,         136.9463064,                   0,                90.28900675,                 182.1219615,                           0,            -7.774300093e-10,             -0.0008420571072,                          nan,                      0.7617809211,                        1.329878594,                                nan,           299.9989195,            300.1058395,                      0,            17152.28846,             16956.68204,                       0,      0.8928460972,      0.5539573599,                 0,                 0,                 0,      0.4362810821,      0.3745436585,      0.9817127674,                 0,      0.6204399186
        1817,     0.06112522162,      -6.590638305,      -3.918974461,      -1.147718984,                         9,      -4.084897627,               4,      -4.201369731,   2.837167409e-08,   1.196369932e-05,       1.375368594,       12.26292453,         11.413641,         0.7082230639,         -0.7086323453,                     0,      0.4372562309,      0.6867492297,                 0,       288.9497513,       274.2288895,                 0,       15041.16165,        12365.39737,                  0,        0.1813382411,         0.1570860636,                    0,          301409.6803,           301517.4257,                     0,           118.5291714,            -137.009835,                      0,        118.5291713,         136.9520426,                   0,                90.29303402,                 182.1239184,                           0,             -7.42652051e-10,             -0.0008434463773,                          nan,                      0.7617790034,                        1.329837182,                                nan,            299.998786,             300.106027,                      0,            17152.26514,             16956.93756,                       0,      0.8927930335,      0.5539465057,                 0,                 0,                 0,      0.4362678269,      0.3745080252,      0.9816719773,                 0,      0.6204646373
        1818,     0.06111273689,      -6.590182622,       -3.91511792,      -1.142262846,                        10,      -4.015978921,               5,      -4.652423991,   3.404715979e-08,   1.435641967e-05,       1.650442312,       14.71550944,        13.6963692,         0.7082550099,         -0.7086660088,                     0,      0.4372816135,      0.6867686887,                 0,       288.9483689,       274.2277969,                 0,       15040.91587,        12365.39326,                  0,        0.1813361455,         0.1570866358,                    0,           301409.527,           301517.7177,                     0,           118.5358877,           -137.0160429,                      0,        118.5358877,         136.9581401,                   0,                90.29790283,                 182.1266195,                           0,            -6.918625672e-10,             -0.0008450184504,                          nan,                       0.761776915,                        1.329797699,                                nan,           299.9986335,            300.1063177,                      0,            17152.24156,             16957.22878,                       0,      0.8927311342,      0.5539298384,                 0,                 0,                 0,      0.4362528549,      0.3744688861,      0.9816212085,                 0,      0.6204889884
        1819,     0.06110018549,      -6.577556199,      -3.909140078,      -1.123121002,                        10,      -3.567117402,               5,      -4.243058022,   4.085823044e-08,   1.722766756e-05,       1.980530775,       17.65861133,       16.43564304,         0.7082932025,          -0.708701148,                     0,      0.4373119475,      0.6867908257,                 0,       288.9466997,       274.2266615,                 0,       15040.62254,        12365.39032,                  0,        0.1813336566,         0.1570872472,                    0,          301409.3262,            301518.169,                     0,           118.5439069,           -137.0225313,                      0,        118.5439068,         136.9645016,                   0,                90.30372377,                 182.1301791,                           0,            -6.953564391e-10,             -0.0008468306057,                          nan,                      0.7617744868,                        1.329761924,                                nan,           299.9984336,            300.1067669,                      0,            17152.21385,             16957.56278,                       0,      0.8926605951,      0.5539051289,                 0,                 0,                 0,      0.4362368154,      0.3744277478,      0.9815588069,                 0,      0.6205103395
        1820,     0.06108791796,      -6.554260788,      -3.902579623,      -1.093460542,                        10,      -3.178089546,               6,      -4.671335398,   4.903220459e-08,   2.067314241e-05,        2.37663693,       21.19033359,       19.72277164,         0.7083389875,         -0.7087382057,                     0,      0.4373482002,      0.6868157406,                 0,       288.9446607,       274.2255512,                 0,       15040.26958,        12365.39669,                  0,        0.1813306808,         0.1570879624,                    0,          301409.0403,           301518.8624,                     0,           118.5535152,           -137.0293334,                      0,        118.5535152,          136.971158,                   0,                90.31062938,                 182.1346454,                           0,            -8.240090832e-10,             -0.0008489126984,                          nan,                      0.7617709965,                        1.329729908,                                nan,            299.998149,             300.107457,                      0,            17152.17802,             16957.95243,                       0,      0.8925820901,      0.5538693395,                 0,                 0,                 0,      0.4362208392,      0.3743869872,      0.9814827643,                 0,      0.6205248185
        1821,     0.06107508897,       -6.52871914,       -3.89672284,      -1.062820518,                        10,      -2.838509317,               6,      -4.248893561,   5.884194797e-08,   2.480767466e-05,       0.237663693,       2.119033359,       1.972277164,         0.7083944008,         -0.7087787731,                     0,      0.4373918685,      0.6868437796,                 0,       288.9421514,       274.2245151,                 0,       15039.84148,        12365.41957,                  0,        0.1813270942,         0.1570888441,                    0,          301408.6406,           301519.8787,                     0,           118.5651348,           -137.0366989,                      0,        118.5651348,         136.9783614,                   0,                90.31886444,                 182.1400003,                           0,            -1.147051676e-09,             -0.0008512331452,                          nan,                      0.7617657976,                        1.329699074,                                nan,           299.9977511,            300.1084686,                      0,            17152.13154,             16958.41285,                       0,      0.8924972677,      0.5538181419,                 0,                 0,                 0,       0.436206866,      0.3743505383,      0.9813906366,                 0,      0.6205264284
        1822,     0.06105422309,      -6.507618052,      -3.891630109,      -1.037736404,                         4,      -4.706612264,               2,      -4.321682835,   5.884584888e-09,   2.480753675e-06,      0.2851964316,       2.542840031,       2.366732597,         0.7084080066,          -0.708786696,                     0,      0.4373997712,      0.6868488745,                 0,       288.9423315,       274.2242591,                 0,       15039.87906,         12365.4002,                  0,        0.1813274343,         0.1570887437,                    0,          301409.2298,           301519.9846,                     0,           118.5671897,           -137.0383514,                      0,        118.5671896,         136.9799952,                   0,                 90.3206876,                 182.1407221,                           0,            -1.101149838e-09,             -0.0008514962149,                          nan,                      0.7617679722,                        1.329688484,                                nan,           299.9983376,             300.108574,                      0,            17152.25434,             16958.46261,                       0,       0.892491432,      0.5538137278,                 0,                 0,                 0,      0.4362058113,      0.3743485711,      0.9813835889,                 0,        0.62052554
        1823,     0.06103343876,      -6.518927366,      -3.897224319,      -1.054410021,                         4,      -4.286481244,               2,        -4.0544126,   7.061549126e-09,   2.976905521e-06,      0.3422357179,       3.051408038,       2.840079117,         0.7084207764,          -0.708796435,                     0,      0.4374082844,      0.6868550811,                 0,       288.9423317,           274.224,                 0,       15039.87919,        12365.38728,                  0,        0.1813274357,         0.1570887276,                    0,          301409.6625,           301520.1733,                     0,           118.5693261,           -137.0402991,                      0,         118.569326,         136.9819138,                   0,                90.32267053,                 182.1416687,                           0,            -9.860561256e-10,             -0.0008519091557,                          nan,                      0.7617709704,                        1.329676771,                                nan,           299.9987683,            300.1087618,                      0,            17152.34061,              16958.5387,                       0,      0.8924842647,      0.5538085234,                 0,                 0,                 0,      0.4362046334,      0.3743460235,      0.9813751057,                 0,      0.6205246919
        1824,     0.06101411638,      -6.533111976,      -3.903086029,      -1.074545555,                         5,      -4.830955318,               3,      -5.433806678,   8.473926951e-09,   3.572287523e-06,      0.4106828615,       3.661689645,        3.40809494,         0.7084330491,         -0.7088082327,                     0,      0.4374176701,      0.6868626279,                 0,        288.942125,       274.2237307,                 0,       15039.83676,        12365.38077,                  0,        0.1813270539,         0.1570887991,                    0,          301409.9235,           301520.4547,                     0,           118.5716298,           -137.0425888,                      0,        118.5716297,         136.9841626,                   0,                90.32483634,                 182.1428935,                           0,            -8.447819111e-10,             -0.0008524915309,                          nan,                      0.7617744358,                        1.329663883,                                nan,           299.9990281,            300.1090419,                      0,            17152.38717,             16958.64457,                       0,       0.892475399,      0.5538023282,                 0,                 0,                 0,      0.4362033368,      0.3743427253,       0.981364805,                 0,      0.6205239145
        1825,     0.06099477842,      -6.549811796,      -3.909574926,      -1.097920027,                         5,      -4.359737567,               3,      -5.060345227,   1.016881019e-08,   4.286744965e-06,      0.4928194338,       4.394027574,       4.089713928,          0.708445655,         -0.7088222847,                     0,      0.4374283539,      0.6868717514,                 0,       288.9416955,       274.2234412,                 0,        15039.7502,        12365.37969,                  0,        0.1813262798,         0.1570889513,                    0,          301410.0182,           301520.8363,                     0,           118.5742458,           -137.0452656,                      0,        118.5742458,         136.9867862,                   0,                 90.3272273,                 182.1444539,                           0,            -7.356861786e-10,              -0.000853249742,                          nan,                      0.7617777934,                        1.329649808,                                nan,           299.9991223,            300.1094217,                      0,            17152.39654,             16958.78251,                       0,      0.8924644056,      0.5537947761,                 0,                 0,                 0,      0.4362019227,      0.3743385568,      0.9813521356,                 0,       0.620523096
        1826,     0.06097704806,      -6.567133121,      -3.916731149,      -1.122275809,                         6,      -4.651259178,               3,      -4.700127506,   1.220271303e-08,   5.144091432e-06,      0.5913833205,       5.272833089,       4.907656713,         0.7084598736,         -0.7088387466,                     0,      0.4374409167,      0.6868826852,                 0,       288.9410426,       274.2231219,                 0,       15039.62182,        12365.38246,                  0,        0.1813251417,         0.1570891694,                    0,          301409.9753,           301521.3256,                     0,           118.5773699,           -137.0483721,                      0,        118.5773698,         136.9898279,                   0,                90.32991292,                 182.1464093,                           0,            -7.096654375e-10,             -0.0008541750377,                          nan,                      0.7617803722,                        1.329634558,                                nan,           299.9990796,            300.1099087,                      0,            17152.37723,             16958.95386,                       0,      0.8924508144,      0.5537852941,                 0,                 0,                 0,      0.4362003915,      0.3743334913,      0.9813363569,                 0,      0.6205219214
        1827,     0.06096023824,      -6.582469365,      -3.924126942,      -1.143917493,                         6,      -4.167251946,               3,      -4.354019765,   1.464345819e-08,   6.172902042e-06,      0.7096599846,       6.327399707,       5.889188056,         0.7084772154,         -0.7088577634,                     0,      0.4374560418,       0.686895656,                 0,       288.9401779,       274.2227658,                 0,       15039.45653,        12365.38741,                  0,        0.1813236916,         0.1570894358,                    0,          301409.8416,           301521.9322,                     0,           118.5812208,           -137.0519495,                      0,        118.5812208,         136.9933304,                   0,                90.33299499,                 182.1488198,                           0,            -7.878406816e-10,              -0.000855245434,                          nan,                      0.7617816245,                        1.329618159,                                nan,           299.9989465,            300.1105124,                      0,            17152.34174,             16959.15969,                       0,      0.8924341467,       0.553773096,                 0,                 0,                 0,      0.4361987539,      0.3743276246,      0.9813165532,                 0,      0.6205198423
        1828,     0.06094422603,      -6.594563036,      -3.930921442,      -1.160258469,                         7,      -4.301856876,               3,      -4.022749955,    1.75724411e-08,    7.40746537e-06,      0.8515919815,       7.592879648,       7.067025667,         0.7084990779,         -0.7088794765,                     0,      0.4374744256,       0.686910884,                 0,       288.9391173,       274.2223685,                 0,       15039.25912,        12365.39309,                  0,        0.1813219771,         0.1570897345,                    0,           301409.669,            301522.668,                     0,           118.5860013,            -137.056036,                      0,        118.5860013,         136.9973338,                   0,                90.33660582,                 182.1517473,                           0,            -9.526268663e-10,             -0.0008564323567,                          nan,                      0.7617813641,                        1.329600674,                                nan,           299.9987748,            300.1112448,                      0,             17152.3026,             16959.40126,                       0,      0.8924139648,      0.5537571999,                 0,                 0,                 0,      0.4361970571,      0.3743212032,      0.9812916783,                 0,      0.6205160629
        1829,     0.06093004049,      -6.604519984,      -3.936107303,      -1.171823451,                         8,      -4.368788598,               4,      -4.751878713,   2.108734787e-08,   8.888926076e-06,       1.021910378,       9.111455578,       8.480430801,         0.7085264434,         -0.7089039506,                     0,      0.4374966935,      0.6869285727,                 0,       288.9378681,       274.2219238,                 0,       15039.03125,        12365.39802,                  0,        0.1813200136,           0.15709005,                    0,          301409.4971,           301523.5416,                     0,           118.5918659,           -137.0606547,                      0,        118.5918658,         137.0018628,                   0,                90.34089752,                 182.1552579,                           0,            -1.155251561e-09,             -0.0008577125093,                          nan,                      0.7617798817,                        1.329582345,                                nan,           299.9986037,            300.1121143,                      0,            17152.26802,             16959.67951,                       0,      0.8923899677,      0.5537364207,                 0,                 0,                 0,      0.4361954407,      0.3743147061,       0.981260607,                 0,      0.6205094642
        1830,     0.06091609656,      -6.613630469,      -3.938773007,       -1.18022007,                         9,      -4.366909863,               4,      -4.358985773,   2.530541816e-08,   1.066665659e-05,       1.226292453,       10.93374669,       10.17651696,         0.7085597916,         -0.7089310402,                     0,       0.437523353,      0.6869488737,                 0,        288.936422,       274.2214227,                 0,       15038.77028,        12365.40039,                  0,        0.1813177747,         0.1570903647,                    0,           301409.343,           301524.5544,                     0,           118.5989122,            -137.065792,                      0,        118.5989121,          137.006904,                   0,                90.34602355,                 182.1594217,                           0,            -1.336293853e-09,              -0.000859081918,                          nan,                      0.7617778441,                        1.329563813,                                nan,           299.9984502,            300.1131224,                      0,            17152.24013,             16959.99421,                       0,      0.8923621681,      0.5537093195,                 0,                 0,                 0,      0.4361942359,      0.3743090153,      0.9812222025,                 0,      0.6204984247
        1831,     0.06090342129,      -6.619737801,      -3.938355909,      -1.183661305,                        10,      -4.302318075,               5,      -4.844898874,   3.036736255e-08,   1.279990352e-05,       1.471550944,       13.12049603,       12.21182035,          0.708599285,         -0.7089603614,                     0,      0.4375548004,      0.6869718447,                 0,       288.9347543,       274.2208633,                 0,       15038.47052,        12365.39906,                  0,        0.1813152071,         0.1570906654,                    0,           301409.201,           301525.7083,                     0,           118.6072021,           -137.0713872,                      0,         118.607202,         137.0123952,                   0,                90.35211495,                 182.1643075,                           0,            -1.461750943e-09,             -0.0008605637296,                          nan,                      0.7617759582,                        1.329546187,                                nan,           299.9983089,            300.1142709,                      0,            17152.21647,             16960.34465,                       0,       0.892331169,      0.5536741334,                 0,                 0,                 0,      0.4361940906,      0.3743056787,      0.9811754277,                 0,      0.6204805487
        1832,     0.06089121135,      -6.616166116,      -3.935101766,      -1.175383517,                        10,      -3.813192666,               5,      -4.415046763,   3.644206602e-08,   1.535976301e-05,       1.765861133,       15.74459524,       14.65418442,         0.7086451366,         -0.7089915455,                     0,      0.4375913931,      0.6869974513,                 0,       288.9328247,       274.2202678,                 0,       15038.12506,        12365.39591,                  0,        0.1813122528,         0.1570909633,                    0,          301409.0474,           301527.0254,                     0,           118.6168096,           -137.0773638,                      0,        118.6168095,          137.018257,                   0,                90.35925849,                 182.1699692,                           0,            -1.566452856e-09,             -0.0008621999655,                          nan,                       0.761774481,                        1.329530627,                                nan,           299.9981561,            300.1155818,                      0,            17152.19277,             16960.73296,                       0,      0.8922985412,      0.5536287282,                 0,                 0,                 0,       0.436196064,      0.3743072392,       0.981119537,                 0,      0.6204523516
        1833,     0.06087942012,      -6.597883117,      -3.930354626,      -1.150744615,                        10,        -3.3876477,               5,      -4.017798087,   4.373223643e-08,   1.843154961e-05,       2.119033359,       18.89351429,       17.58502131,         0.7086980273,         -0.7090247146,                     0,      0.4376336322,      0.6870256578,                 0,       288.9305702,       274.2196864,                 0,       15037.72533,        12365.39699,                  0,        0.1813088481,         0.1570913067,                    0,          301408.8418,           301528.5582,                     0,           118.6278904,           -137.0837075,                      0,        118.6278903,         137.0244728,                   0,                90.36750459,                 182.1764263,                           0,            -1.757432755e-09,             -0.0008640262362,                          nan,                      0.7617728376,                        1.329517441,                                nan,           299.9979514,            300.1171074,                      0,            17152.16433,               16961.167,                       0,      0.8922673155,      0.5535705992,                 0,                 0,                 0,       0.436201674,      0.3743176254,      0.9810543746,                 0,      0.6204089174
        1834,     0.06086753335,      -6.570982526,      -3.925864368,      -1.117471756,                        10,      -3.018269427,               6,      -4.436048699,   5.248118974e-08,   2.211763561e-05,       2.542840031,       22.67221714,       21.10202557,          0.708759389,         -0.7090608756,                     0,       0.437682444,      0.6870566013,                 0,       288.9279014,       274.2191726,                 0,       15037.25939,        12365.41003,                  0,        0.1813049049,         0.1570917628,                    0,          301408.5383,           301530.3762,                     0,           118.6407419,           -137.0905547,                      0,        118.6407418,         137.0311789,                   0,                90.37694558,                 182.1836603,                           0,            -2.164451618e-09,             -0.0008660406977,                          nan,                      0.7617698964,                        1.329505167,                                nan,           299.9976494,            300.1189169,                      0,            17152.12692,             16961.65947,                       0,      0.8922424365,      0.5534968373,                 0,                 0,                 0,      0.4362129548,      0.3743425337,      0.9809806226,                 0,      0.6203435465
        1835,     0.06085532326,      -6.547901617,      -3.922536661,      -1.089047468,                        10,      -2.689390038,               6,      -4.029355581,   6.298100318e-08,   2.654085484e-05,      0.2542840031,       2.267221714,       2.110202557,         0.7088312656,          -0.709101978,                     0,      0.4377393273,      0.6870908148,                 0,       288.9247284,       274.2187469,                 0,       15036.71327,         12365.4396,                  0,        0.1813003113,         0.1570923777,                    0,          301408.1193,           301532.5425,                     0,           118.6557799,           -137.0982356,                      0,        118.6557797,         137.0387094,                   0,                90.38784002,                 182.1916583,                           0,            -2.933902676e-09,             -0.0008681837448,                          nan,                      0.7617651682,                        1.329490471,                                nan,           299.9972324,            300.1210731,                      0,            17152.07981,             16962.22442,                       0,      0.8922308849,      0.5534040949,                 0,                 0,                 0,      0.4362326387,      0.3743895456,      0.9808998483,                 0,      0.6202476335
        1836,     0.06083507899,      -6.533273237,      -3.919848057,      -1.069484535,                         4,      -4.518875464,               2,      -4.147943691,   6.298525972e-09,   2.654048983e-06,      0.3051408038,       2.720666057,       2.532243068,         0.7088492137,         -0.7091105738,                     0,       0.437749717,      0.6870973137,                 0,       288.9249564,       274.2185817,                 0,       15036.76147,        12365.41734,                  0,        0.1813007494,         0.1570921883,                    0,          301408.8853,           301532.8568,                     0,           118.6584976,           -137.1000982,                      0,        118.6584974,         137.0405521,                   0,                90.39021198,                 182.1928482,                           0,            -2.832921342e-09,              -0.000868462747,                          nan,                       0.761767711,                        1.329481276,                                nan,           299.9979947,            300.1213859,                      0,            17152.23997,             16962.29189,                       0,      0.8922301019,      0.5533977933,                 0,                 0,                 0,      0.4362338675,      0.3743927414,      0.9808943611,                 0,      0.6202411151
        1837,     0.06081466289,      -6.549717405,      -3.925705915,      -1.092272078,                         4,      -4.101487439,               3,      -5.602874157,   7.558283378e-09,   3.184853719e-06,      0.3661689645,       3.264799269,       3.038691682,          0.708865785,             -0.709121,                     0,      0.4377608022,      0.6871051198,                 0,       288.9249442,       274.2184313,                 0,       15036.75877,        12365.40139,                  0,        0.1813007245,          0.157092071,                    0,           301409.436,           301533.2893,                     0,           118.6612878,           -137.1022702,                      0,        118.6612877,         137.0426933,                   0,                90.39277744,                 182.1943415,                           0,            -2.557279499e-09,             -0.0008688977122,                          nan,                      0.7617714185,                        1.329471401,                                nan,           299.9985428,            300.1218164,                      0,            17152.34911,             16962.38866,                       0,       0.892229421,      0.5533899533,                 0,                 0,                 0,      0.4362355546,      0.3743969507,      0.9808877119,                 0,      0.6202328014
        1838,     0.06079557482,      -6.568529485,      -3.931634194,      -1.118016307,                         5,      -4.616901132,               3,      -5.221256604,   9.070015145e-09,   3.821816745e-06,      0.4394027574,       3.917759122,       3.646430018,         0.7088814803,         -0.7091334306,                     0,      0.4377729165,      0.6871144486,                 0,       288.9246627,         274.21829,                 0,       15036.69992,        12365.39141,                  0,        0.1813001916,         0.1570920246,                    0,          301409.7581,           301533.8504,                     0,           118.6642639,           -137.1047884,                      0,        118.6642638,          137.045169,                   0,                90.39556288,                 182.1961946,                           0,            -2.194639137e-09,             -0.0008695015917,                          nan,                      0.7617757866,                        1.329460907,                                nan,           299.9988634,            300.1223748,                      0,            17152.40463,             16962.51755,                       0,      0.8922290016,      0.5533800202,                 0,                 0,                 0,      0.4362379024,      0.3744026364,      0.9808795562,                 0,      0.6202219601
        1839,     0.06077694147,      -6.588283189,      -3.938350181,       -1.14525778,                         5,      -4.154251085,               3,      -4.852436193,   1.088412619e-08,   4.586168084e-06,      0.5272833089,       4.701310947,       4.375716022,         0.7088974494,         -0.7091479578,                     0,      0.4377865955,      0.6871254991,                 0,       288.9241009,       274.2181497,                 0,       15036.58497,         12365.3861,                  0,        0.1812991582,         0.1570920368,                    0,          301409.8674,           301534.5466,                     0,           118.6676134,           -137.1076813,                      0,        118.6676133,         137.0480079,                   0,                90.39861855,                 182.1984638,                           0,              -1.8647488e-09,             -0.0008702706993,                          nan,                      0.7617800343,                        1.329449924,                                nan,           299.9989722,            300.1230678,                      0,              17152.412,             16962.67983,                       0,      0.8922290844,      0.5533672654,                 0,                 0,                 0,      0.4362411693,      0.3744104315,      0.9808694603,                 0,      0.6202076071
        1840,     0.06076000511,       -6.60612193,      -3.945957098,      -1.170305463,                         6,      -4.430106908,               3,      -4.497361527,   1.306110682e-08,   5.503382727e-06,      0.6327399707,       5.641573136,       5.250859227,          0.708915371,         -0.7091646068,                     0,      0.4378025437,      0.6871384402,                 0,       288.9232701,        274.218004,                 0,        15036.4194,        12365.38375,                  0,        0.1812976832,         0.1570920893,                    0,          301409.8114,           301535.3841,                     0,           118.6715789,           -137.1109682,                      0,        118.6715788,         137.0512307,                   0,                90.40202704,                 182.2012018,                           0,            -1.675769301e-09,             -0.0008711846239,                          nan,                      0.7617833009,                         1.32943864,                                nan,           299.9989165,            300.1239014,                      0,            17152.38461,             16962.87562,                       0,      0.8922300038,      0.5533508181,                 0,                 0,                 0,      0.4362456668,      0.3744211298,      0.9808569341,                 0,       0.620188534
        1841,     0.06074393556,      -6.619718688,       -3.95383146,      -1.189349757,                         7,      -4.587761621,               3,      -4.156973421,   1.567355177e-08,   6.604029149e-06,      0.7592879648,       6.769887764,       6.301031072,         0.7089370931,         -0.7091833818,                     0,      0.4378215395,      0.6871534098,                 0,       288.9221981,       274.2178509,                 0,       15036.21183,        12365.38289,                  0,        0.1812958532,         0.1570921642,                    0,          301409.6587,           301536.3711,                     0,           118.6764131,           -137.1146621,                      0,         118.676413,         137.0548526,                   0,                90.40590606,                 182.2044568,                           0,            -1.681767614e-09,             -0.0008722117439,                          nan,                      0.7617849562,                        1.329427258,                                nan,           299.9987645,            300.1248838,                      0,            17152.34016,             16963.10487,                       0,      0.8922321986,      0.5533297182,                 0,                 0,                 0,      0.4362517525,       0.374435662,      0.9808414797,                 0,        0.62016336
        1842,     0.06072737428,      -6.629594877,      -3.960971311,      -1.201944943,                         7,      -4.094524717,               4,      -4.943260491,   1.880858387e-08,   7.924787669e-06,      0.9111455578,       8.123865316,       7.561237286,          0.708964147,         -0.7092042933,                     0,      0.4378443014,      0.6871705244,                 0,       288.9209163,       274.2176919,                 0,       15035.97009,        12365.38269,                  0,        0.1812937428,         0.1570922499,                    0,          301409.4787,           301537.5178,                     0,           118.6823235,           -137.1187716,                      0,        118.6823234,         137.0588842,                   0,                 90.4104006,                 182.2082743,                           0,            -1.862966226e-09,             -0.0008733197647,                          nan,                      0.7617848894,                        1.329416005,                                nan,           299.9985853,            300.1260251,                      0,            17152.29488,             16963.36805,                       0,      0.8922362354,      0.5533029497,                 0,                 0,                 0,      0.4362598254,      0.3744550946,      0.9808226323,                 0,      0.6201305526
        1843,     0.06071214414,      -6.638481327,      -3.966519843,      -1.211172628,                         8,      -4.160867149,               4,      -4.537547561,   2.257076354e-08,   9.509672876e-06,       1.093374669,        9.74863838,       9.073484744,         0.7089973861,         -0.7092273243,                     0,      0.4378713762,      0.6871898884,                 0,       288.9194441,       274.2175281,                 0,       15035.69754,        12365.38271,                  0,        0.1812913803,         0.1570923405,                    0,          301409.3193,           301538.8329,                     0,           118.6894345,           -137.1232957,                      0,        118.6894344,         137.0633262,                   0,                90.41566312,                 182.2127013,                           0,             -2.13495488e-09,             -0.0008744887422,                          nan,                      0.7617835876,                        1.329405219,                                nan,           299.9984267,            300.1273341,                      0,            17152.25813,             16963.66601,                       0,      0.8922428784,      0.5532694167,                 0,                 0,                 0,      0.4362703505,      0.3744806996,      0.9807999833,                 0,      0.6200883526
        1844,     0.06069822081,      -6.647679837,      -3.969956535,      -1.219238531,                         9,      -4.156225344,               4,      -4.153072677,   2.708558176e-08,   1.141150108e-05,       1.312049603,       11.69836606,       10.88818169,         0.7090369733,         -0.7092523781,                     0,      0.4379030995,      0.6872115956,                 0,       288.9177786,       274.2173592,                 0,       15035.39213,        12365.38279,                  0,        0.1812887428,          0.157092434,                    0,          301409.1947,           301540.3228,                     0,           118.6977885,           -137.1282171,                      0,        118.6977883,          137.068161,                   0,                90.42182542,                 182.2177916,                           0,            -2.386695064e-09,             -0.0008757193221,                          nan,                      0.7617818891,                        1.329395465,                                nan,           299.9983027,             300.128817,                      0,            17152.23096,             16963.99979,                       0,      0.8922532368,      0.5532278841,                 0,                 0,                 0,      0.4362839349,      0.3745141077,      0.9807732223,                 0,      0.6200346059
        1845,     0.06068558028,      -6.653689109,      -3.971084647,      -1.222822883,                        10,      -4.089607709,               5,      -4.621717637,    3.25036536e-08,   1.369365152e-05,       1.574459524,       14.03803927,       13.06581803,         0.7090827301,          -0.709279355,                     0,       0.437939644,       0.687235744,                 0,       288.9158962,       274.2171911,                 0,       15035.04848,        12365.38372,                  0,        0.1812857805,         0.1570925374,                    0,          301409.0891,           301542.0009,                     0,           118.7073882,           -137.1335114,                      0,        118.7073881,         137.0733633,                   0,                90.42897089,                 182.2236084,                           0,            -2.550664124e-09,             -0.0008770273208,                          nan,                      0.7617804785,                        1.329387446,                                nan,           299.9981976,            300.1304872,                      0,            17152.20904,             16964.37186,                       0,      0.8922690335,      0.5531769535,                 0,                 0,                 0,      0.4363014554,      0.3745575368,      0.9807422809,                 0,      0.6199665491
        1846,      0.0606740366,      -6.648388864,      -3.970379491,       -1.21298319,                        10,      -3.619773057,               5,      -4.207370591,   3.900575324e-08,   1.643217921e-05,       1.889351429,       16.84564712,       15.67898164,         0.7091346479,         -0.7093084244,                     0,      0.4379811569,      0.6872624917,                 0,       288.9137545,       274.2170426,                 0,       15034.66028,        12365.38834,                  0,        0.1812824436,         0.1570926762,                    0,          301408.9657,           301543.8992,                     0,           118.7182651,           -137.1391901,                      0,        118.7182649,         137.0789438,                   0,                90.43712299,                 182.2302196,                           0,            -2.671228461e-09,             -0.0008784223712,                          nan,                      0.7617793527,                        1.329381557,                                nan,           299.9980748,            300.1323767,                      0,            17152.18662,             16964.78839,                       0,      0.8922930303,      0.5531151069,                 0,                 0,                 0,      0.4363241919,      0.3746141039,      0.9807076254,                 0,      0.6198805641
        1847,     0.06066197478,      -6.628034156,      -3.969189355,      -1.186203496,                        10,      -3.213653001,               6,      -4.663833368,    4.68088603e-08,   1.971834871e-05,       2.267221714,       20.21477654,       18.81477796,         0.7091933005,         -0.7093403155,                     0,      0.4380279858,      0.6872921419,                 0,       288.9112924,       274.2169346,                 0,       15034.22027,        12365.40066,                  0,         0.181278683,         0.1570928895,                    0,          301408.7787,           301546.0636,                     0,           118.7305473,           -137.1453571,                      0,        118.7305471,         137.0850079,                   0,                90.44628265,                 182.2376863,                           0,            -2.892623141e-09,             -0.0008798823127,                          nan,                      0.7617776961,                        1.329377217,                                nan,           299.9978887,            300.1345309,                      0,            17152.15897,             16965.25928,                       0,      0.8923295745,      0.5530407412,                 0,                 0,                 0,      0.4363539273,      0.3746882387,      0.9806706148,                 0,      0.6197718388
        1848,     0.06065040703,      -6.602063531,      -3.969023072,      -1.154167431,                        10,      -2.858688309,               6,      -4.236172928,   5.617342312e-08,   2.366167124e-05,      0.2267221714,       2.021477654,       1.881477796,         0.7092599036,         -0.7093763199,                     0,      0.4380808935,      0.6873252039,                 0,       288.9084422,       274.2168637,                 0,          15033.72,         12365.4226,                  0,        0.1812744392,          0.157093203,                    0,          301408.4962,           301548.5282,                     0,           118.7444777,           -137.1522319,                      0,        118.7444775,         137.0917796,                   0,                90.45653123,                 182.2460581,                           0,            -3.380756119e-09,             -0.0008813407906,                          nan,                      0.7617746371,                        1.329372619,                                nan,           299.9976074,             300.136984,                      0,            17152.12418,              16965.7945,                       0,      0.8923850592,      0.5529522141,                 0,                 0,                 0,      0.4363930752,      0.3747860216,      0.9806338169,                 0,      0.6196341012
        1849,     0.06063129292,       -6.58211625,      -3.970522217,      -1.129654248,                         4,      -4.744309128,               2,      -4.263997122,   5.617674007e-09,   2.366128885e-06,      0.2720666057,       2.425773185,       2.257773356,         0.7092757168,            -0.7093831,                     0,      0.4380899853,      0.6873308235,                 0,       288.9086059,       274.2167837,                 0,       15033.75598,        12365.40248,                  0,        0.1812747702,         0.1570929923,                    0,          301409.1294,           301548.8702,                     0,           118.7469082,           -137.1537505,                      0,         118.746908,          137.093285,                   0,                 90.4585228,                 182.2471919,                           0,            -3.213480038e-09,             -0.0008815244674,                          nan,                      0.7617758164,                        1.329366292,                                nan,           299.9982377,            300.1373243,                      0,            17152.25734,             16965.85196,                       0,      0.8923886078,      0.5529467377,                 0,                 0,                 0,      0.4363956513,      0.3747921631,      0.9806316111,                 0,      0.6196255004
        1850,     0.06061232988,      -6.595138792,      -3.974954047,      -1.148346503,                         4,      -4.317499007,               3,      -5.796094151,   6.741249592e-09,   2.839347806e-06,      0.3264799269,       2.910927822,       2.709328027,         0.7092907226,         -0.7093912535,                     0,      0.4380998018,      0.6873375574,                 0,       288.9085775,       274.2167215,                 0,       15033.75186,         12365.3867,                  0,        0.1812747383,         0.1570928264,                    0,          301409.5992,           301549.3182,                     0,           118.7494413,           -137.1555071,                      0,        118.7494411,         137.0950215,                   0,                90.46070531,                 182.2486095,                           0,            -2.908007168e-09,             -0.0008818057597,                          nan,                      0.7617779456,                        1.329359794,                                nan,           299.9987052,            300.1377703,                      0,            17152.35209,             16965.93278,                       0,      0.8923933096,      0.5529397508,                 0,                 0,                 0,       0.436398944,      0.3748001373,      0.9806289024,                 0,      0.6196144064
        1851,     0.06129550124,      -6.609894386,      -3.979165217,      -1.169055048,                         5,      -4.879095302,               3,      -5.407039649,   8.089558065e-09,   3.407207602e-06,      0.3917759122,       3.493113387,       3.251193632,         0.7093051839,         -0.7094008932,                     0,      0.4381105845,      0.6873455876,                 0,       288.9083293,       274.2166732,                 0,       15033.70212,        12365.37513,                  0,        0.1812742944,         0.1570927062,                    0,          301409.8887,           301549.8823,                     0,           118.7521532,           -137.1575242,                      0,         118.752153,          137.097011,                   0,                90.46310273,                  182.250366,                           0,            -2.527721588e-09,             -0.0008821939997,                          nan,                      0.7617807375,                        1.329353314,                                nan,           299.9989934,            300.1383317,                      0,            17152.40459,             16966.03963,                       0,      0.8923996517,      0.5529306837,                 0,                 0,                 0,      0.4364032215,      0.3748106767,       0.980625533,                 0,      0.6195998426
        1852,     0.06127567232,      -6.625267833,      -3.983830305,      -1.190546802,                         5,      -4.407002584,               3,      -5.030146735,    9.70755374e-09,   4.088635079e-06,      0.4701310947,       4.191736064,       3.901432359,         0.7093198564,         -0.7094120588,                     0,      0.4381227275,      0.6873550844,                 0,       288.9078465,       274.2166327,                 0,       15033.60511,        12365.36703,                  0,        0.1812734276,         0.1570926254,                    0,          301410.0026,           301550.5688,                     0,           118.7551774,           -137.1598151,                      0,        118.7551773,         137.0992671,                   0,                90.46575492,                 182.2525181,                           0,            -2.162403367e-09,             -0.0008826878915,                          nan,                       0.761783671,                        1.329347136,                                nan,           299.9991068,             300.139015,                      0,            17152.41693,             16966.17406,                       0,      0.8924082755,      0.5529188516,                 0,                 0,                 0,      0.4364088381,      0.3748247069,      0.9806213467,                 0,      0.6195805964
        1853,     0.06125737772,      -6.639085216,      -3.989259686,      -1.209967185,                         6,      -4.721492755,               3,      -4.666421408,   1.164918517e-08,    4.90634165e-06,      0.5641573136,       5.030083277,        4.68171883,         0.7093359609,         -0.7094247202,                     0,      0.4381367673,       0.687366191,                 0,       288.9071316,       274.2165947,                 0,       15033.46365,        12365.36128,                  0,        0.1812721705,         0.1570925727,                    0,           301409.971,           301551.3831,                     0,           118.7586973,           -137.1623829,                      0,        118.7586972,         137.1017935,                   0,                90.46872422,                 182.2551208,                           0,            -1.900753666e-09,             -0.0008832745673,                          nan,                      0.7617860956,                        1.329341624,                                nan,           299.9990754,            300.1398255,                      0,            17152.39779,             16966.33667,                       0,      0.8924199776,      0.5529035106,                 0,                 0,                 0,      0.4364162362,      0.3748433121,      0.9806162348,                 0,      0.6195552817
        1854,     0.06123960383,      -6.649443761,      -3.995265983,      -1.224376226,                         6,      -4.236356606,               3,      -4.316883966,   1.397919549e-08,   5.887579847e-06,      0.6769887764,       6.036099932,       5.618062596,         0.7093549687,         -0.7094388121,                     0,      0.4381533233,      0.6873790176,                 0,       288.9062035,       274.2165576,                 0,       15033.28405,        12365.35697,                  0,        0.1812705871,         0.1570925372,                    0,           301409.845,           301552.3316,                     0,           118.7629169,            -137.165222,                      0,        118.7629168,         137.1045863,                   0,                90.47209879,                 182.2582243,                           0,            -1.799343674e-09,             -0.0008839321226,                          nan,                      0.7617874435,                        1.329337182,                                nan,           299.9989499,            300.1407696,                      0,            17152.36062,             16966.52781,                       0,      0.8924356938,      0.5528839225,                 0,                 0,                 0,      0.4364259318,      0.3748676841,      0.9806101768,                 0,       0.619522422
        1855,     0.06122327721,        -6.6563966,      -4.001393567,      -1.233257832,                         7,      -4.399726092,               4,      -5.158229858,   1.677528352e-08,   7.065051085e-06,      0.8123865316,       7.243319919,       6.741675116,         0.7093782333,         -0.7094542756,                     0,      0.4381729959,      0.6873936444,                 0,       288.9050894,       274.2165248,                 0,        15033.0734,        12365.35387,                  0,        0.1812687461,         0.1570925137,                    0,          301409.6834,           301553.4242,                     0,           118.7680182,           -137.1683231,                      0,        118.7680181,         137.1076377,                   0,                90.47598908,                 182.2618731,                           0,            -1.862458632e-09,             -0.0008846354548,                          nan,                       0.761787479,                        1.329334209,                                nan,           299.9987891,             300.141857,                      0,            17152.31961,              16966.7482,                       0,      0.8924564866,      0.5528593857,                 0,                 0,                 0,      0.4364384898,      0.3748990932,      0.9806032586,                 0,      0.6194804946
        1856,       0.061207944,      -6.661779936,      -4.007313308,      -1.238859751,                         8,      -4.482899502,               4,      -4.738733877,   2.013069799e-08,   8.477995141e-06,       0.974863838,       8.691983903,       8.090010139,         0.7094066321,         -0.7094710695,                     0,       0.438196261,      0.6874101325,                 0,       288.9038116,       274.2165021,                 0,       15032.83629,         12365.3523,                  0,        0.1812666888,          0.157092503,                    0,           301409.534,           301554.6714,                     0,            118.774121,           -137.1716746,                      0,        118.7741208,         137.1109377,                   0,                  90.480515,                 182.2661063,                           0,            -2.039653557e-09,             -0.0008853639195,                          nan,                      0.7617864427,                        1.329333088,                                nan,           299.9986404,            300.1430984,                      0,            17152.28482,             16966.99907,                       0,      0.8924835617,      0.5528292046,                 0,                 0,                 0,       0.436454506,      0.3749389201,      0.9805956576,                 0,      0.6194278846
        1857,     0.06119339957,      -6.666984079,      -4.012865442,      -1.243438057,                         9,      -4.490618063,               4,      -4.340838124,   2.415735202e-08,   1.017349793e-05,       1.169836606,       10.43038068,       9.708012167,         0.7094404198,         -0.7094891392,                     0,      0.4382234069,       0.687428532,                 0,       288.9023786,       274.2164941,                 0,       15032.57313,        12365.35273,                  0,        0.1812644147,         0.1570925086,                    0,            301409.42,           301556.0816,                     0,           118.7812682,           -137.1752616,                      0,         118.781268,         137.1144721,                   0,                90.48578569,                 182.2709606,                           0,            -2.241842378e-09,             -0.0008861071168,                          nan,                      0.7617849784,                        1.329334225,                                nan,            299.998527,             300.144502,                      0,            17152.25964,             16967.28168,                       0,      0.8925183631,      0.5527926267,                 0,                 0,                 0,      0.4364746391,      0.3749887695,        0.98058765,                 0,      0.6193627487
        1858,       0.061180927,      -6.671125713,       -4.01768174,      -1.246578151,                        10,      -4.426573445,               5,      -4.850779786,   2.898956251e-08,   1.220806131e-05,       1.403803927,       12.51645682,        11.6496146,         0.7094793799,           -0.70950841,                     0,      0.4382545313,      0.6874488913,                 0,       288.9007833,       274.2165041,                 0,       15032.28116,        12365.35549,                  0,        0.1812618951,         0.1570925329,                    0,          301409.3393,           301557.6614,                     0,           118.7894424,           -137.1790665,                      0,        118.7894423,         137.1182235,                   0,                90.49187595,                 182.2764728,                           0,            -2.382087305e-09,             -0.0008868632295,                          nan,                      0.7617838269,                        1.329338057,                                nan,           299.9984466,            300.1460744,                      0,            17152.24193,             16967.59707,                       0,      0.8925628063,      0.5527488328,                 0,                 0,                 0,       0.436499739,      0.3750506615,      0.9805797452,                 0,      0.6192828436
        1859,     0.06116864081,      -6.670544979,      -4.021163489,        -1.2440772,                        10,      -3.917480318,               5,      -4.418902427,    3.47885401e-08,   1.464948713e-05,       1.684564712,       15.01974818,       13.97953752,         0.7095231747,         -0.7095288904,                     0,      0.4382895957,      0.6874712833,                 0,       288.8990084,       274.2165367,                 0,       15031.95705,        12365.36116,                  0,        0.1812591004,         0.1570925809,                    0,          301409.2719,           301559.4209,                     0,           118.7986067,           -137.1830858,                      0,        118.7986066,         137.1221886,                   0,                90.49880541,                 182.2826805,                           0,            -2.437287927e-09,             -0.0008876265083,                          nan,                      0.7617833915,                        1.329344888,                                nan,           299.9983795,            300.1478257,                      0,            17152.22747,             16967.94696,                       0,      0.8926197346,      0.5526970762,                 0,                 0,                 0,      0.4365310784,      0.3751273103,      0.9805730721,                 0,       0.619185365
        1860,     0.06115698017,      -6.660582607,        -4.0231174,      -1.230067708,                        10,      -3.467215193,               5,      -4.019795597,   4.174778153e-08,   1.757913757e-05,       2.021477654,       18.02369782,       16.77544502,         0.7095717094,         -0.7095508689,                     0,      0.4383285458,      0.6874958571,                 0,       288.8970271,       274.2165967,                 0,       15031.59794,        12365.37083,                  0,        0.1812560132,         0.1570926637,                    0,          301409.1869,           301561.3762,                     0,           118.8087566,           -137.1873617,                      0,        118.8087565,         137.1264116,                   0,                90.50653769,                 182.2896194,                           0,            -2.481344019e-09,             -0.0008883690838,                          nan,                      0.7617833934,                        1.329354551,                                nan,           299.9982949,            300.1497718,                      0,            17152.21249,              16968.3349,                       0,      0.8926936434,      0.5526369736,                 0,                 0,                 0,      0.4365706195,      0.3752225243,      0.9805700499,                 0,      0.6190667736
        1861,     0.06114526976,      -6.641624792,      -4.024107133,       -1.20505968,                        10,      -3.075419801,               6,      -4.467332879,   5.009954721e-08,   2.109464571e-05,       2.425773185,       21.62843738,       20.13053403,         0.7096253414,         -0.7095750118,                     0,      0.4383714957,      0.6875228882,                 0,       288.8948024,       274.2166754,                 0,       15031.20054,        12365.38504,                  0,        0.1812526171,         0.1570927931,                    0,          301409.0517,           301563.5377,                     0,            118.819963,           -137.1920056,                      0,        118.8199628,          137.131008,                   0,                90.51502826,                 182.2973211,                           0,            -2.641194374e-09,              -0.000889030987,                          nan,                      0.7617830046,                        1.329366157,                                nan,           299.9981603,            300.1519233,                      0,            17152.19439,             16968.76548,                       0,      0.8927914271,      0.5525689014,                 0,                 0,                 0,      0.4366211287,      0.3753415596,      0.9805751561,                 0,      0.6189227233
        1862,      0.0611329533,      -6.620364079,      -4.025014751,      -1.177261899,                        10,       -2.73208885,               6,      -4.055094729,   6.012264526e-08,   2.531316512e-05,      0.2425773185,       2.162843738,       2.013053403,         0.7096847592,         -0.7096021775,                     0,      0.4384188418,      0.6875527724,                 0,       288.8923034,       274.2167339,                 0,       15030.76139,        12365.40187,                  0,        0.1812488895,         0.1570929668,                    0,          301408.8542,            301565.892,                     0,           118.8323559,            -137.197175,                      0,        118.8323557,          137.136141,                   0,                90.52431588,                 182.3058183,                           0,            -3.030717455e-09,             -0.0008895286953,                          nan,                      0.7617817164,                         1.32937836,                                nan,           299.9979638,            300.1542665,                      0,            17152.17324,             16969.24165,                       0,       0.892922456,       0.552494469,                 0,                 0,                 0,      0.4366859342,      0.3754908948,      0.9805953491,                 0,      0.6187485433
        1863,     0.06111290848,      -6.600476306,      -4.026029136,      -1.150772749,                         4,      -4.617388456,               2,      -4.127920837,   6.012649059e-09,   2.531272343e-06,      0.2910927822,       2.595412486,       2.415664083,         0.7096991161,         -0.7096071225,                     0,       0.438427068,      0.6875574509,                 0,       288.8924483,       274.2167106,                 0,        15030.7941,        12365.38424,                  0,        0.1812491929,         0.1570927551,                    0,          301409.4242,           301566.2247,                     0,           118.8345608,           -137.1983266,                      0,        118.8345607,         137.1372867,                   0,                90.52610872,                  182.306875,                           0,            -2.890550244e-09,             -0.0008896075337,                          nan,                      0.7617826684,                         1.32937496,                                nan,           299.9985311,            300.1545976,                      0,            17152.29397,             16969.28833,                       0,      0.8929311287,      0.5524908612,                 0,                 0,                 0,      0.4366902695,        0.37549998,      0.9805977347,                 0,      0.6187384932
        1864,      0.0610926556,      -6.611997363,      -4.030017511,      -1.166792839,                         4,      -4.199855695,               3,       -5.60403373,   7.215226726e-09,   3.037517222e-06,      0.3493113387,       3.114494983,         2.8987969,         0.7097125197,         -0.7096129576,                     0,      0.4384358675,      0.6875630645,                 0,       288.8924157,       274.2167007,                 0,       15030.78912,         12365.3693,                  0,        0.1812491534,         0.1570925701,                    0,           301409.838,           301566.6444,                     0,           118.8368311,           -137.1996322,                      0,        118.8368309,         137.1385834,                   0,                90.52806249,                  182.308207,                           0,            -2.634255369e-09,             -0.0008897284689,                          nan,                      0.7617845562,                        1.329372103,                                nan,            299.998943,            300.1550154,                      0,             17152.3775,             16969.35319,                       0,      0.8929423354,      0.5524859459,                 0,                 0,                 0,      0.4366957661,      0.3755118732,      0.9806006159,                 0,      0.6187252233
        1865,     0.06107376763,      -6.624378002,      -4.033456116,      -1.183379441,                         5,      -4.741547355,               3,      -5.219879997,   8.658340882e-09,   3.645007227e-06,      0.4191736064,        3.73739398,        3.47855628,          0.709725247,         -0.7096196802,                     0,      0.4384454512,      0.6875697469,                 0,       288.8921849,       274.2166997,                 0,       15030.74247,        12365.35676,                  0,        0.1812487356,         0.1570924102,                    0,          301410.0851,           301567.1566,                     0,           118.8392361,           -137.2010924,                      0,        118.8392359,         137.1400319,                   0,                90.53019577,                 182.3098664,                           0,            -2.318953141e-09,             -0.0008898900942,                          nan,                      0.7617870905,                        1.329370162,                                nan,           299.9991889,            300.1555251,                      0,            17152.42142,             16969.43782,                       0,       0.892957037,       0.552479152,                 0,                 0,                 0,      0.4367028444,       0.375527685,      0.9806041205,                 0,      0.6187074284
        1866,     0.06105463192,      -6.636738745,       -4.03700341,      -1.199534669,                         5,      -4.283703555,               3,      -4.848352782,   1.039010798e-08,   4.373989806e-06,      0.5030083277,       4.484872776,       4.174267536,         0.7097380304,         -0.7096272063,                     0,      0.4384561608,      0.6875776086,                 0,       288.8917496,       274.2167022,                 0,       15030.65415,        12365.34592,                  0,        0.1812479438,         0.1570922696,                    0,           301410.176,           301567.7638,                     0,           118.8418957,           -137.2026955,                      0,        118.8418956,          137.141621,                   0,                90.53254054,                 182.3119057,                           0,            -2.021581347e-09,             -0.0008900840272,                          nan,                      0.7617897719,                        1.329369628,                                nan,           299.9992794,            300.1561295,                      0,            17152.42922,             16969.54292,                       0,      0.8929764598,      0.5524698857,                 0,                 0,                 0,      0.4367120585,      0.3755487506,      0.9806085194,                 0,      0.6186835942
        1867,     0.06103684138,      -6.647612168,      -4.040925692,      -1.213389777,                         6,      -4.591571426,               3,      -4.490463595,   1.246827179e-08,   5.248761185e-06,      0.6036099932,       5.381847331,       5.009121043,         0.7097519889,         -0.7096353783,                     0,      0.4384684444,      0.6875867204,                 0,       288.8911209,       274.2167052,                 0,       15030.52854,        12365.33607,                  0,        0.1812468235,         0.1570921407,                    0,          301410.1454,            301568.468,                     0,           118.8449675,           -137.2044161,                      0,        118.8449674,         137.1433262,                   0,                90.53514673,                 182.3143728,                           0,            -1.813217687e-09,             -0.0008902960177,                          nan,                       0.761792011,                        1.329371088,                                nan,            299.999249,            300.1568304,                      0,            17152.41042,             16969.66852,                       0,      0.8930020781,      0.5524576403,                 0,                 0,                 0,      0.4367240933,      0.3755765498,      0.9806143029,                 0,      0.6186521329
        1868,     0.06101919711,      -6.655896797,      -4.045148185,      -1.223384859,                         6,      -4.123738004,               3,       -4.14718955,    1.49621307e-08,   6.298475785e-06,      0.7243319919,       6.458216797,       6.010945252,         0.7097683794,         -0.7096440002,                     0,      0.4384827848,      0.6875971062,                 0,        288.890325,       274.2167102,                 0,       15030.37297,        12365.32694,                  0,        0.1812454469,         0.1570920193,                    0,           301410.045,           301569.2726,                     0,           118.8486147,           -137.2062183,                      0,        118.8486146,         137.1451129,                   0,                90.53808281,                 182.3173069,                           0,            -1.731968569e-09,             -0.0008905096303,                          nan,                      0.7617933379,                        1.329375163,                                nan,            299.999149,            300.1576313,                      0,            17152.37829,              16969.8145,                       0,      0.8930355647,      0.5524420878,                 0,                 0,                 0,      0.4367397313,      0.3756126122,      0.9806222238,                 0,      0.6186115197
        1869,     0.06100249102,      -6.661802416,      -4.049618448,      -1.229649536,                         7,      -4.286604262,               4,       -4.95278566,   1.795485129e-08,   7.558117538e-06,      0.8691983903,       7.749860157,       7.213134303,         0.7097882325,         -0.7096528858,                     0,      0.4384995953,      0.6876087459,                 0,        288.889394,       274.2167242,                 0,       15030.19498,        12365.31907,                  0,        0.1812438847,          0.157091908,                    0,          301409.9295,           301570.1835,                     0,           118.8529635,            -137.208062,                      0,        118.8529634,          137.146942,                   0,                90.54142908,                 182.3207351,                           0,            -1.767611391e-09,               -0.00089071101,                          nan,                      0.7617936186,                        1.329382431,                                nan,           299.9990341,            300.1585379,                      0,            17152.34563,             16969.98118,                       0,      0.8930787388,      0.5524231059,                 0,                 0,                 0,      0.4367597946,      0.3756584588,      0.9806332872,                 0,      0.6185603597
        1870,     0.06098742902,      -6.666531941,       -4.05450199,      -1.233800674,                         8,      -4.361570053,               4,      -4.541913364,   2.154624591e-08,   9.069665625e-06,       1.043038068,       9.299832188,       8.655761163,         0.7098120524,         -0.7096619117,                     0,      0.4385191267,      0.6876215924,                 0,       288.8883539,       274.2167581,                 0,       15029.99935,        12365.31379,                  0,        0.1812421781,         0.1570918175,                    0,          301409.8387,           301571.2087,                     0,           118.8580713,            -137.209913,                      0,        118.8580712,         137.1487798,                   0,                90.54526237,                 182.3246711,                           0,              -1.8646652e-09,             -0.0008908914342,                          nan,                      0.7617931326,                        1.329393316,                                nan,           299.9989437,            300.1595583,                      0,            17152.32042,             16970.16954,                       0,       0.893133538,      0.5524007361,                 0,                 0,                 0,      0.4367850836,       0.375715606,      0.9806487003,                 0,      0.6184973608
        1871,     0.06097366993,      -6.670688044,      -4.059765884,      -1.236885549,                         9,      -4.355964199,               4,       -4.15324927,   2.585610745e-08,   1.088349367e-05,       1.251645682,       11.15979863,        10.3869134,         0.7098397611,         -0.7096710698,                     0,      0.4385414293,      0.6876356033,                 0,       288.8872158,       274.2168228,                 0,       15029.78697,         12365.3128,                  0,        0.1812403312,         0.1570917634,                    0,          301409.7868,           301572.3564,                     0,           118.8639224,           -137.2117549,                      0,        118.8639223,         137.1506105,                   0,                90.54963621,                 182.3291167,                           0,            -1.945339445e-09,             -0.0008910440071,                          nan,                      0.7617924303,                        1.329407985,                                nan,            299.998892,            300.1607007,                      0,            17152.30422,             16970.38117,                       0,      0.8932020701,      0.5523751362,                 0,                 0,                 0,      0.4368163612,      0.3757856347,      0.9806698659,                 0,      0.6184212449
        1872,     0.06096081911,      -6.672846903,      -4.064581934,      -1.237352751,                        10,      -4.278484807,               5,      -4.646088557,    3.10282136e-08,   1.306004904e-05,       1.501974818,       13.39175835,       12.46429607,         0.7098709207,         -0.7096805262,                     0,      0.4385663815,      0.6876507837,                 0,       288.8859768,       274.2169236,                 0,       15029.55632,        12365.31749,                  0,        0.1812383271,         0.1570917601,                    0,          301409.7645,           301573.6326,                     0,           118.8704545,           -137.2136053,                      0,        118.8704544,         137.1524525,                   0,                90.55456267,                 182.3340657,                           0,             -1.95192873e-09,             -0.0008911534544,                          nan,                      0.7617920122,                        1.329426215,                                nan,           299.9988698,            300.1619708,                      0,            17152.29402,             16970.61787,                       0,      0.8932867932,      0.5523466206,                 0,                 0,                 0,      0.4368544258,      0.3758703098,      0.9806985238,                 0,      0.6183306692
        1873,     0.06094836697,      -6.669696007,       -4.06753026,      -1.231098979,                        10,      -3.784156957,               5,       -4.23081576,   3.723513524e-08,   1.567186821e-05,       1.802369782,       16.07011002,       14.95715529,         0.7099050747,         -0.7096906677,                     0,      0.4385937656,      0.6876672312,                 0,       288.8846262,       274.2170523,                 0,       15029.30585,        12365.32802,                  0,         0.181236154,         0.1570918145,                    0,          301409.7497,           301575.0348,                     0,           118.8775991,           -137.2155282,                      0,         118.877599,         137.1543724,                   0,                  90.560005,                 182.3395098,                           0,             -1.88978877e-09,             -0.0008911835213,                          nan,                      0.7617920094,                        1.329447298,                                nan,            299.998855,            300.1633665,                      0,            17152.28589,             16970.88117,                       0,      0.8933908658,      0.5523158719,                 0,                 0,                 0,      0.4369002665,      0.3759717301,      0.9807371307,                 0,      0.6182242208
        1874,     0.06093626165,      -6.658675023,      -4.067668844,      -1.215030413,                        10,      -3.349969125,               6,      -4.715965424,   4.468401172e-08,   1.880599489e-05,       2.162843738,       19.28413203,       17.94858635,         0.7099419812,         -0.7097020782,                     0,      0.4386233626,      0.6876851601,                 0,       288.8831527,       274.2171785,                 0,       15029.03544,        12365.34257,                  0,        0.1812338176,         0.1570919211,                    0,          301409.7194,           301576.5453,                     0,           118.8853119,           -137.2176335,                      0,        118.8853118,         137.1564845,                   0,                90.56589314,                 182.3454451,                           0,            -1.827433205e-09,             -0.0008910712328,                          nan,                      0.7617921155,                        1.329470099,                                nan,           299.9988249,            300.1648699,                      0,            17152.27746,              16971.1715,                       0,      0.8935186021,      0.5522843036,                 0,                 0,                 0,      0.4369552039,       0.376092471,      0.9807894257,                 0,        0.61810051
        1875,     0.06092465378,      -6.640868372,       -4.06535786,      -1.190879918,                        10,        -2.9755275,               6,      -4.286842916,   5.362348933e-08,   2.256688072e-05,       2.162843738,       19.28413203,       17.94858635,         0.7099815818,         -0.7097153595,                     0,      0.4386550135,      0.6877048653,                 0,       288.8815539,       274.2172454,                 0,       15028.74673,        12365.35708,                  0,        0.1812313391,         0.1570920604,                    0,          301409.6631,           301578.1228,                     0,           118.8935693,           -137.2200445,                      0,        118.8935692,         137.1589174,                   0,                 90.5721676,                 182.3518792,                           0,            -1.844383535e-09,             -0.0008907361558,                          nan,                       0.761791981,                        1.329493427,                                nan,           299.9987689,            300.1664401,                      0,            17152.26899,             16971.48734,                       0,      0.8936757648,      0.5522546215,                 0,                 0,                 0,      0.4370208864,      0.3762354767,      0.9808610532,                 0,      0.6179585967
        1876,     0.06091302019,       -6.61888954,      -4.061738065,      -1.162287138,                        10,      -3.015784923,               6,      -4.284624029,   5.362671701e-08,   2.256655358e-05,       2.595412486,       23.14095843,       21.53830362,         0.7100198622,         -0.7097286572,                     0,      0.4386850413,      0.6877238615,                 0,       288.8801353,       274.2172141,                 0,       15028.49643,         12365.3583,                  0,        0.1812292108,         0.1570920876,                    0,          301409.7122,            301579.536,                     0,           118.9013761,           -137.2225324,                      0,         118.901376,         137.1614401,                   0,                 90.5781978,                 182.3579279,                           0,             -1.92841354e-09,             -0.0008902134575,                          nan,                      0.7617926795,                        1.329513074,                                nan,           299.9988177,            300.1678466,                      0,            17152.28792,              16971.7735,                       0,      0.8938342036,      0.5522341228,                 0,                 0,                 0,      0.4370851716,      0.3763739326,      0.9809407591,                 0,      0.6178261254
        1877,      0.0609014197,      -6.602775637,      -4.060085087,      -1.141703411,                        10,      -2.682504504,               7,      -4.629852911,   6.435597358e-08,   2.707949298e-05,      0.2595412486,       2.314095843,       2.153830362,         0.7100588688,         -0.7097431455,                     0,        0.43871633,      0.6877446455,                 0,       288.8785913,       274.2170181,                 0,       15028.22004,        12365.35364,                  0,        0.1812268463,         0.1570921336,                    0,          301409.6948,           301580.9002,                     0,           118.9094596,           -137.2251983,                      0,        118.9094595,         137.1641606,                   0,                90.58452007,                 182.3645292,                           0,            -2.084099004e-09,             -0.0008894005746,                          nan,                      0.7617940613,                        1.329534832,                                nan,           299.9988005,            300.1692044,                      0,            17152.28986,              16972.0769,                       0,      0.8940301956,      0.5522217937,                 0,                 0,                 0,      0.4371623138,      0.3765373104,      0.9810497205,                 0,      0.6176768932
        1878,     0.06088179042,      -6.583592164,      -4.056786879,      -1.117638881,                         4,      -4.560614227,               2,      -4.001498067,   6.436069959e-09,   2.707910308e-06,      0.3114494983,       2.776915012,       2.584596434,         0.7100681956,         -0.7097451021,                     0,       0.438721677,      0.6877472458,                 0,       288.8786797,       274.2170266,                 0,       15028.24019,        12365.34087,                  0,        0.1812270338,          0.157091966,                    0,          301410.0594,           301581.1085,                     0,           118.9108985,           -137.2257125,                      0,        118.9108984,         137.1646804,                   0,                90.58567549,                 182.3652324,                           0,            -1.989162057e-09,             -0.0008893162471,                          nan,                        0.76179456,                         1.32953492,                                nan,           299.9991633,            300.1694118,                      0,            17152.36709,             16972.09875,                       0,      0.8940426827,      0.5522230229,                 0,                 0,                 0,      0.4371672468,      0.3765464986,      0.9810582653,                 0,      0.6176696411
        1879,      0.0608620525,      -6.592862349,      -4.061131485,      -1.130546959,                         4,      -4.149674578,               3,      -5.416756912,   7.723343269e-09,   3.249481782e-06,       0.373739398,       3.332298014,       3.101515721,         0.7100767554,         -0.7097472907,                     0,      0.4387273444,      0.6877503812,                 0,       288.8786484,       274.2170362,                 0,       15028.23441,        12365.32909,                  0,        0.1812269838,           0.15709181,                    0,          301410.3154,            301581.359,                     0,           118.9123647,           -137.2262573,                      0,        118.9123646,         137.1652332,                   0,                  90.586924,                 182.3661382,                           0,            -1.842896502e-09,              -0.000889196223,                          nan,                       0.761795666,                        1.329536165,                                nan,           299.9994181,            300.1696611,                      0,              17152.418,             16972.12996,                       0,      0.8940588363,      0.5522239233,                 0,                 0,                 0,      0.4371735104,      0.3765588027,      0.9810687704,                 0,      0.6176594883
        1880,     0.06084351616,       -6.60419179,      -4.064799057,       -1.14552056,                         5,      -4.675110741,               3,        -5.0380763,   9.268097074e-09,   3.899363563e-06,      0.4484872776,       3.998757617,       3.721818865,         0.7100847596,         -0.7097495957,                     0,      0.4387334548,      0.6877541028,                 0,       288.8784908,       274.2170415,                 0,       15028.20139,        12365.31794,                  0,        0.1812266845,         0.1570916642,                    0,          301410.4622,           301581.6495,                     0,           118.9139015,           -137.2268107,                      0,        118.9139014,         137.1657977,                   0,                90.58827503,                 182.3672827,                           0,            -1.675360628e-09,             -0.0008890311388,                          nan,                      0.7617971821,                        1.329539038,                                nan,           299.9995642,            300.1699502,                      0,             17152.4423,             16972.17076,                       0,       0.894079971,      0.5522242519,                 0,                 0,                 0,      0.4371815759,      0.3765754157,      0.9810818392,                 0,      0.6176452553
        1881,     0.06082506722,      -6.617390387,      -4.068047034,      -1.162483556,                         5,      -4.220016845,               3,      -4.672518541,   1.112183869e-08,   4.679216404e-06,      0.5381847331,        4.79850914,       4.466182638,          0.710092691,         -0.7097518259,                     0,      0.4387401924,      0.6877584298,                 0,       288.8782121,       274.2170376,                 0,       15028.14294,        12365.30699,                  0,        0.1812261545,         0.1570915256,                    0,          301410.5145,           301581.9759,                     0,           118.9155775,           -137.2273369,                      0,        118.9155774,         137.1663388,                   0,                90.58974431,                 182.3686993,                           0,            -1.521833659e-09,             -0.0008888115799,                          nan,                      0.7617988011,                        1.329544121,                                nan,           299.9996163,            300.1702751,                      0,            17152.44394,             16972.22079,                       0,      0.8941076879,       0.552223898,                 0,                 0,                 0,      0.4371920499,      0.3765976782,      0.9810983537,                 0,      0.6176257127
        1882,     0.06080778906,       -6.63105095,       -4.07105205,        -1.1798574,                         6,      -4.513882424,               3,      -4.321065641,   1.334638182e-08,   5.615032831e-06,      0.6458216797,       5.758210968,       5.359419166,         0.7101012088,         -0.7097537218,                     0,       0.438747767,      0.6877633338,                 0,       288.8778312,       274.2170226,                 0,         15028.064,        12365.29605,                  0,        0.1812254414,          0.157091393,                    0,          301410.5029,           301582.3339,                     0,           118.9174718,            -137.227786,                      0,        118.9174717,          137.166807,                   0,                90.59135402,                  182.370414,                           0,             -1.40947698e-09,             -0.0008885289425,                          nan,                      0.7618002023,                        1.329552083,                                nan,           299.9996048,            300.1706314,                      0,            17152.43068,              16972.2793,                       0,      0.8941438079,      0.5522229935,                 0,                 0,                 0,       0.437205657,      0.3766269589,      0.9811195226,                 0,      0.6175997514
        1883,     0.06079034315,      -6.643070136,      -4.074016924,      -1.195013191,                         6,      -4.051091846,               4,      -5.175586304,   1.601591009e-08,   6.738003393e-06,      0.7749860157,       6.909853162,       6.431302999,         0.7101109407,         -0.7097549878,                     0,      0.4387563473,      0.6877687318,                 0,       288.8773776,       274.2169993,                 0,       15027.97141,         12365.2855,                  0,        0.1812246095,         0.1570912695,                    0,          301410.4667,             301582.72,                     0,           118.9196475,           -137.2280969,                      0,        118.9196474,         137.1671421,                   0,                90.59312874,                  182.372441,                           0,            -1.346041612e-09,              -0.000888175927,                          nan,                      0.7618011887,                        1.329563613,                                nan,           299.9995687,            300.1710157,                      0,            17152.41205,             16972.34547,                       0,      0.8941902644,      0.5522219807,                 0,                 0,                 0,      0.4372231843,      0.3766645276,       0.981146869,                 0,      0.6175665321
        1884,      0.0607742513,      -6.652225661,      -4.077177123,      -1.206104631,                         7,      -4.200876393,               4,      -4.752470077,   1.921945433e-08,   8.085556175e-06,      0.9299832188,       8.291823794,       7.717563599,         0.7101222322,         -0.7097553575,                     0,      0.4387659805,      0.6877744887,                 0,       288.8768843,       274.2169768,                 0,       15027.87194,        12365.27657,                  0,        0.1812237194,         0.1570911655,                    0,          301410.4427,           301583.1336,                     0,           118.9221225,           -137.2282084,                      0,        118.9221224,          137.167283,                   0,                 90.5950856,                 182.3747764,                           0,            -1.317821741e-09,             -0.0008877454398,                          nan,                      0.7618017888,                        1.329579273,                                nan,           299.9995448,            300.1714273,                      0,            17152.39625,             16972.41885,                       0,      0.8942490037,      0.5522216048,                 0,                 0,                 0,      0.4372454043,      0.3767114809,      0.9811821654,                 0,      0.6175255465
        1885,     0.06075946866,      -6.659074664,      -4.080492104,      -1.213336482,                         8,       -4.25377579,               4,       -4.35149351,   2.306386683e-08,   9.702604242e-06,       1.115979863,       9.950188553,       9.261076318,          0.710134994,         -0.7097547061,                     0,      0.4387765399,      0.6877804444,                 0,       288.8763786,       274.2169691,                 0,       15027.77039,        12365.27136,                  0,         0.181222812,         0.1570910998,                    0,          301410.4529,           301583.5776,                     0,           118.9248552,           -137.2280783,                      0,        118.9248551,         137.1671886,                   0,                90.59721973,                 182.3773943,                           0,            -1.299170216e-09,             -0.0008872262048,                          nan,                      0.7618022294,                        1.329599274,                                nan,            299.999555,            300.1718693,                      0,            17152.38748,             16972.49984,                       0,      0.8943219379,       0.552222878,                 0,                 0,                 0,      0.4372730071,      0.3767687265,      0.9812273754,                 0,      0.6174766095
        1886,     0.06074612968,      -6.664121085,      -4.083229219,      -1.217004672,                         9,      -4.220962451,               5,      -4.887368639,   2.767739255e-08,   1.164304252e-05,       1.339175835,       11.94022626,       11.11329158,         0.7101487521,         -0.7097531731,                     0,      0.4387877287,      0.6877864623,                 0,       288.8758763,       274.2169885,                 0,       15027.66914,        12365.27235,                  0,        0.1812219062,         0.1570910967,                    0,          301410.4988,           301584.0549,                     0,           118.9277536,           -137.2277096,                      0,        118.9277535,         137.1668634,                   0,                90.59949148,                 182.3802443,                           0,            -1.268944061e-09,              -0.000886595704,                          nan,                       0.761802765,                        1.329623203,                                nan,           299.9996007,            300.1723444,                      0,            17152.38544,             16972.58965,                       0,      0.8944110308,      0.5522270815,                 0,                 0,                 0,      0.4373066061,      0.3768370503,      0.9812847085,                 0,       0.617419802
        1887,     0.06073510069,      -6.665284638,      -4.084012041,      -1.214666759,                        10,       -4.12587929,               5,      -4.456659846,   3.321395728e-08,   1.397154397e-05,       1.607011002,       14.32827152,        13.3359499,         0.7101628603,         -0.7097511975,                     0,      0.4387991363,      0.6877924825,                 0,       288.8753846,       274.2170308,                 0,       15027.56945,        12365.28077,                  0,        0.1812210124,         0.1570911742,                    0,          301410.5669,            301584.556,                     0,           118.9307029,           -137.2271666,                      0,        118.9307028,         137.1663742,                   0,                 90.6018242,                 182.3832538,                           0,            -1.223512291e-09,             -0.0008858144485,                          nan,                      0.7618034878,                        1.329649886,                                nan,           299.9996685,            300.1728431,                      0,            17152.38739,             16972.68897,                       0,      0.8945185344,      0.5522358754,                 0,                 0,                 0,      0.4373468344,      0.3769172375,      0.9813568498,                 0,      0.6173554311
        1888,     0.06072451038,      -6.659111192,      -4.081600364,      -1.202866728,                        10,      -3.650749612,               5,      -4.057888976,   3.985831722e-08,   1.676571534e-05,       1.928413203,       17.19392582,       16.00313988,         0.7101766803,         -0.7097493796,                     0,      0.4388102924,      0.6877985406,                 0,       288.8749133,       274.2170592,                 0,       15027.47365,        12365.29471,                  0,        0.1812201529,         0.1570913292,                    0,          301410.6434,           301585.0427,                     0,           118.9335814,           -137.2265611,                      0,        118.9335813,         137.1658368,                   0,                90.60411697,                 182.3863389,                           0,            -1.175563091e-09,              -0.000884826872,                          nan,                      0.7618043278,                        1.329677586,                                nan,           299.9997446,            300.1733275,                      0,            17152.39125,             16972.79552,                       0,      0.8946472435,      0.5522515504,                 0,                 0,                 0,      0.4373944471,      0.3770101234,       0.981447315,                 0,      0.6172841356
        1889,     0.06071322804,      -6.644381026,      -4.075903015,      -1.181409089,                        10,      -3.241438709,               6,      -4.534934205,   4.783224418e-08,   2.011868467e-05,       2.314095843,       20.63271098,       19.20376785,         0.7101895312,         -0.7097481854,                     0,      0.4388206393,      0.6878047219,                 0,       288.8744904,       274.2170012,                 0,       15027.38743,        12365.30861,                  0,        0.1812193783,         0.1570915326,                    0,          301410.7293,           301585.4408,                     0,           118.9362419,           -137.2260011,                      0,        118.9362418,         137.1653632,                   0,                90.60626166,                 182.3894217,                           0,            -1.140614825e-09,             -0.0008835713796,                          nan,                       0.761805319,                        1.329704653,                                nan,           299.9998301,            300.1737238,                      0,            17152.39781,             16972.90268,                       0,      0.8948004686,      0.5522773348,                 0,                 0,                 0,       0.437450219,      0.3771163848,      0.9815606784,                 0,      0.6172072481
        1890,     0.06070210116,      -6.622418464,      -4.068047287,      -1.153109367,                        10,      -2.894812427,               6,      -4.123887556,   5.740195729e-08,   2.414220719e-05,      0.2314095843,       2.063271098,       1.920376785,         0.7102004085,         -0.7097476012,                     0,      0.4388293929,      0.6878110376,                 0,        288.874175,       274.2167633,                 0,         15027.321,        12365.31511,                  0,         0.181218775,         0.1570917442,                    0,          301410.8462,           301585.6477,                     0,           118.9384595,           -137.2255123,                      0,        118.9384594,         137.1649827,                   0,                90.60813783,                 182.3924447,                           0,            -1.128322435e-09,             -0.0008819979929,                          nan,                      0.7618068899,                        1.329730381,                                nan,           299.9999465,            300.1739297,                      0,            17152.41081,             16973.00021,                       0,      0.8949815909,      0.5523178079,                 0,                 0,                 0,      0.4375146075,      0.3772359365,      0.9817026317,                 0,      0.6171275628
        1891,     0.06068273636,      -6.595002447,      -4.059029433,      -1.120651687,                         4,      -4.826507978,               2,       -4.14989188,   5.740588036e-09,   2.414199382e-06,      0.2776915012,       2.475925318,       2.304452142,         0.7102027702,         -0.7097466455,                     0,      0.4388306104,      0.6878112634,                 0,       288.8741621,       274.2168239,                 0,       15027.32112,        12365.31366,                  0,        0.1812187846,          0.157091691,                    0,          301410.8948,           301585.7318,                     0,           118.9388487,           -137.2253533,                      0,        118.9388486,         137.1648349,                   0,                90.60830593,                 182.3927023,                           0,            -1.105279424e-09,             -0.0008818348672,                          nan,                      0.7618058102,                        1.329733692,                                nan,           299.9999948,            300.1740134,                      0,            17152.42331,             16973.00169,                       0,      0.8949939983,      0.5523220391,                 0,                 0,                 0,      0.4375190811,      0.3772432423,      0.9817135162,                 0,      0.6171237351
        1892,     0.06066381801,       -6.59931046,      -4.062749436,      -1.127740251,                         4,       -4.40899772,               3,      -5.632343507,   6.888754395e-09,     2.8970325e-06,      0.3332298014,       2.971110382,       2.765342571,         0.7102049914,         -0.7097454412,                     0,      0.4388318877,      0.6878115442,                 0,       288.8741312,       274.2168755,                 0,       15027.31708,        12365.31119,                  0,        0.1812187554,         0.1570916293,                    0,          301410.9275,           301585.8097,                     0,           118.9392399,           -137.2251443,                      0,        118.9392398,         137.1646426,                   0,                90.60849738,                 182.3930228,                           0,            -1.075624367e-09,             -0.0008815929927,                          nan,                      0.7618049141,                        1.329737893,                                nan,           300.0000274,            300.1740909,                      0,            17152.43166,             16973.00224,                       0,      0.8950095267,      0.5523269732,                 0,                 0,                 0,      0.4375245825,      0.3772526047,      0.9817268513,                 0,      0.6171185408
        1893,      0.0606448387,      -6.605977528,      -4.066178778,      -1.137491132,                         4,      -4.008730978,               3,      -5.246812729,    8.26657532e-09,   3.476429865e-06,      0.3998757617,       3.565332458,       3.318411085,         0.7102070361,         -0.7097438965,                     0,      0.4388332094,      0.6878118624,                 0,       288.8740837,       274.2169125,                 0,       15027.30897,         12365.3074,                  0,        0.1812186873,         0.1570915589,                    0,          301410.9453,           301585.8735,                     0,           118.9396269,           -137.2248662,                      0,        118.9396269,         137.1643876,                   0,                90.60871213,                  182.393412,                           0,            -1.038862107e-09,             -0.0008812581553,                          nan,                      0.7618042406,                        1.329743202,                                nan,           300.0000451,            300.1741545,                      0,            17152.43581,             16973.00112,                       0,      0.8950291894,      0.5523327209,                 0,                 0,                 0,        0.43753143,      0.3772647628,      0.9817433387,                 0,      0.6171114053
        1894,     0.06062681562,      -6.615635002,      -4.069227046,      -1.150723619,                         5,      -4.512534739,               3,      -4.873786994,   9.919990975e-09,   4.171703733e-06,       0.479850914,        4.27839895,       3.982093302,         0.7102088898,         -0.7097418843,                     0,      0.4388345504,      0.6878121792,                 0,       288.8740243,       274.2169287,                 0,       15027.29761,        12365.30208,                  0,        0.1812185876,         0.1570914804,                    0,          301410.9517,           301585.9134,                     0,           118.9400028,           -137.2244925,                      0,        118.9400028,         137.1640441,                   0,                90.60894738,                 182.3938721,                           0,            -9.954977953e-10,             -0.0008808195589,                          nan,                       0.761803811,                        1.329749886,                                nan,           300.0000514,            300.1741942,                      0,            17152.43645,             16972.99738,                       0,      0.8950542432,      0.5523395224,                 0,                 0,                 0,      0.4375400408,      0.3772805708,      0.9817639315,                 0,      0.6171017305
        1895,     0.06060931767,       -6.62770124,      -4.071889048,      -1.166904905,                         5,      -4.068764972,               3,      -4.514280361,   1.190413358e-08,   5.006028795e-06,      0.5758210968,        5.13407874,       4.778511963,         0.7102105431,         -0.7097392326,                     0,      0.4388358637,      0.6878124248,                 0,        288.873962,        274.216918,                 0,       15027.28473,        12365.29515,                  0,        0.1812184713,         0.1570913964,                    0,          301410.9535,           301585.9171,                     0,            118.940356,           -137.2239864,                      0,         118.940356,          137.163576,                   0,                90.60919549,                 182.3943998,                           0,            -9.477453267e-10,             -0.0008802701204,                          nan,                      0.7618036346,                        1.329758272,                                nan,           300.0000533,            300.1741979,                      0,            17152.43507,             16972.98981,                       0,      0.8950861518,      0.5523478218,                 0,                 0,                 0,      0.4375509272,      0.3773009239,      0.9817898697,                 0,      0.6170890039
        1896,     0.06059268624,      -6.640130639,      -4.074304976,      -1.183700236,                         6,      -4.341419012,               3,      -4.169217656,   1.428516765e-08,   6.007214698e-06,      0.6909853162,       6.160894487,       5.734214355,         0.7102119498,         -0.7097357144,                     0,      0.4388370589,      0.6878124851,                 0,       288.8739101,       274.2168752,                 0,       15027.27286,        12365.28674,                  0,        0.1812183608,         0.1570913115,                    0,          301410.9603,           301585.8701,                     0,           118.9406642,           -137.2232994,                      0,        118.9406641,         137.1629349,                   0,                90.60944092,                 182.3949829,                           0,            -9.006705382e-10,             -0.0008796057108,                          nan,                      0.7618037246,                        1.329768738,                                nan,             300.00006,             300.174151,                      0,            17152.43365,             16972.97682,                       0,      0.8951265041,      0.5523583077,                 0,                 0,                 0,      0.4375646619,      0.3773266688,      0.9818226639,                 0,      0.6170728999
        1897,     0.06057775248,       -6.65049018,       -4.07664871,      -1.197963682,                         7,      -4.495631544,               4,      -4.986654672,   1.714249907e-08,    7.20863304e-06,      0.8291823794,       7.393073385,       6.881057226,         0.7102129672,         -0.7097310626,                     0,      0.4388379752,      0.6878121917,                 0,       288.8738862,       274.2167977,                 0,        15027.2652,        12365.27735,                  0,        0.1812182834,         0.1570912336,                    0,           301410.982,           301585.7564,                     0,           118.9408853,           -137.2223723,                      0,        118.9408852,          137.162062,                   0,                 90.6096556,                 182.3955957,                           0,            -8.637667248e-10,              -0.000878822692,                          nan,                      0.7618041132,                        1.329781669,                                nan,           300.0000816,            300.1740379,                      0,            17152.43421,              16972.9565,                       0,      0.8951769056,      0.5523719181,                 0,                 0,                 0,      0.4375818106,      0.3773585141,      0.9818640334,                 0,      0.6170533608
        1898,     0.06056257441,      -6.657852579,      -4.078821638,       -1.20791083,                         7,      -4.023478207,               4,      -4.572824877,   2.057142733e-08,   8.650329653e-06,      0.9950188553,       8.871688062,       8.257268671,         0.7102133046,         -0.7097250544,                     0,      0.4388383559,      0.6878113281,                 0,       288.8739102,       274.2166895,                 0,       15027.26523,        12365.26835,                  0,        0.1812182687,         0.1570911779,                    0,          301411.0265,           301585.5638,                     0,           118.9409515,           -137.2211479,                      0,        118.9409514,         137.1609005,                   0,                90.60979305,                 182.3961945,                           0,            -8.518536987e-10,             -0.0008779137405,                          nan,                       0.761804845,                        1.329797295,                                nan,           300.0001259,            300.1738462,                      0,            17152.43811,             16972.92742,                       0,      0.8952388815,       0.552389829,                 0,                 0,                 0,      0.4376028507,      0.3773969605,      0.9819158378,                 0,      0.6170306501
        1899,     0.06054858805,       -6.66276976,       -4.08021826,      -1.213452157,                         8,      -4.065434165,               4,      -4.181481642,   2.468632995e-08,   1.038035916e-05,       1.194022626,       10.64602567,       9.908722406,         0.7102125142,         -0.7097176785,                     0,      0.4388378412,      0.6878096693,                 0,       288.8740023,       274.2165622,                 0,       15027.27641,        12365.26239,                  0,        0.1812183458,         0.1570911711,                    0,          301411.0963,           301585.2878,                     0,           118.9407685,           -137.2195986,                      0,        118.9407685,          137.159424,                   0,                90.60978314,                 182.3967143,                           0,              -8.8253993e-10,             -0.0008768622033,                          nan,                      0.7618059333,                          1.3298154,                                nan,           300.0001954,            300.1735715,                      0,            17152.44565,             16972.88975,                       0,      0.8953138711,      0.5524134716,                 0,                 0,                 0,      0.4376281277,      0.3774422855,      0.9819800876,                 0,       0.617005376
        1900,     0.06053618748,      -6.664398137,       -4.07989216,      -1.213252489,                         9,       -4.03093359,               5,       -4.70509116,   2.962448627e-08,   1.245638633e-05,       1.432827152,       12.77523081,       11.89046689,         0.7102100354,         -0.7097092933,                     0,      0.4388359857,      0.6878070528,                 0,       288.8741817,       274.2164257,                 0,       15027.30218,        12365.26271,                  0,        0.1812185439,          0.157091249,                    0,           301411.189,           301584.9269,                     0,           118.9402234,            -137.217759,                      0,        118.9402233,         137.1576692,                   0,                90.60953207,                 182.3970687,                           0,            -9.682786795e-10,             -0.0008756381323,                          nan,                      0.7618073141,                        1.329834997,                                nan,           300.0002877,            300.1732123,                      0,            17152.45622,             16972.84548,                       0,      0.8954033375,      0.5524446346,                 0,                 0,                 0,      0.4376578956,      0.3774945693,      0.9820590925,                 0,      0.6169785297
        1901,      0.0611858613,      -6.659263989,      -4.077057567,      -1.203644915,                        10,      -3.947495866,               5,      -4.290056782,   3.555066933e-08,   1.494760793e-05,       1.719392582,       15.33027697,       14.26856026,         0.7102052406,         -0.7097006022,                     0,      0.4388322817,      0.6878034376,                 0,       288.8744703,       274.2162679,                 0,       15027.34648,        12365.27091,                  0,        0.1812188971,         0.1570914383,                    0,          301411.3015,           301584.4644,                     0,           118.9391886,           -137.2157367,                      0,        118.9391885,         137.1557465,                   0,                90.60893105,                 182.3971561,                           0,            -1.107143599e-09,             -0.0008742001203,                          nan,                      0.7618088889,                        1.329854277,                                nan,           300.0003996,            300.1727519,                      0,            17152.46921,             16972.79605,                       0,      0.8955090212,       0.552485664,                 0,                 0,                 0,      0.4376924747,      0.3775537745,      0.9821557735,                 0,      0.6169515336
        1902,     0.06117389932,      -6.644912627,      -4.071603935,      -1.183030406,                        10,      -3.505342774,               6,      -4.802480641,   4.266266047e-08,   1.793705992e-05,       2.063271098,       18.39633237,       17.12227232,         0.7101973823,         -0.7096923539,                     0,      0.4388261335,      0.6877988926,                 0,       288.8749026,       274.2160358,                 0,       15027.41518,        12365.28426,                  0,        0.1812194545,          0.157091735,                    0,          301411.4392,           301583.8468,                     0,           118.9375068,           -137.2136746,                      0,        118.9375067,         137.1538017,                   0,                90.60786641,                 182.3968738,                           0,             -1.28380595e-09,             -0.0008725045252,                          nan,                      0.7618107099,                        1.329871076,                                nan,           300.0005367,            300.1721373,                      0,            17152.48524,              16972.7386,                       0,      0.8956331234,      0.5525397754,                 0,                 0,                 0,      0.4377324171,      0.3776197037,      0.9822740221,                 0,      0.6169264635
        1903,     0.06116202237,      -6.623354999,      -4.064222925,       -1.15515463,                        10,      -3.125242466,               6,      -4.377630204,   5.119787325e-08,    2.15243878e-05,       2.475925318,       22.07559884,       20.54672678,         0.7101854068,         -0.7096848796,                     0,      0.4388167359,      0.6877934796,                 0,        288.875536,       274.2156389,                 0,       15027.51759,        12365.29566,                  0,         0.181220292,         0.1570921006,                    0,          301411.6214,           301582.9789,                     0,           118.9349516,           -137.2116663,                      0,        118.9349515,         137.1519306,                   0,                90.60620716,                 182.3961336,                           0,            -1.489893986e-09,             -0.0008705190314,                          nan,                       0.761813126,                        1.329883822,                                nan,            300.000718,            300.1712734,                      0,            17152.50677,              16972.6641,                       0,       0.895777907,      0.5526113274,                 0,                 0,                 0,      0.4377783432,      0.3776915155,       0.982418677,                 0,      0.6169066273
        1904,     0.06115047575,      -6.599316172,      -4.055717272,      -1.126053041,                        10,      -2.797894199,               7,      -4.752002222,   6.144131105e-08,   2.582917231e-05,      0.2475925318,       2.207559884,       2.054672678,         0.7101677846,         -0.7096777154,                     0,      0.4388029192,      0.6877870457,                 0,       288.8764497,       274.2149762,                 0,       15027.66657,        12365.29678,                  0,        0.1812215155,          0.157092487,                    0,          301411.8709,           301581.7372,                     0,           118.9311975,           -137.2096626,                      0,        118.9311974,         137.1500845,                   0,                90.60375665,                 182.3948589,                           0,            -1.757469614e-09,             -0.0008682357094,                          nan,                      0.7618165683,                        1.329892428,                                nan,           300.0009663,            300.1700375,                      0,            17152.53663,             16972.55866,                       0,      0.8959440915,      0.5527057657,                 0,                 0,                 0,      0.4378300712,      0.3777664823,       0.982594506,                 0,      0.6168976066
        1905,     0.06113049622,      -6.576038198,      -4.046008491,      -1.099087789,                         4,      -4.659597648,               2,      -4.034681415,   6.144594079e-09,   2.582910032e-06,      0.2971110382,       2.649071861,       2.465607214,         0.7101631986,         -0.7096750363,                     0,        0.43880013,      0.6877852409,                 0,       288.8763595,       274.2150242,                 0,       15027.64974,        12365.29917,                  0,        0.1812213691,         0.1570924901,                    0,          301411.6347,            301581.652,                     0,           118.9305255,           -137.2091123,                      0,        118.9305254,         137.1495501,                   0,                90.60303198,                 182.3945674,                           0,            -1.775337433e-09,             -0.0008680069592,                          nan,                      0.7618147794,                        1.329895484,                                nan,           300.0007313,            300.1699527,                      0,            17152.48913,             16972.53466,                       0,      0.8959552601,      0.5527132186,                 0,                 0,                 0,      0.4378336062,      0.3777708503,      0.9826072027,                 0,       0.616898235
        1906,     0.06111043141,      -6.584659564,      -4.049872248,      -1.111315416,                         4,      -4.246949248,               3,      -5.467720931,   7.373570298e-09,   3.099487469e-06,      0.3565332458,       3.178886233,       2.958728656,         0.7101589263,         -0.7096718912,                     0,      0.4387971116,      0.6877830391,                 0,       288.8763404,       274.2150519,                 0,       15027.64749,        12365.30022,                  0,        0.1812213539,         0.1570924871,                    0,          301411.4611,            301581.513,                     0,             118.92982,           -137.2084633,                      0,        118.9298199,         137.1489253,                   0,                90.60225274,                 182.3941859,                           0,            -1.747718636e-09,              -0.000867658943,                          nan,                      0.7618127462,                        1.329898762,                                nan,           300.0005584,            300.1698143,                      0,            17152.45592,             16972.50217,                       0,      0.8959692481,      0.5527223263,                 0,                 0,                 0,       0.437837952,      0.3777764583,      0.9826229242,                 0,       0.616898769
        1907,     0.06109156504,      -6.596715177,      -4.053287587,      -1.127510742,                         5,      -4.783987803,               3,      -5.087703607,   8.848366865e-09,   3.719379072e-06,       0.427839895,       3.814663479,       3.550474388,         0.7101547746,         -0.7096681971,                     0,      0.4387937305,      0.6877803468,                 0,       288.8764053,       274.2150511,                 0,       15027.66206,        12365.29958,                  0,        0.1812214889,         0.1570924782,                    0,          301411.3565,           301581.3035,                     0,           118.9290362,           -137.2076975,                      0,        118.9290361,          137.148193,                   0,                90.60140841,                 182.3936875,                           0,            -1.674035577e-09,              -0.000867176775,                          nan,                       0.761810668,                        1.329902229,                                nan,           300.0004544,            300.1696059,                      0,            17152.43825,             16972.45918,                       0,      0.8959869583,      0.5527335704,                 0,                 0,                 0,      0.4378433587,      0.3777837324,      0.9826426007,                 0,      0.6168991248
        1908,     0.06107267931,      -6.612265504,      -4.056383342,      -1.148005688,                         5,      -4.321723803,               3,       -4.72071123,   1.061815875e-08,   4.463247686e-06,       0.513407874,       4.577596175,       4.260569265,         0.7101503384,         -0.7096638554,                     0,      0.4387897723,      0.6877770539,                 0,       288.8765637,       274.2150128,                 0,       15027.69452,        12365.29702,                  0,         0.181221781,         0.1570924661,                    0,          301411.3201,           301581.0052,                     0,           118.9281015,           -137.2067924,                      0,        118.9281014,         137.1473311,                   0,                90.60047743,                 182.3930402,                           0,            -1.564449015e-09,              -0.000866553005,                          nan,                      0.7618088272,                        1.329905867,                                nan,           300.0004181,            300.1693089,                      0,            17152.43514,              16972.4037,                       0,      0.8960094721,      0.5527476213,                 0,                 0,                 0,      0.4378501457,      0.3777931268,       0.982667421,                 0,      0.6168993058
        1909,     0.06105541471,      -6.629575208,      -4.059303241,      -1.171073082,                         6,      -4.603416747,               3,      -4.367704543,   1.274196064e-08,   5.355889087e-06,      0.6160894487,        5.49311541,       5.112683118,         0.7101450183,         -0.7096587386,                     0,      0.4387849398,      0.6877730272,                 0,       288.8768206,       274.2149274,                 0,       15027.74472,        12365.29251,                  0,        0.1812222252,         0.1570924555,                    0,           301411.342,           301580.5972,                     0,            118.926919,           -137.2057184,                      0,        118.9269189,         137.1463102,                   0,                90.59942224,                 182.3922072,                           0,            -1.441581521e-09,             -0.0008657856597,                          nan,                      0.7618075292,                        1.329909693,                                nan,           300.0004399,            300.1689029,                      0,            17152.44341,              16972.3336,                       0,      0.8960379852,      0.5527653621,                 0,                 0,                 0,      0.4378586879,      0.3778050576,      0.9826988119,                 0,      0.6168994744
        1910,     0.06103804144,      -6.645446036,      -4.062109793,       -1.19292012,                         6,      -4.131480128,               3,      -4.029540411,   1.529059698e-08,   6.427058769e-06,      0.7393073385,       6.591738492,       6.135219742,         0.7101381047,         -0.7096526664,                     0,      0.4387788682,      0.6877681001,                 0,       288.8771782,       274.2147852,                 0,       15027.81188,        12365.28609,                  0,        0.1812228108,         0.1570924527,                    0,          301411.4058,           301580.0559,                     0,           118.9253769,           -137.2044347,                      0,        118.9253768,         137.1450897,                   0,                90.59818538,                 182.3911459,                           0,             -1.34069289e-09,             -0.0008648731418,                          nan,                      0.7618070071,                        1.329913789,                                nan,           300.0005034,            300.1683641,                      0,            17152.45846,             16972.24644,                       0,       0.896073695,      0.5527878811,                 0,                 0,                 0,      0.4378693711,      0.3778198175,      0.9827383649,                 0,      0.6169000208
        1911,     0.06102200696,      -6.657428385,      -4.064613412,      -1.209896134,                         7,      -4.266712148,               4,      -4.813154281,   1.834906698e-08,    7.71246403e-06,      0.8871688062,       7.910086191,        7.36226369,         0.7101289051,         -0.7096454091,                     0,      0.4387711529,        0.68776206,                 0,        288.877639,       274.2145786,                 0,       15027.89571,        12365.27802,                  0,        0.1812235326,         0.1570924656,                    0,          301411.4936,           301579.3566,                     0,           118.9233626,           -137.2028889,                      0,        118.9233625,         137.1436176,                   0,                90.59668824,                 182.3898046,                           0,            -1.306250774e-09,             -0.0008638079621,                          nan,                      0.7618073213,                        1.329918284,                                nan,           300.0005908,            300.1676681,                      0,            17152.47586,             16972.13937,                       0,        0.89611766,      0.5528164448,                 0,                 0,                 0,      0.4378825151,      0.3778374812,      0.9827877288,                 0,      0.6169016296
        1912,      0.0610071666,      -6.666004723,      -4.066267062,      -1.221346032,                         8,        -4.3294014,               4,      -4.409599851,   2.201938401e-08,   9.254954207e-06,       1.064602567,       9.492103429,       8.834716428,         0.7101168502,         -0.7096367736,                     0,       0.438761378,      0.6877546534,                 0,       288.8782103,       274.2143064,                 0,       15027.99743,        12365.26938,                  0,        0.1812244009,         0.1570925085,                    0,          301411.5918,           301578.4789,                     0,            118.920774,           -137.2010288,                      0,         118.920774,         137.1418432,                   0,                90.59483409,                 182.3881182,                           0,            -1.380946801e-09,             -0.0008625718651,                          nan,                      0.7618083121,                        1.329923194,                                nan,           300.0006886,            300.1667944,                      0,            17152.49279,             16972.01006,                       0,      0.8961706456,      0.5528524809,                 0,                 0,                 0,      0.4378982709,      0.3778577924,      0.9828485033,                 0,      0.6169053669
        1913,     0.06099358286,      -6.672987658,      -4.066353186,      -1.228456181,                         9,      -4.313650439,               4,      -4.028871868,   2.642398485e-08,   1.110594862e-05,       1.277523081,       11.39052411,       10.60165971,         0.7101015223,         -0.7096267775,                     0,      0.4387491378,      0.6877456237,                 0,        288.878906,       274.2139758,                 0,       15028.12003,        12365.26264,                  0,        0.1812254428,         0.1570926083,                    0,          301411.6941,           301577.4112,                     0,           118.9175234,           -137.1988311,                      0,        118.9175233,          137.139745,                   0,                90.59251589,                 182.3860035,                           0,            -1.586347165e-09,             -0.0008611352016,                          nan,                      0.7618096421,                        1.329928122,                                nan,           300.0007904,            300.1657318,                      0,            17152.50854,             16971.85799,                       0,      0.8962329806,      0.5528975866,                 0,                 0,                 0,      0.4379165168,      0.3778800448,       0.982922158,                 0,      0.6169127878
        1914,     0.06098166063,      -6.677024429,      -4.064462382,      -1.229401298,                        10,      -4.233622123,               5,        -4.5443197,   3.170982324e-08,   1.332714995e-05,       1.533027697,       13.66862894,       12.72199166,         0.7100825822,         -0.7096157891,                     0,      0.4387340427,      0.6877347747,                 0,       288.8797465,       274.2135925,                 0,       15028.26768,        12365.26092,                  0,        0.1812266961,         0.1570928016,                    0,          301411.8023,           301576.1449,                     0,           118.9135293,           -137.1963307,                      0,        118.9135292,         137.1373605,                   0,                90.58963024,                 182.3833578,                           0,            -1.908225689e-09,             -0.0008594628867,                          nan,                      0.7618109632,                        1.329931954,                                nan,            300.000898,            300.1644714,                      0,            17152.52392,             16971.68453,                       0,      0.8963044064,       0.552953552,                 0,                 0,                 0,      0.4379367762,      0.3779029477,      0.9830099601,                 0,      0.6169260667
        1915,      0.0609709107,      -6.672419813,      -4.060885632,      -1.218457373,                        10,      -3.751645758,               5,      -4.144101434,   3.805328558e-08,   1.599260081e-05,       1.839633237,       16.40235472,       15.26638999,         0.7100595974,         -0.7096044467,                     0,      0.4387156812,      0.6877220087,                 0,       288.8807637,       274.2131399,                 0,       15028.44569,        12365.26567,                  0,        0.1812282046,         0.1570931159,                    0,          301411.9283,           301574.6544,                     0,           118.9086905,           -137.1936236,                      0,        118.9086904,         137.1347874,                   0,                 90.5860923,                 182.3800615,                           0,            -2.307360192e-09,             -0.0008575265488,                          nan,                      0.7618122109,                         1.32993287,                                nan,           300.0010235,            300.1629878,                      0,            17152.54081,             16971.49013,                       0,      0.8963838765,      0.5530224218,                 0,                 0,                 0,      0.4379581724,      0.3779244297,      0.9831129022,                 0,       0.616948203
        1916,     0.06096091841,      -6.655382643,      -4.056428781,      -1.193534897,                        10,      -3.335005746,               6,      -4.649080218,   4.566609443e-08,   1.919115325e-05,       2.207559884,       19.68282567,       18.31966799,          0.710031787,         -0.7095932825,                     0,      0.4386934843,      0.6877072745,                 0,       288.8820106,        274.212564,                 0,       15028.66178,        12365.27413,                  0,        0.1812300282,         0.1570935473,                    0,          301412.0988,           301572.8761,                     0,           118.9028369,           -137.1908154,                      0,        118.9028367,         137.1321319,                   0,                90.58182798,                 182.3759866,                           0,            -2.758581141e-09,             -0.0008553183736,                          nan,                      0.7618138515,                         1.32992891,                                nan,           300.0011932,            300.1612179,                      0,            17152.56228,             16971.27021,                       0,      0.8964692655,      0.5531066881,                 0,                 0,                 0,      0.4379793819,      0.3779412901,      0.9832316786,                 0,      0.6169834364
        1917,     0.06094897096,      -6.630807846,      -4.051584358,      -1.162179833,                        10,      -2.977811824,               6,      -4.241482972,   5.480240031e-08,   2.302943462e-05,       2.207559884,       19.68282567,       18.31966799,         0.7099978046,         -0.7095822107,                     0,      0.4386665124,       0.687690399,                 0,       288.8835642,       274.2117804,                 0,       15028.92734,        12365.27935,                  0,        0.1812322559,         0.1570940558,                    0,          301412.3462,           301570.7042,                     0,           118.8956847,           -137.1879267,                      0,        118.8956845,         137.1294131,                   0,                90.57671423,                  182.371001,                           0,            -3.299398754e-09,               -0.00085286115,                          nan,                      0.7618166679,                         1.32991892,                                nan,           300.0014394,            300.1590561,                      0,            17152.59177,             16971.01264,                       0,      0.8965569982,      0.5532096586,                 0,                 0,                 0,      0.4379984812,      0.3779486801,      0.9833667539,                 0,      0.6170379125
        1918,     0.06093716972,      -6.607631898,      -4.045948716,       -1.13439268,                        10,      -3.013726154,               6,      -4.244813455,   5.480608646e-08,     2.3029507e-05,       2.649071861,        23.6193908,       21.98360158,         0.7099602026,         -0.7095705857,                     0,      0.4386371529,      0.6876725742,                 0,       288.8851519,       274.2109465,                 0,       15029.19376,        12365.27752,                  0,        0.1812344726,         0.1570945041,                    0,          301412.5076,           301568.4056,                     0,           118.8879339,           -137.1849939,                      0,        118.8879337,         137.1266443,                   0,                90.57105834,                 182.3656199,                           0,            -3.870563092e-09,             -0.0008504894551,                          nan,                      0.7618187611,                        1.329906532,                                nan,              300.0016,            300.1567683,                      0,            17152.59803,             16970.73157,                       0,      0.8966287675,      0.5533126343,                 0,                 0,                 0,      0.4380110226,      0.3779433687,      0.9834921596,                 0,      0.6171033702
        1919,     0.06092576609,      -6.599933457,      -4.042066094,       -1.12532096,                        10,      -2.681693814,               7,      -4.623794862,   6.577172387e-08,   2.763551364e-05,      0.2649071861,        2.36193908,       2.198360158,          0.709915274,         -0.7095569572,                     0,      0.4386014763,      0.6876515436,                 0,       288.8872046,        274.209811,                 0,       15029.54331,         12365.2638,                  0,        0.1812373999,          0.157094973,                    0,          301412.8326,           301565.5297,                     0,           118.8784903,           -137.1816349,                      0,          118.87849,         137.1234612,                   0,                90.56427101,                 182.3590933,                           0,            -4.677095933e-09,             -0.0008479469018,                          nan,                       0.761822185,                        1.329889807,                                nan,           300.0019235,            300.1539058,                      0,            17152.63511,             16970.38505,                       0,      0.8966952854,      0.5534386439,                 0,                 0,                 0,      0.4380176052,      0.3779199215,       0.983632706,                 0,      0.6171981194
        1920,     0.06090654206,      -6.595253722,      -4.036323452,      -1.119116845,                         4,      -4.467265361,               3,      -5.708778849,   6.577700156e-09,   2.763567095e-06,      0.3178886233,       2.834326896,        2.63803219,         0.7099039228,         -0.7095525925,                     0,      0.4385947506,      0.6876475163,                 0,       288.8870254,       274.2098669,                 0,        15029.5085,        12365.27408,                  0,        0.1812370926,         0.1570950721,                    0,          301412.3031,           301565.2836,                     0,            118.876791,            -137.180674,                      0,        118.8767908,         137.1225167,                   0,                 90.5626434,                 182.3581927,                           0,            -4.652785157e-09,             -0.0008477138682,                          nan,                       0.761819383,                        1.329892399,                                nan,           300.0013965,             300.153661,                      0,            17152.52717,              16970.3384,                       0,      0.8966993099,      0.5534469472,                 0,                 0,                 0,      0.4380179548,      0.3779180912,      0.9836417499,                 0,      0.6172046092
        1921,       0.060887132,      -6.611494491,      -4.040638904,      -1.140628592,                         4,      -4.055405753,               3,      -5.322031788,   7.893305147e-09,   3.316281296e-06,      0.3814663479,       3.401192276,       3.165638628,         0.7098935653,         -0.7095474815,                     0,      0.4385875881,      0.6876425664,                 0,       288.8870136,       274.2098874,                 0,       15029.50915,        12365.28195,                  0,        0.1812371078,         0.1570951599,                    0,          301411.9261,           301564.9265,                     0,           118.8750466,           -137.1795623,                      0,        118.8750463,         137.1214312,                   0,                90.56090107,                 182.3570185,                           0,            -4.456785496e-09,             -0.0008473384991,                          nan,                      0.7618159056,                        1.329894363,                                nan,           300.0010213,            300.1533055,                      0,            17152.45527,             16970.27363,                       0,      0.8967042385,      0.5534575163,                 0,                 0,                 0,      0.4380182612,       0.377915607,       0.983653144,                 0,      0.6172130034
        1922,     0.06086904472,      -6.630029883,      -4.044422793,      -1.165181721,                         5,      -4.563029099,               3,      -4.947773034,   9.472059662e-09,   3.979539303e-06,      0.4577596175,       4.081430731,       3.798766354,         0.7098837674,         -0.7095415314,                     0,      0.4385797311,      0.6876365076,                 0,       288.8871884,       274.2098623,                 0,       15029.54848,        12365.28694,                  0,        0.1812374724,         0.1570952365,                    0,          301411.7084,           301564.4328,                     0,           118.8731667,           -137.1782802,                      0,        118.8731665,          137.120186,                   0,                90.55902554,                 182.3555048,                           0,            -4.125142894e-09,             -0.0008468098904,                          nan,                      0.7618121753,                        1.329895402,                                nan,           300.0008046,            300.1528141,                      0,            17152.42047,             16970.18721,                       0,      0.8967102811,      0.5534711451,                 0,                 0,                 0,      0.4380184699,      0.3779121548,      0.9836676471,                 0,       0.617224043
        1923,     0.06085078274,      -6.649549926,      -4.048324207,      -1.191696173,                         5,       -4.10885165,               3,      -4.587053178,   1.136660607e-08,   4.775450812e-06,       0.549311541,       4.897716877,       4.558519624,         0.7098736467,         -0.7095346736,                     0,      0.4385707771,      0.6876291428,                 0,       288.8875561,       274.2097822,                 0,       15029.62601,        12365.28902,                  0,        0.1812381767,         0.1570953071,                    0,          301411.6361,           301563.7767,                     0,             118.87101,           -137.1768094,                      0,        118.8710097,         137.1187626,                   0,                90.55697904,                 182.3535799,                           0,            -3.729747289e-09,             -0.0008461275233,                          nan,                      0.7618087811,                        1.329895168,                                nan,           300.0007326,            300.1521611,                      0,            17152.41814,             16970.07613,                       0,       0.896717636,      0.5534887827,                 0,                 0,                 0,      0.4380185039,      0.3779073173,      0.9836861344,                 0,      0.6172386496
        1924,     0.06083352899,      -6.667308827,       -4.05250155,      -1.217059874,                         6,      -4.377586688,               3,      -4.240827962,   1.364012063e-08,   5.730548135e-06,      0.6591738492,       5.877260252,       5.470223549,         0.7098619847,         -0.7095268561,                     0,      0.4385602093,      0.6876202672,                 0,       288.8881081,       274.2096369,                 0,       15029.73776,        12365.28849,                  0,        0.1812391779,         0.1570953814,                    0,          301411.6739,           301562.9315,                     0,           118.8684004,           -137.1751314,                      0,        118.8684002,         137.1171423,                   0,                90.55469819,                 182.3511678,                           0,            -3.363826884e-09,             -0.0008452964883,                          nan,                      0.7618063172,                        1.329893292,                                nan,           300.0007703,            300.1513198,                      0,             17152.4385,             16969.93775,                       0,      0.8967264379,      0.5535114756,                 0,                 0,                 0,      0.4380182508,      0.3779005673,      0.9837095198,                 0,      0.6172578974
        1925,     0.06081789455,      -6.680942376,      -4.056550705,      -1.237765908,                         7,      -4.533957943,               4,      -5.077700158,   1.636842269e-08,   6.876670999e-06,      0.7910086191,       7.052712303,       6.564268259,         0.7098474964,         -0.7095180153,                     0,      0.4385474669,      0.6876096615,                 0,        288.888826,       274.2094157,                 0,         15029.878,        12365.28575,                  0,        0.1812404186,         0.1570954708,                    0,          301411.7742,           301561.8687,                     0,           118.8651606,           -137.1732237,                      0,        118.8651604,         137.1153025,                   0,                90.55209278,                 182.3481891,                           0,            -3.120456227e-09,             -0.0008443192415,                          nan,                      0.7618051622,                        1.329889413,                                nan,           300.0008701,             300.150262,                      0,            17152.46932,             16969.76941,                       0,      0.8967366787,      0.5535403063,                 0,                 0,                 0,      0.4380175369,      0.3778912425,      0.9837386596,                 0,      0.6172829989
        1926,     0.06080208915,      -6.690910296,      -4.059811997,      -1.252986043,                         7,      -4.051321277,               4,      -4.662341884,   1.964250679e-08,   8.252028143e-06,      0.9492103429,       8.463254764,       7.877121911,         0.7098291572,         -0.7095080635,                     0,      0.4385320355,      0.6875970822,                 0,       288.8896912,       274.2091087,                 0,       15030.04208,        12365.28127,                  0,        0.1812418544,         0.1570955869,                    0,          301411.8912,           301560.5593,                     0,            118.861148,           -137.1710585,                      0,        118.8611478,         137.1132157,                   0,                90.54905255,                 182.3445591,                           0,            -3.068127197e-09,             -0.0008431884953,                          nan,                      0.7618053015,                        1.329883178,                                nan,           300.0009866,            300.1489587,                      0,            17152.50009,             16969.56817,                       0,      0.8967481103,      0.5535763669,                 0,                 0,                 0,      0.4380160843,      0.3778784838,      0.9837742723,                 0,      0.6173153425
        1927,      0.0607874444,       -6.70011819,      -4.061871013,      -1.264974707,                         8,      -4.113922272,               4,      -4.269748987,   2.357158279e-08,   9.902470947e-06,       1.139052411,       10.15590572,       9.452546293,          0.709806408,         -0.7094969467,                     0,      0.4385135131,      0.6875822648,                 0,       288.8906962,        274.208711,                 0,       15030.22878,        12365.27594,                  0,        0.1812434753,         0.1570957438,                    0,          301411.9967,           301558.9779,                     0,           118.8562757,           -137.1686105,                      0,        118.8562755,         137.1108582,                   0,                90.54546247,                  182.340185,                           0,            -3.226391043e-09,             -0.0008418854768,                          nan,                      0.7618063252,                        1.329874142,                                nan,           300.0010916,            300.1473848,                      0,            17152.52533,             16969.33138,                       0,      0.8967601323,      0.5536207871,                 0,                 0,                 0,      0.4380134545,      0.3778611288,      0.9838168925,                 0,      0.6173566009
        1928,     0.06077419959,      -6.709808395,      -4.062876946,      -1.274569735,                         9,      -4.096663643,               5,      -4.826064849,    2.82867261e-08,   1.188302152e-05,       1.366862894,       12.18708686,       11.34305555,         0.7097790993,         -0.7094847679,                     0,      0.4384916176,       0.687564955,                 0,       288.8918507,       274.2082236,                 0,       15030.44071,        12365.27158,                  0,        0.1812453065,         0.1570959639,                    0,          301412.0866,            301557.107,                     0,           118.8505021,           -137.1658777,                      0,        118.8505019,         137.1082294,                   0,                90.54122273,                 182.3349647,                           0,            -3.555365224e-09,             -0.0008403859498,                          nan,                      0.7618076601,                        1.329861566,                                nan,           300.0011811,            300.1455226,                      0,            17152.54517,             16969.05778,                       0,       0.896771642,      0.5536747768,                 0,                 0,                 0,      0.4380089861,      0.3778375673,      0.9838668147,                 0,      0.6174088819
        1929,     0.06076229948,      -6.715478723,      -4.063495336,      -1.276394264,                        10,      -4.018504099,               5,      -4.410218856,   3.394526083e-08,   1.425970654e-05,       1.640235472,       14.62450423,       13.61166666,         0.7097471984,         -0.7094718628,                     0,      0.4384661272,      0.6875449547,                 0,       288.8931819,       274.2076461,                 0,       15030.68291,        12365.27038,                  0,        0.1812473919,          0.157096275,                    0,          301412.1778,           301554.9308,                     0,            118.843793,           -137.1628985,                      0,        118.8437928,          137.105369,                   0,                90.53626483,                 182.3287875,                           0,            -3.982805752e-09,             -0.0008386723318,                          nan,                      0.7618089486,                        1.329844256,                                nan,           300.0012718,            300.1433566,                      0,            17152.56309,              16968.7474,                       0,        0.89678079,      0.5537396384,                 0,                 0,                 0,      0.4380017273,       0.377805539,       0.983923954,                 0,      0.6174749108
        1930,      0.0607502318,      -6.708924453,      -4.064511249,      -1.262252888,                        10,      -3.562898756,               5,      -4.025703288,   4.073602304e-08,   1.711175857e-05,       1.968282567,       17.54940508,       16.33399999,         0.7097104221,         -0.7094586766,                     0,      0.4384367562,      0.6875221298,                 0,       288.8947324,       274.2069606,                 0,       15030.96155,        12365.27302,                  0,         0.181249779,         0.1570966962,                    0,          301412.3004,           301552.4198,                     0,             118.83607,           -137.1597431,                      0,        118.8360697,          137.102347,                   0,                90.53054959,                 182.3215351,                           0,            -4.465494974e-09,              -0.000836747994,                          nan,                      0.7618103646,                        1.329820672,                                nan,           300.0013939,            300.1408574,                      0,            17152.58327,             16968.39922,                       0,      0.8967846205,      0.5538167483,                 0,                 0,                 0,       0.437990361,      0.3777618584,      0.9839876141,                 0,      0.6175582582
        1931,     0.06073986113,      -6.689361133,      -4.066052738,       -1.23438388,                        10,      -3.170558186,               6,      -4.527130834,   4.888568165e-08,   2.053425926e-05,        2.36193908,       21.05928609,       19.60079999,         0.7096679975,         -0.7094454033,                     0,      0.4384029886,      0.6874963223,                 0,       288.8965584,       274.2061215,                 0,       15031.28391,        12365.27683,                  0,        0.1812525206,         0.1570972194,                    0,          301412.4867,           301549.5123,                     0,            118.827169,           -137.1564602,                      0,        118.8271687,         137.0992095,                   0,                90.52402593,                  182.313079,                           0,             -5.03966735e-09,             -0.0008346490893,                          nan,                      0.7618125294,                        1.329789425,                                nan,           300.0015793,            300.1379635,                      0,            17152.60879,             16968.00732,                       0,      0.8967787266,      0.5539075656,                 0,                 0,                 0,      0.4379730852,      0.3777021356,      0.9840562852,                 0,      0.6176635876
        1932,     0.06072859146,      -6.667614724,      -4.067093061,      -1.206866262,                        10,      -2.826825966,               6,       -4.13874883,   5.866633057e-08,   2.464131325e-05,       0.236193908,       2.105928609,       1.960079999,         0.7096187317,         -0.7094315673,                     0,      0.4383639779,      0.6874671654,                 0,       288.8987146,       274.2050647,                 0,       15031.65785,        12365.27613,                  0,        0.1812556769,         0.1570978095,                    0,          301412.7508,           301546.1106,                     0,            118.816851,           -137.1529978,                      0,        118.8168506,         137.0958995,                   0,                90.51655494,                 182.3032666,                           0,            -5.830825822e-09,             -0.0008324487014,                          nan,                       0.761815807,                        1.329749958,                                nan,           300.0018421,            300.1345777,                      0,            17152.64003,             16967.55869,                       0,      0.8967570725,      0.5540134726,                 0,                 0,                 0,      0.4379473674,       0.377620732,      0.9841274093,                 0,      0.6177966024
        1933,     0.06070934514,           -6.6526,      -4.066277096,      -1.188715376,                         4,      -4.682698105,               2,      -4.113378745,   5.867050847e-09,   2.464154805e-06,      0.2834326896,       2.527114331,       2.352095999,         0.7096067912,         -0.7094277064,                     0,      0.4383570828,      0.6874626446,                 0,       288.8985775,       274.2050933,                 0,       15031.62812,        12365.28702,                  0,        0.1812554045,          0.157097932,                    0,          301412.2568,           301545.7971,                     0,           118.8150302,           -137.1521234,                      0,        118.8150299,         137.0950364,                   0,                90.51500944,                 182.3020771,                           0,            -5.743929887e-09,             -0.0008322887339,                          nan,                      0.7618144735,                        1.329749653,                                nan,           300.0013504,            300.1342657,                      0,            17152.53621,             16967.50549,                       0,      0.8967556994,      0.5540202752,                 0,                 0,                 0,      0.4379456658,      0.3776155174,      0.9841319884,                 0,      0.6178051341
        1934,     0.06069001075,      -6.666095246,      -4.069907936,      -1.207101165,                         4,      -4.262009837,               3,      -5.581140206,   7.040512212e-09,    2.95698915e-06,      0.3401192276,       3.032537197,       2.822515199,         0.7095955682,         -0.7094233326,                     0,      0.4383496648,      0.6874570889,                 0,       288.8985919,       274.2050955,                 0,       15031.63012,        12365.29675,                  0,        0.1812554195,          0.157098054,                    0,          301411.8943,           301545.3745,                     0,           118.8131412,           -137.1511376,                      0,        118.8131409,         137.0940696,                   0,                90.51332438,                 182.3005392,                           0,            -5.486553989e-09,             -0.0008320188452,                          nan,                      0.7618124033,                        1.329747813,                                nan,           300.0009897,             300.133845,                      0,            17152.46329,              16967.4344,                       0,      0.8967537089,      0.5540289373,                 0,                 0,                 0,        0.43794343,      0.3776086849,      0.9841376727,                 0,      0.6178161649
        1935,     0.06067264158,      -6.681200044,       -4.07299512,      -1.227752212,                         5,      -4.813776985,               3,      -5.199866388,   8.448688283e-09,   3.548392015e-06,      0.4081430731,       3.639044637,       3.387018239,         0.7095848127,         -0.7094184336,                     0,      0.4383415232,      0.6874503051,                 0,        288.898779,       274.2050626,                 0,       15031.66791,        12365.30483,                  0,        0.1812557578,         0.1570981746,                    0,          301411.6752,           301544.8181,                     0,           118.8111185,           -137.1500376,                      0,        118.8111182,         137.0929967,                   0,                90.51148144,                 182.2985724,                           0,            -5.090380784e-09,             -0.0008316290359,                          nan,                      0.7618098611,                        1.329743873,                                nan,           300.0007716,            300.1332913,                      0,            17152.42388,             16967.34178,                       0,      0.8967508038,      0.5540401191,                 0,                 0,                 0,      0.4379404512,      0.3775995979,      0.9841448071,                 0,      0.6178306356
        1936,     0.06065500134,      -6.697091107,      -4.076151206,      -1.250060575,                         5,      -4.348555063,               3,      -4.831571945,   1.013853177e-08,   4.258078061e-06,      0.4897716877,       4.366853564,       4.064421886,         0.7095738746,         -0.7094130282,                     0,      0.4383323313,      0.6874420956,                 0,       288.8991495,       274.2049849,                 0,       15031.74244,        12365.31098,                  0,         0.181256424,         0.1570982958,                    0,          301411.5938,           301544.1021,                     0,           118.8088503,           -137.1488248,                      0,          118.80885,         137.0918195,                   0,                90.50944845,                 182.2960893,                           0,            -4.618968874e-09,             -0.0008311186055,                          nan,                      0.7618072934,                        1.329737179,                                nan,           300.0006906,            300.1325786,                      0,            17152.41575,             16967.22421,                       0,      0.8967465819,       0.554054581,                 0,                 0,                 0,      0.4379364567,      0.3775874758,      0.9841537527,                 0,      0.6178496714
        1937,     0.06063814185,      -6.711735816,      -4.079621309,      -1.271717998,                         6,      -4.657289047,               3,      -4.477281867,   1.216639017e-08,   5.109705488e-06,      0.5877260252,       5.240224277,       4.877306264,         0.7095617438,         -0.7094071617,                     0,       0.438321649,       0.687432268,                 0,       288.8996999,       274.2048507,                 0,       15031.85114,        12365.31501,                  0,        0.1812573895,         0.1570984219,                    0,          301411.6245,           301543.1989,                     0,           118.8061863,           -137.1475043,                      0,         118.806186,         137.0905424,                   0,                90.50717382,                 182.2930007,                           0,            -4.157449718e-09,             -0.0008304928018,                          nan,                      0.7618052297,                        1.329727037,                                nan,           300.0007211,            300.1316796,                      0,            17152.43151,              16967.0786,                       0,      0.8967405231,      0.5540731163,                 0,                 0,                 0,      0.4379311087,       0.377571424,      0.9841648256,                 0,      0.6178745155
        1938,     0.06062131062,      -6.722979601,      -4.083204109,      -1.289648971,                         6,      -4.179754707,               3,      -4.137925034,   1.459988652e-08,   6.131665061e-06,      0.7052712303,       6.288269133,       5.852767517,         0.7095472401,          -0.709400871,                     0,      0.4383089744,      0.6874206355,                 0,       288.9004153,        274.204646,                 0,       15031.98899,        12365.31668,                  0,        0.1812586028,         0.1570985583,                    0,          301411.7258,           301542.0789,                     0,           118.8029625,           -137.1460788,                      0,        118.8029623,         137.0891681,                   0,                90.50458397,                 182.2892197,                           0,            -3.796512327e-09,             -0.0008297554717,                          nan,                      0.7618041019,                        1.329712787,                                nan,            300.000822,            300.1305648,                      0,            17152.46033,             16966.90189,                       0,      0.8967319752,      0.5540964839,                 0,                 0,                 0,      0.4379240061,      0.3775504638,      0.9841782339,                 0,      0.6179064639
        1939,     0.06060560289,      -6.730413537,      -4.086536394,      -1.302349815,                         7,      -4.340272529,               4,      -4.944908591,    1.75201772e-08,   7.358026917e-06,      0.8463254764,       7.545922959,        7.02332102,         0.7095293141,         -0.7093941315,                     0,      0.4382938268,      0.6874070085,                 0,       288.9012749,       274.2043539,                 0,       15032.15068,        12365.31548,                  0,        0.1812600132,         0.1570987079,                    0,          301411.8518,           301540.7094,                     0,           118.7990366,           -137.1445401,                      0,        118.7990364,         137.0876887,                   0,                90.50158676,                 182.2846652,                           0,            -3.613586874e-09,             -0.0008289017135,                          nan,                      0.7618040473,                        1.329693913,                                nan,           300.0009474,            300.1292018,                      0,             17152.4913,             16966.69061,                       0,      0.8967201308,      0.5541253805,                 0,                 0,                 0,      0.4379146819,      0.3775235309,      0.9841940429,                 0,      0.6179468504
        1940,     0.06059097774,      -6.735937211,      -4.089533189,      -1.311224379,                         8,      -4.420855735,               4,      -4.539844354,   2.102466244e-08,   8.829676544e-06,       1.015590572,       9.055107551,       8.427985224,         0.7095073155,         -0.7093868213,                     0,      0.4382758281,       0.687391179,                 0,       288.9022631,       274.2039579,                 0,        15032.3332,        12365.31074,                  0,        0.1812615941,         0.1570988719,                    0,          301411.9669,           301539.0568,                     0,           118.7943173,           -137.1428619,                      0,        118.7943171,         137.0860787,                   0,                90.49808282,                 182.2792627,                           0,            -3.650577174e-09,             -0.0008279162589,                          nan,                      0.7618048158,                        1.329670119,                                nan,           300.0010619,            300.1275569,                      0,            17152.51714,             16966.44082,                       0,      0.8967039882,       0.554160468,                 0,                 0,                 0,      0.4379025839,      0.3774894273,      0.9842121717,                 0,      0.6179971042
        1941,     0.06057752379,      -6.741939621,      -4.092515658,       -1.31877956,                         9,      -4.417283348,               4,      -4.157964265,   2.523024053e-08,    1.05956776e-05,       1.218708686,       10.86612906,       10.11358227,         0.7094810744,         -0.7093787505,                     0,      0.4382547468,      0.6873729161,                 0,       288.9033762,       274.2034463,                 0,       15032.53686,        12365.30237,                  0,        0.1812633515,         0.1570990556,                    0,          301412.0555,           301537.0909,                     0,            118.788772,           -137.1410008,                      0,        118.7887718,         137.0842963,                   0,                90.49398288,                 182.2729435,                           0,            -3.891717837e-09,             -0.0008267809178,                          nan,                      0.7618058637,                        1.329641312,                                nan,           300.0011501,            300.1256002,                      0,            17152.53587,             16966.14901,                       0,      0.8966822648,       0.554202417,                 0,                 0,                 0,      0.4378870226,      0.3774467263,       0.984232377,                 0,      0.6180588585
        1942,     0.06056575244,      -6.748489496,      -4.095912804,      -1.325006056,                        10,      -4.338289621,               5,      -4.703773764,   3.027721509e-08,   1.271490704e-05,       1.462450423,       13.03935487,       12.13629872,         0.7094507445,         -0.7093697568,                     0,      0.4382304905,      0.6873519802,                 0,       288.9046228,       274.2028167,                 0,       15032.76429,        12365.29164,                  0,        0.1812653116,         0.1570992763,                    0,          301412.1219,           301534.7914,                     0,           118.7824094,           -137.1389095,                      0,        118.7824092,         137.0822945,                   0,                90.48922757,                 182.2656427,                           0,            -4.263753683e-09,             -0.0008254885585,                          nan,                      0.7618066363,                        1.329607469,                                nan,           300.0012162,            300.1233115,                      0,            17152.54954,              16965.8134,                       0,      0.8966531783,      0.5542518833,                 0,                 0,                 0,      0.4378670629,      0.3773936127,         0.9842541,                 0,      0.6181340754
        1943,     0.06055398765,      -6.751203317,       -4.09996621,      -1.324627758,                        10,      -3.835225802,               5,      -4.302539977,   3.633398679e-08,   1.525801729e-05,       1.754940508,       15.64722585,       14.56355847,         0.7094165004,         -0.7093597961,                     0,      0.4382030471,      0.6873281538,                 0,       288.9060216,       274.2020734,                 0,       15033.01866,        12365.28124,                  0,        0.1812675012,         0.1570995656,                    0,           301412.185,           301532.1467,                     0,           118.7752413,           -137.1365542,                      0,         118.775241,         137.0800385,                   0,                 90.4838023,                  182.257296,                           0,            -4.680852039e-09,             -0.0008240557026,                          nan,                      0.7618069347,                        1.329568463,                                nan,            300.001279,            300.1206792,                      0,            17152.56167,              16965.4345,                       0,      0.8966139634,      0.5543093521,                 0,                 0,                 0,      0.4378413484,      0.3773275929,      0.9842760511,                 0,      0.6182252059
        1944,     0.06054235429,      -6.743857157,      -4.104516766,      -1.311022771,                        10,      -3.394795828,               6,      -4.832751981,   4.360268723e-08,   1.830979172e-05,       2.105928609,       18.77667102,       17.47627016,         0.7093782421,         -0.7093489089,                     0,      0.4381723624,       0.687301249,                 0,       288.9076018,       274.2012161,                 0,       15033.30327,        12365.27379,                  0,        0.1812699415,         0.1570999573,                    0,          301412.2724,           301529.1427,                     0,            118.767237,           -137.1339188,                      0,        118.7672367,          137.077509,                   0,                90.47772939,                 182.2478338,                           0,            -5.111982837e-09,             -0.0008225275318,                          nan,                      0.7618071437,                        1.329523969,                                nan,            300.001366,            300.1176892,                      0,            17152.57547,             16965.01327,                       0,      0.8965601037,      0.5543748981,                 0,                 0,                 0,      0.4378079084,      0.3772450288,      0.9842955529,                 0,      0.6183354533
        1945,     0.06053072035,      -6.727572183,      -4.108644271,      -1.287590288,                        10,      -3.013457889,               6,       -4.42798013,   5.232594533e-08,   2.197197295e-05,       2.527114331,       22.53200522,       20.97152419,         0.7093354614,         -0.7093369887,                     0,      0.4381381835,      0.6872710399,                 0,       288.9094007,       274.2002261,                 0,       15033.62212,        12365.26951,                  0,        0.1812726575,         0.1571004648,                    0,          301412.4104,           301525.7424,                     0,           118.7582952,           -137.1309798,                      0,        118.7582949,         137.0746777,                   0,                90.47101559,                 182.2371637,                           0,            -5.616286436e-09,             -0.0008209756977,                          nan,                      0.7618079706,                        1.329473589,                                nan,           300.0015033,            300.1143049,                      0,            17152.59295,             16964.54692,                       0,      0.8964846952,      0.5544479055,                 0,                 0,                 0,       0.437764104,      0.3771408017,      0.9843079316,                 0,      0.6184689025
        1946,      0.0605191982,      -6.711244742,      -4.110857271,      -1.265790465,                        10,      -2.677671914,               6,      -4.055550642,   6.279501506e-08,   2.636665903e-05,      0.2527114331,       2.253200522,       2.097152419,         0.7092874341,         -0.7093234841,                     0,      0.4381000184,      0.6872371191,                 0,       288.9114442,       274.1990655,                 0,        15033.9788,        12365.26527,                  0,        0.1812756761,           0.15710107,                    0,          301412.6009,           301521.8745,                     0,           118.7482771,           -137.1276579,                      0,        118.7482767,          137.071459,                   0,                90.46357728,                 182.2251483,                           0,            -6.323197077e-09,             -0.0008194905069,                          nan,                       0.761809601,                         1.32941715,                                nan,           300.0016929,             300.110455,                      0,            17152.61321,             16964.02546,                       0,      0.8963787514,      0.5545265912,                 0,                 0,                 0,      0.4377068803,      0.3770088436,      0.9843063233,                 0,      0.6186297816
        1947,     0.06050070015,      -6.699141346,      -4.110044692,      -1.249495877,                         4,      -4.536681733,               2,       -4.04273394,   6.279961657e-09,     2.6366982e-06,      0.3032537197,       2.703840627,       2.516582903,         0.7092756144,         -0.7093197296,                     0,      0.4380932335,       0.687232079,                 0,       288.9113137,       274.1990999,                 0,       15033.94993,        12365.27986,                  0,        0.1812754098,          0.157101236,                    0,          301412.1196,           301521.5287,                     0,           118.7464726,           -137.1267794,                      0,        118.7464722,         137.0705848,                   0,                90.46207524,                 182.2237409,                           0,            -6.205604919e-09,               -0.00081943254,                          nan,                      0.7618085282,                         1.32941536,                                nan,           300.0012139,            300.1101108,                      0,            17152.51153,             16963.96974,                       0,      0.8963716877,      0.5545308383,                 0,                 0,                 0,      0.4377030504,      0.3770006509,      0.9843054212,                 0,      0.6186393947
        1948,     0.06048212063,      -6.712539317,      -4.114287387,       -1.26857435,                         4,      -4.123373805,               3,      -5.476417909,   7.536010126e-09,   3.164044373e-06,      0.3639044637,       3.244608752,       3.019899484,         0.7092646881,         -0.7093155567,                     0,      0.4380860062,      0.6872258922,                 0,       288.9113349,       274.1991069,                 0,       15033.95341,        12365.29353,                  0,        0.1812754385,         0.1571014055,                    0,          301411.7742,           301521.0644,                     0,           118.7446245,           -137.1258082,                      0,        118.7446241,         137.0696234,                   0,                90.46044647,                 182.2219218,                           0,            -5.911647727e-09,             -0.0008192956757,                          nan,                      0.7618066683,                        1.329411413,                                nan,           300.0008701,            300.1096487,                      0,            17152.44229,             16963.89491,                       0,      0.8963624883,       0.554536486,                 0,                 0,                 0,      0.4376981405,      0.3769899107,      0.9843043391,                 0,      0.6186520445
        1949,     0.06046513318,      -6.725916843,      -4.118240421,      -1.287725501,                         5,      -4.653731481,               3,      -5.100329166,   9.043292939e-09,   3.796862568e-06,      0.4366853564,       3.893530502,        3.62387938,         0.7092543762,         -0.7093110028,                     0,      0.4380781476,       0.687218366,                 0,       288.9115243,       274.1990771,                 0,        15033.9923,        12365.30581,                  0,        0.1812757886,         0.1571015776,                    0,           301411.572,           301520.4565,                     0,           118.7426687,           -137.1247517,                      0,        118.7426684,         137.0685823,                   0,                90.45867567,                 182.2196016,                           0,            -5.479182441e-09,             -0.0008190773528,                          nan,                      0.7618043027,                        1.329404584,                                nan,           300.0006688,            300.1090437,                      0,            17152.40703,             16963.79738,                       0,      0.8963503399,      0.5545440891,                 0,                 0,                 0,      0.4376917597,      0.3769756395,      0.9843030254,                 0,      0.6186689115
        1950,     0.06044734936,      -6.738646256,      -4.122524572,      -1.306267219,                         5,      -4.201531426,               3,      -4.737698189,   1.085206773e-08,   4.556248442e-06,      0.5240224277,       4.672236603,       4.348655256,         0.7092440045,         -0.7093061551,                     0,      0.4380693549,       0.687209317,                 0,       288.9118855,       274.1989997,                 0,       15034.06608,        12365.31635,                  0,        0.1812764516,         0.1571017546,                    0,          301411.5015,           301519.6789,                     0,           118.7404979,           -137.1236251,                      0,        118.7404976,         137.0674764,                   0,                90.45673512,                 182.2166873,                           0,             -4.97804109e-09,             -0.0008187829321,                          nan,                       0.761801887,                        1.329394049,                                nan,           300.0005987,            300.1082698,                      0,            17152.40214,             16963.67395,                       0,      0.8963342074,      0.5545542036,                 0,                 0,                 0,      0.4376834093,      0.3769566773,      0.9843012951,                 0,      0.6186913307
        1951,     0.06108527275,      -6.749635208,      -4.127179819,      -1.322636231,                         6,      -4.507789176,               3,      -4.389527665,   1.302264831e-08,   5.467517403e-06,      0.6288269133,       5.606683923,       5.218386308,         0.7092325834,         -0.7093011389,                     0,      0.4380592369,      0.6871985854,                 0,       288.9124072,       274.1988604,                 0,       15034.17062,        12365.32483,                  0,        0.1812773848,         0.1571019405,                    0,          301411.5312,           301518.7042,                     0,           118.7379745,           -137.1224498,                      0,        118.7379742,         137.0663264,                   0,                90.45458064,                 182.2130891,                           0,             -4.49615134e-09,             -0.0008184208019,                          nan,                      0.7617999316,                         1.32937895,                                nan,           300.0006283,            300.1072995,                      0,             17152.4189,             16963.52186,                       0,      0.8963128458,      0.5545672848,                 0,                 0,                 0,      0.4376724938,      0.3769317576,      0.9842987559,                 0,      0.6187206703
        1952,     0.06106792704,      -6.758123533,      -4.131796039,      -1.335339585,                         6,      -4.043709171,               3,      -4.056734851,   1.562741795e-08,   6.561048812e-06,      0.7545922959,       6.728020708,       6.262063569,          0.709219042,         -0.7092960709,                     0,      0.4380473812,      0.6871860371,                 0,       288.9130662,       274.1986418,                 0,       15034.29948,        12365.33073,                  0,         0.181278525,         0.1571021388,                    0,          301411.6157,           301517.5029,                     0,           118.7349605,           -137.1212454,                      0,        118.7349603,         137.0651517,                   0,                90.45215157,                 182.2087267,                           0,            -4.118860919e-09,             -0.0008179944291,                          nan,                      0.7617988112,                        1.329358516,                                nan,           300.0007124,            300.1061038,                      0,            17152.44582,             16963.33849,                       0,      0.8962848294,      0.5545836098,                 0,                 0,                 0,      0.4376583509,      0.3768995785,      0.9842947644,                 0,      0.6187582246
        1953,     0.06105203659,      -6.764512707,      -4.136083971,      -1.344316733,                         7,      -4.199784256,               4,      -4.838493106,   1.875324613e-08,   7.873298996e-06,      0.9055107551,       8.073624849,       7.514476283,         0.7092025456,         -0.7092909863,                     0,      0.4380334463,      0.6871715536,                 0,       288.9138349,       274.1983226,                 0,       15034.44641,        12365.33307,                  0,        0.1812798144,         0.1571023493,                    0,          301411.7089,           301516.0431,                     0,           118.7313542,            -137.120018,                      0,         118.731354,          137.063959,                   0,                90.44937752,                 182.2035356,                           0,            -3.906019064e-09,             -0.0008174964243,                          nan,                      0.7617985854,                         1.32933221,                                nan,           300.0008051,            300.1046509,                      0,            17152.47228,             16963.12085,                       0,      0.8962485835,      0.5546032633,                 0,                 0,                 0,      0.4376402873,      0.3768588361,      0.9842884337,                 0,      0.6188051769
        1954,     0.06103790394,       -6.77023015,      -4.140312796,      -1.351180605,                         8,      -4.265430238,               4,       -4.44368514,      2.250439e-08,   9.448016665e-06,       1.086612906,       9.688349819,        9.01737154,          0.709182733,         -0.7092857741,                     0,      0.4380172381,      0.6871550103,                 0,       288.9146923,       274.1978818,                 0,       15034.60773,         12365.3306,                  0,        0.1812812215,         0.1571025682,                    0,          301411.7791,           301514.2926,                     0,           118.7271157,           -137.1187476,                      0,        118.7271155,         137.0627293,                   0,                90.44619291,                 182.1974683,                           0,            -3.871121868e-09,             -0.0008169106586,                          nan,                      0.7617989583,                        1.329299871,                                nan,            300.000875,            300.1029086,                      0,            17152.49214,             16962.86548,                       0,      0.8962024059,      0.5546261695,                 0,                 0,                 0,      0.4376176085,      0.3768082222,      0.9842786718,                 0,      0.6188626206
        1955,     0.06102476324,      -6.776453133,      -4.145022558,      -1.357618874,                         9,      -4.248559491,               4,      -4.072595971,   2.700597775e-08,   1.133770117e-05,       1.303935487,       11.62601978,       10.82084585,         0.7091597274,         -0.7092801691,                     0,      0.4379987358,      0.6871362531,                 0,       288.9156303,       274.1973045,                 0,       15034.78297,        12365.32259,                  0,        0.1812827458,         0.1571027945,                    0,          301411.8167,           301512.2238,                     0,            118.722266,           -137.1173824,                      0,        118.7222657,         137.0614117,                   0,                90.44255513,                 182.1904926,                           0,            -3.972467688e-09,             -0.0008162241739,                          nan,                      0.7617994364,                        1.329261755,                                nan,           300.0009125,            300.1008495,                      0,            17152.50464,             16962.56914,                       0,      0.8961444419,      0.5546521018,                 0,                 0,                 0,      0.4375896152,      0.3767463987,      0.9842641749,                 0,      0.6189315872
        1956,     0.06101304486,      -6.782289462,      -4.150300609,      -1.362761129,                        10,      -4.157488389,               5,      -4.611316463,    3.24081911e-08,   1.360535229e-05,       1.564722585,       13.95122374,       12.98501502,          0.709133914,         -0.7092738256,                     0,      0.4379780581,      0.6871150883,                 0,        288.916653,       274.1965903,                 0,       15034.97354,        12365.30993,                  0,        0.1812844019,         0.1571030396,                    0,          301411.8321,           301509.8218,                     0,             118.71686,           -137.1158465,                      0,        118.7168597,           137.05993,                   0,                90.43846022,                 182.1825842,                           0,            -4.134333764e-09,             -0.0008154432984,                          nan,                      0.7617996333,                        1.329218425,                                nan,           300.0009277,            300.0984587,                      0,            17152.51261,             16962.23021,                       0,      0.8960725604,      0.5546805857,                 0,                 0,                 0,      0.4375555532,      0.3766719579,      0.9842432737,                 0,      0.6190130244
        1957,     0.06100099939,      -6.783842679,        -4.1554658,       -1.36183242,                        10,      -3.668098829,               5,      -4.224942813,   3.889128718e-08,   1.632656999e-05,       1.877667102,       16.74146849,       15.58201802,         0.7091056368,         -0.7092664426,                     0,      0.4379553837,      0.6870912932,                 0,       288.9177716,       274.1957554,                 0,       15035.18082,        12365.29571,                  0,        0.1812861993,         0.1571033334,                    0,           301411.846,           301507.0877,                     0,           118.7109491,           -137.1140599,                      0,        118.7109488,         137.0582017,                   0,                 90.4339462,                 182.1737165,                           0,            -4.297852074e-09,             -0.0008146038835,                          nan,                      0.7617995399,                        1.329170485,                                nan,           300.0009416,            300.0957375,                      0,            17152.51942,             16961.84974,                       0,      0.8959840821,      0.5547106702,                 0,                 0,                 0,      0.4375145297,      0.3765833449,      0.9842135883,                 0,      0.6191077289
        1958,     0.06098920985,      -6.777308505,      -4.159359536,       -1.35047334,                        10,      -3.239659454,               6,      -4.749423397,   4.667162924e-08,   1.959207464e-05,       2.253200522,       20.08976219,       18.69842162,         0.7090750082,         -0.7092578347,                     0,      0.4379308547,      0.6870646318,                 0,       288.9189994,       274.1948236,                 0,        15035.4053,        12365.28407,                  0,        0.1812881357,         0.1571037153,                    0,          301411.8796,           301504.0306,                     0,           118.7045537,           -137.1119606,                      0,        118.7045534,         137.0561604,                   0,                90.42907181,                 182.1638451,                           0,            -4.462943348e-09,             -0.0008137704963,                          nan,                      0.7617995199,                        1.329118257,                                nan,            300.000975,            300.0926947,                      0,            17152.52709,             16961.43013,                       0,      0.8958754511,      0.5547406685,                 0,                 0,                 0,      0.4374654759,      0.3764787532,      0.9841716219,                 0,      0.6192162848
        1959,     0.06097706597,      -6.763804727,      -4.160988041,      -1.330880755,                        10,      -2.868317591,               6,      -4.360069707,   5.600892941e-08,   2.351073242e-05,      0.2253200522,       2.008976219,       1.869842162,         0.7090419691,          -0.709247868,                     0,      0.4379045221,      0.6870348462,                 0,       288.9203413,       274.1938086,                 0,       15035.64625,        12365.27773,                  0,        0.1812901989,         0.1571042119,                    0,          301411.9406,            301500.647,                     0,           118.6976719,           -137.1095097,                      0,        118.6976716,         137.0537615,                   0,                90.42387032,                  182.152891,                           0,            -4.684072352e-09,              -0.000813027265,                          nan,                       0.761799866,                        1.329061596,                                nan,           300.0010357,            300.0893269,                      0,            17152.53528,             16960.97163,                       0,      0.8957421772,       0.554767846,                 0,                 0,                 0,      0.4374072519,      0.3763562681,      0.9841124786,                 0,      0.6193387564
        1960,       0.060957764,      -6.746693552,      -4.160113017,      -1.307483582,                         4,      -4.824098692,               2,      -4.243206536,   5.601245748e-09,   2.351098911e-06,      0.2703840627,       2.410771462,       2.243810595,         0.7090342503,         -0.7092454025,                     0,      0.4379001444,      0.6870308276,                 0,       288.9202791,       274.1938129,                 0,       15035.63128,        12365.28981,                  0,        0.1812900574,         0.1571043631,                    0,          301411.6531,           301500.3464,                     0,           118.6964723,           -137.1089036,                      0,         118.696472,         137.0531542,                   0,                90.42295687,                 182.1516807,                           0,            -4.564777001e-09,             -0.0008130477379,                          nan,                      0.7617998691,                        1.329058654,                                nan,           300.0007495,            300.0890277,                      0,            17152.47386,             16960.92795,                       0,      0.8957330247,      0.5547686907,                 0,                 0,                 0,      0.4374032194,      0.3763484757,      0.9841076042,                 0,      0.6193460277
        1961,     0.06093902655,      -6.752455115,      -4.164670609,      -1.317033064,                         4,      -4.402891015,               3,      -5.767243426,   6.721537848e-09,   2.821324536e-06,      0.3244608752,       2.892925755,       2.692572714,         0.7090269182,         -0.7092426876,                     0,      0.4378954297,      0.6870259039,                 0,       288.9203052,       274.1937963,                 0,       15035.63491,        12365.30166,                  0,        0.1812900848,         0.1571045229,                    0,          301411.4406,           301499.9535,                     0,           118.6952269,           -137.1082376,                      0,        118.6952266,         137.0524896,                   0,                90.42195175,                 182.1501335,                           0,            -4.364556494e-09,             -0.0008130306869,                          nan,                      0.7617993942,                         1.32905381,                                nan,           300.0005381,            300.0886367,                      0,            17152.43026,             16960.87004,                       0,      0.8957215017,      0.5547699801,                 0,                 0,                 0,      0.4373981975,       0.376338528,       0.984101647,                 0,      0.6193554348
        1962,     0.06092024982,      -6.758033633,      -4.169530374,      -1.326167632,                         4,      -4.003108319,               3,      -5.383649851,    8.06590722e-09,   3.385597546e-06,      0.3893530502,       3.471510906,       3.231087257,         0.7090198827,         -0.7092397671,                     0,      0.4378902841,      0.6870199224,                 0,       288.9204309,        274.193753,                 0,       15035.65947,        12365.31299,                  0,        0.1812903021,         0.1571046913,                    0,          301411.3101,           301499.4501,                     0,           118.6939068,           -137.1075202,                      0,        118.6939065,         137.0517764,                   0,                90.42084479,                  182.148177,                           0,            -4.097250317e-09,             -0.0008129756956,                          nan,                      0.7617985407,                        1.329046451,                                nan,           300.0004082,            300.0881356,                      0,            17152.40617,             16960.79519,                       0,       0.895706822,      0.5547719457,                 0,                 0,                 0,      0.4373918718,      0.3763256597,      0.9840943149,                 0,      0.6193677798
        1963,     0.06090238345,      -6.763943372,      -4.174864893,      -1.335507261,                         5,      -4.516864897,               3,      -5.012861906,   9.679177557e-09,   4.062728252e-06,      0.4672236603,       4.165813087,       3.877304708,         0.7090128393,         -0.7092367344,                     0,      0.4378845548,      0.6870127396,                 0,       288.9206603,       274.1936757,                 0,       15035.70535,        12365.32361,                  0,        0.1812907113,         0.1571048695,                    0,          301411.2581,           301498.8173,                     0,           118.6924597,           -137.1067688,                      0,        118.6924595,         137.0510312,                   0,                90.41962049,                  182.145735,                           0,             -3.78992171e-09,             -0.0008128883169,                          nan,                      0.7617975132,                        1.329035859,                                nan,           300.0003565,            300.0875058,                      0,            17152.40049,             16960.70098,                       0,      0.8956879978,       0.554774786,                 0,                 0,                 0,        0.43738384,      0.3763089643,       0.984085167,                 0,      0.6193839678
        1964,     0.06088443262,      -6.770393576,      -4.180499388,      -1.345197844,                         5,      -4.078836947,               3,      -4.655937049,   1.161514086e-08,   4.875289344e-06,      0.5606683923,       4.998975704,        4.65276565,         0.7090052847,         -0.7092337371,                     0,      0.4378780382,       0.687004234,                 0,       288.9209889,       274.1935559,                 0,       15035.77068,        12365.33338,                  0,        0.1812912928,         0.1571050611,                    0,          301411.2696,           301498.0368,                     0,           118.6908143,           -137.1060097,                      0,        118.6908141,         137.0502801,                   0,                90.41825611,                 182.1427322,                           0,            -3.479012967e-09,             -0.0008127776348,                          nan,                      0.7617965786,                        1.329021233,                                nan,           300.0003679,            300.0867289,                      0,            17152.40902,             16960.58547,                       0,      0.8956638539,      0.5547785879,                 0,                 0,                 0,      0.4373736182,      0.3762874545,      0.9840735604,                 0,       0.619404909
        1965,     0.06086795549,      -6.777060725,      -4.186018776,      -1.354602304,                         6,      -4.369517985,               3,      -4.313874408,   1.393835265e-08,   5.850368532e-06,      0.6728020708,       5.998770845,        5.58331878,          0.708996623,           -0.70923096,                     0,       0.437870514,      0.6869943194,                 0,        288.921403,       274.1933823,                 0,       15035.85172,        12365.34206,                  0,        0.1812920101,         0.1571052696,                    0,           301411.319,           301497.0896,                     0,           118.6888946,           -137.1052765,                      0,        118.6888944,         137.0495558,                   0,                90.41672157,                  182.139101,                           0,            -3.203425636e-09,             -0.0008126512034,                          nan,                      0.7617959709,                        1.329001761,                                nan,           300.0004171,            300.0857861,                      0,            17152.42528,             16960.44715,                       0,        0.89563307,      0.5547832647,                 0,                 0,                 0,      0.4373606675,      0.3762601326,       0.984058626,                 0,      0.6194314204
        1966,     0.06085233264,       -6.78322337,      -4.191128134,      -1.362564911,                         7,      -4.535873418,               4,      -5.157245349,   1.672628687e-08,   7.020471739e-06,      0.8073624849,       7.198525014,       6.699982536,         0.7089863442,         -0.7092285737,                     0,       0.437861799,      0.6869829448,                 0,       288.9218837,       274.1931396,                 0,       15035.94413,        12365.34902,                  0,        0.1812928226,         0.1571054957,                    0,          301411.3775,           301495.9554,                     0,            118.686642,           -137.1046014,                      0,        118.6866418,         137.0488906,                   0,                90.41498295,                 182.1347874,                           0,            -2.995963144e-09,             -0.0008125096859,                          nan,                      0.7617957807,                        1.328976736,                                nan,           300.0004752,            300.0846573,                      0,            17152.44244,             16960.28449,                       0,      0.8955942363,      0.5547885342,                 0,                 0,                 0,      0.4373444355,      0.3762260483,       0.984039285,                 0,      0.6194641632
        1967,     0.06083682937,      -6.788294809,      -4.195917417,      -1.368288587,                         7,      -4.051924967,               4,      -4.749020024,   2.007192275e-08,   8.424606923e-06,      0.9688349819,       8.638230017,       8.039979043,         0.7089741989,         -0.7092266542,                     0,      0.4378518035,      0.6869700831,                 0,       288.9224127,       274.1928087,                 0,       15036.04437,        12365.35303,                  0,        0.1812936994,         0.1571057346,                    0,          301411.4212,           301494.6116,                     0,           118.6840348,           -137.1040026,                      0,        118.6840347,         137.0483033,                   0,                90.41301016,                 182.1297562,                           0,            -2.873879357e-09,               -0.00081234606,                          nan,                      0.7617958929,                         1.32894572,                                nan,           300.0005187,            300.0833197,                      0,            17152.45558,             16960.09549,                       0,      0.8955459053,      0.5547939357,                 0,                 0,                 0,       0.437324403,       0.376184329,      0.9840142937,                 0,      0.6195036261
        1968,     0.06082233804,      -6.792137406,      -4.200608265,      -1.371854447,                         8,      -4.090351095,               4,      -4.364302327,   2.408685036e-08,   1.010958457e-05,       1.162601978,       10.36587602,       9.647974851,         0.7089602729,         -0.7092250991,                     0,      0.4378405642,      0.6869557019,                 0,       288.9229769,       274.1923687,                 0,       15036.15065,        12365.35236,                  0,        0.1812946268,         0.1571059761,                    0,          301411.4383,           301493.0328,                     0,           118.6810964,           -137.1034684,                      0,        118.6810962,         137.0477826,                   0,                90.41078782,                  182.123992,                           0,            -2.831030965e-09,             -0.0008121527736,                          nan,                      0.7617960288,                         1.32890871,                                nan,           300.0005358,            300.0817483,                      0,            17152.46301,             16959.87736,                       0,      0.8954866043,      0.5547988426,                 0,                 0,                 0,      0.4373001074,       0.376134183,      0.9839822613,                 0,      0.6195501306
        1969,     0.06080942345,      -6.794432609,      -4.204956895,       -1.37322902,                         9,       -4.05564323,               4,      -4.003791348,   2.890499919e-08,    1.21315781e-05,       1.395122374,       12.43905122,       11.57756982,         0.7089449129,         -0.7092235932,                     0,      0.4378282429,      0.6869397279,                 0,       288.9235695,       274.1918044,                 0,       15036.26245,        12365.34568,                  0,        0.1812956029,         0.1571062123,                    0,          301411.4301,           301491.1971,                     0,           118.6778862,           -137.1029456,                      0,         118.677886,          137.047275,                   0,                90.40832592,                 182.1174958,                           0,            -2.838430713e-09,              -0.000811934823,                          nan,                      0.7617958911,                        1.328866231,                                nan,           300.0005276,            300.0799213,                      0,            17152.46577,             16959.62725,                       0,      0.8954147923,      0.5548023929,                 0,                 0,                 0,      0.4372711277,      0.3760749071,      0.9839415682,                 0,      0.6196037832
        1970,     0.06079785145,      -6.793825421,       -4.20801349,      -1.370829896,                        10,      -3.965742816,               5,      -4.537388801,   3.468711472e-08,   1.455799618e-05,       1.674146849,       14.92686147,       13.89308379,         0.7089285654,          -0.709221686,                     0,      0.4378150976,      0.6869220246,                 0,       288.9241865,        274.191117,                 0,       15036.37917,        12365.33355,                  0,        0.1812966232,         0.1571064495,                    0,          301411.4055,           301489.0957,                     0,           118.6744817,            -137.102345,                      0,        118.6744816,         137.0466894,                   0,                90.40566606,                 182.1102768,                           0,            -2.858908776e-09,             -0.0008117201294,                          nan,                      0.7617953319,                        1.328819234,                                nan,           300.0005031,            300.0778297,                      0,            17152.46583,             16959.34396,                       0,      0.8953287153,      0.5548033068,                 0,                 0,                 0,      0.4372370114,      0.3760058813,      0.9838901335,                 0,      0.6196643728
        1971,     0.06078701344,      -6.788557378,      -4.208580793,      -1.362208443,                        10,      -3.506394925,               5,      -4.164950641,   4.162613353e-08,   1.746972918e-05,       2.008976219,       17.91223376,       16.67170054,         0.7089116447,          -0.709218972,                     0,      0.4378014456,      0.6869024018,                 0,       288.9248222,       274.1903294,                 0,       15036.49915,        12365.31935,                  0,        0.1812976709,         0.1571067173,                    0,          301411.3747,           301486.7397,                     0,           118.6709634,           -137.1015684,                      0,        118.6709632,         137.0459242,                   0,                90.40287867,                 182.1023379,                           0,             -2.86888957e-09,             -0.0008115589342,                          nan,                      0.7617944289,                        1.328768725,                                nan,           300.0004725,            300.0754847,                      0,            17152.46447,             16959.02945,                       0,        0.89522616,      0.5547995836,                 0,                 0,                 0,      0.4371971672,      0.3759265575,      0.9838250245,                 0,      0.6197312014
        1972,      0.0607754405,      -6.777947872,      -4.206027328,      -1.346204178,                        10,      -3.102269026,               6,      -4.681945052,   4.995363778e-08,    2.09638451e-05,       2.410771462,       21.49468052,       20.00604065,         0.7088945201,         -0.7092152756,                     0,      0.4377876365,      0.6868806606,                 0,       288.9254648,       274.1894768,                 0,       15036.61929,         12365.3082,                  0,        0.1812987162,          0.157107061,                    0,          301411.3431,           301484.1536,                     0,           118.6674126,             -137.10055,                      0,        118.6674124,         137.0449094,                   0,                90.40004854,                 182.0936584,                           0,            -2.868629223e-09,             -0.0008115122955,                          nan,                      0.7617933744,                        1.328715231,                                nan,            300.000441,            300.0729107,                      0,            17152.46169,             16958.68807,                       0,      0.8951042771,      0.5547881519,                 0,                 0,                 0,      0.4371508504,      0.3758365304,      0.9837420713,                 0,      0.6198028164
        1973,     0.06076391211,      -6.762181684,      -4.200737965,       -1.32312724,                        10,      -2.750825514,               6,      -4.305115591,   5.994760681e-08,   2.515682539e-05,      0.2410771462,       2.149468052,       2.000604065,         0.7088776387,         -0.7092107448,                     0,      0.4377740704,       0.686856661,                 0,       288.9260899,       274.1885872,                 0,        15036.7349,        12365.30442,                  0,        0.1812997178,         0.1571075192,                    0,          301411.3057,           301481.3587,                     0,           118.6639311,            -137.099292,                      0,        118.6639309,         137.0436433,                   0,                90.39725658,                 182.0841866,                           0,            -2.870244931e-09,             -0.0008116369406,                          nan,                      0.7617921964,                        1.328658391,                                nan,           300.0004038,            300.0701289,                      0,            17152.45622,             16958.32401,                       0,      0.8949599842,      0.5547645266,                 0,                 0,                 0,       0.437097452,      0.3757360659,      0.9836358382,                 0,       0.619876348
        1974,     0.06074530673,      -6.741227999,      -4.193522388,       -1.29365216,                         4,      -4.691086113,               2,      -4.183948516,    5.99514407e-09,   2.515704034e-06,      0.2892925755,       2.579361662,       2.400724878,         0.7088737073,         -0.7092096621,                     0,      0.4377718931,      0.6868537838,                 0,        288.926071,        274.188569,                 0,       15036.72894,        12365.31322,                  0,        0.1812996578,         0.1571076415,                    0,          301411.1753,            301481.121,                     0,           118.6633123,           -137.0989925,                      0,        118.6633121,         137.0433351,                   0,                 90.3968365,                 182.0831982,                           0,            -2.799306564e-09,               -0.00081176524,                          nan,                       0.761792629,                        1.328654167,                                nan,            300.000274,            300.0698923,                      0,            17152.42737,             16958.29319,                       0,      0.8949501632,      0.5547618542,                 0,                 0,                 0,      0.4370937556,       0.375729873,      0.9836277609,                 0,      0.6198801643
        1975,       0.060727142,      -6.743917858,      -4.199439137,      -1.299165765,                         4,      -4.284630882,               3,      -5.685747662,   7.194219638e-09,   3.018850822e-06,      0.3471510906,       3.095233994,       2.880869854,         0.7088700359,          -0.709208631,                     0,      0.4377695816,       0.686850239,                 0,       288.9260943,       274.1885359,                 0,       15036.73215,         12365.3227,                  0,         0.181299682,         0.1571077806,                    0,           301411.082,           301480.8161,                     0,           118.6626818,           -137.0986891,                      0,        118.6626817,         137.0430227,                   0,                90.39637417,                 182.0819284,                           0,            -2.701441515e-09,             -0.0008118988339,                          nan,                      0.7617927801,                         1.32864793,                                nan,           300.0001812,            300.0695888,                      0,            17152.40764,             16958.25318,                       0,      0.8949378345,      0.5547587408,                 0,                 0,                 0,       0.437089173,      0.3757219525,      0.9836178133,                 0,      0.6198852249
        1976,     0.06071006146,      -6.747778444,      -4.206204721,      -1.305877921,                         5,      -4.826048311,               3,      -5.306946266,   8.633130812e-09,   3.622629146e-06,      0.4165813087,       3.714280793,       3.457043825,         0.7088665957,         -0.7092077506,                     0,      0.4377671089,      0.6868459276,                 0,       288.9261621,       274.1884828,                 0,       15036.74514,        12365.33263,                  0,        0.1812997961,         0.1571079368,                    0,           301411.027,           301480.4309,                     0,           118.6620313,           -137.0984015,                      0,        118.6620311,         137.0427253,                   0,                90.39586662,                 182.0803186,                           0,            -2.580685332e-09,             -0.0008120429618,                          nan,                      0.7617926794,                        1.328639066,                                nan,           300.0001264,            300.0692054,                      0,            17152.39742,             16958.20222,                       0,      0.8949221876,      0.5547551209,                 0,                 0,                 0,      0.4370834298,      0.3757116995,      0.9836054519,                 0,       0.619892018
        1977,     0.06069230056,      -6.753987892,       -4.21359689,      -1.315155521,                         5,      -4.375394414,               3,      -4.941397328,   1.035985366e-08,   4.347165963e-06,      0.4998975704,       4.457136952,        4.14845259,          0.708863265,         -0.7092071715,                     0,      0.4377644308,      0.6868407673,                 0,       288.9262725,       274.1884034,                 0,       15036.76737,        12365.34279,                  0,        0.1812999947,         0.1571081108,                    0,          301411.0061,           301479.9523,                     0,           118.6613437,           -137.0981589,                      0,        118.6613435,         137.0424717,                   0,                90.39531036,                 182.0783086,                           0,             -2.44485121e-09,             -0.0008122049849,                          nan,                      0.7617924058,                        1.328626858,                                nan,           300.0001056,             300.068729,                      0,            17152.39566,              16958.1388,                       0,      0.8949022287,      0.5547508166,                 0,                 0,                 0,      0.4370761797,       0.375698431,      0.9835899331,                 0,      0.6199010337
        1978,      0.0606754952,      -6.762852844,      -4.221112943,      -1.327260668,                         6,      -4.678280205,               3,      -4.590171179,   1.243196332e-08,   5.216613761e-06,      0.5998770845,       5.348564342,       4.978143107,         0.7088598503,         -0.7092071012,                     0,      0.4377614975,      0.6868347083,                 0,       288.9264182,       274.1882891,                 0,         15036.797,        12365.35289,                  0,        0.1813002606,         0.1571083039,                    0,           301411.009,           301479.3674,                     0,           118.6605981,           -137.0980012,                      0,        118.6605979,         137.0423013,                   0,                90.39470177,                  182.075843,                           0,            -2.303983115e-09,             -0.0008123911533,                          nan,                      0.7617920638,                        1.328610519,                                nan,           300.0001085,            300.0681469,                      0,            17152.39976,             16958.06185,                       0,      0.8948768149,      0.5547454758,                 0,                 0,                 0,      0.4370670155,      0.3756814515,      0.9835702841,                 0,      0.6199126701
        1979,     0.06065915162,      -6.773252324,      -4.228185367,      -1.340637976,                         6,      -4.206488725,               3,      -4.254251697,    1.49185555e-08,   6.259955713e-06,      0.7198525014,        6.41827721,       5.973771729,         0.7088561549,         -0.7092077875,                     0,      0.4377582773,      0.6868277447,                 0,       288.9265869,       274.1881292,                 0,       15036.83126,        12365.36249,                  0,        0.1813005677,         0.1571085166,                    0,          301411.0214,           301478.6641,                     0,           118.6597784,           -137.0979756,                      0,        118.6597783,         137.0422613,                   0,                90.39403885,                 182.0728774,                           0,            -2.167503399e-09,             -0.0008126018966,                          nan,                       0.761791739,                        1.328589267,                                nan,           300.0001208,            300.0674469,                      0,            17152.40624,             16957.97078,                       0,       0.894844719,      0.5547385342,                 0,                 0,                 0,      0.4370555011,      0.3756601265,      0.9835453125,                 0,      0.6199271476
        1980,     0.06064413009,      -6.783096745,      -4.234406034,      -1.352493067,                         7,      -4.343448813,               4,      -5.079669176,   1.790255297e-08,   7.511971878e-06,      0.8638230017,       7.701932652,       7.168526075,         0.7088520739,         -0.7092094634,                     0,      0.4377547888,      0.6868199173,                 0,       288.9267635,       274.1879086,                 0,       15036.86704,        12365.37069,                  0,        0.1813008884,         0.1571087462,                    0,          301411.0282,           301477.8292,                     0,           118.6588853,           -137.0981287,                      0,        118.6588852,         137.0423987,                   0,                90.39332472,                 182.0693859,                           0,            -2.041023461e-09,              -0.000812828807,                          nan,                      0.7617914541,                        1.328562456,                                nan,           300.0001276,            300.0666159,                      0,            17152.41174,             16957.86505,                       0,      0.8948047106,      0.5547292172,                 0,                 0,                 0,      0.4370412212,      0.3756339469,      0.9835136565,                 0,      0.6199444535
        1981,     0.06063057321,      -6.790813382,      -4.239432873,      -1.360799907,                         8,      -4.384647617,               4,      -4.681113267,   2.148347434e-08,   9.014398698e-06,       1.036587602,       9.242319183,        8.60223129,         0.7088476715,         -0.7092122423,                     0,       0.437751127,      0.6868112975,                 0,       288.9269332,       274.1876072,                 0,       15036.90172,        12365.37587,                  0,           0.1813012,         0.1571089834,                    0,          301411.0191,           301476.8462,                     0,           118.6579445,           -137.0984889,                      0,        118.6579443,         137.0427431,                   0,                90.39257301,                 182.0653666,                           0,            -1.924720938e-09,             -0.0008130581649,                          nan,                      0.7617911596,                        1.328529789,                                nan,           300.0001185,            300.0656375,                      0,            17152.41422,             16957.74356,                       0,      0.8947556376,      0.5547165546,                 0,                 0,                 0,      0.4370238376,       0.375602584,      0.9834738461,                 0,      0.6199643023
        1982,     0.06061770222,      -6.795976074,      -4.242622439,      -1.365247329,                         9,      -4.355510864,               4,      -4.306483787,   2.578075815e-08,   1.081732042e-05,       1.243905122,       11.09078302,       10.32267755,         0.7088431899,          -0.709215994,                     0,      0.4377474701,      0.6868019463,                 0,       288.9270844,       274.1872024,                 0,       15036.93344,        12365.37576,                  0,        0.1813014876,         0.1571092124,                    0,           301410.991,           301475.6952,                     0,            118.657006,            -137.099044,                      0,        118.6570059,         137.0432825,                   0,                  90.391813,                 182.0608426,                           0,            -1.815034456e-09,             -0.0008132829283,                          nan,                      0.7617907792,                        1.328491549,                                nan,           300.0000905,            300.0644919,                      0,            17152.41338,             16957.60415,                       0,      0.8946964899,       0.554699365,                 0,                 0,                 0,      0.4370031354,      0.3755659503,      0.9834243294,                 0,      0.6199860749
        1983,     0.06060596089,      -6.797846908,       -4.24296687,      -1.365296149,                        10,      -4.275891566,               5,      -4.880011895,   3.093775358e-08,   1.298083876e-05,       1.492686147,       13.30893962,       12.38721306,         0.7088389843,         -0.7092202945,                     0,      0.4377440622,      0.6867918622,                 0,       288.9272087,       274.1866799,                 0,       15036.96087,        12365.36871,                  0,        0.1813017403,         0.1571094205,                    0,          301410.9475,           301474.3601,                     0,           118.6561366,           -137.0997249,                      0,        118.6561365,          137.043947,                   0,                90.39109098,                 182.0558572,                           0,            -1.709070552e-09,              -0.000813517993,                          nan,                      0.7617902761,                        1.328448729,                                nan,           300.0000472,            300.0631631,                      0,            17152.41017,             16957.44456,                       0,      0.8946264527,      0.5546761817,                 0,                 0,                 0,      0.4369790537,      0.3755242864,      0.9833634459,                 0,      0.6200086975
        1984,     0.06059442917,      -6.794549795,      -4.239721475,      -1.358864634,                        10,      -3.787122302,               5,      -4.488952405,   3.712651219e-08,   1.557707629e-05,       1.791223376,       15.97072755,       14.86465567,         0.7088354477,         -0.7092245527,                     0,      0.4377411919,      0.6867809527,                 0,       288.9272968,       274.1860495,                 0,       15036.98228,        12365.35576,                  0,        0.1813019432,         0.1571096152,                    0,          301410.8934,           301472.8452,                     0,           118.6554118,           -137.1004159,                      0,        118.6554117,         137.0446179,                   0,                90.39046584,                 182.0504615,                           0,            -1.607440736e-09,             -0.0008138070998,                          nan,                      0.7617896607,                        1.328402854,                                nan,           299.9999934,            300.0616552,                      0,            17152.40553,             16957.26492,                       0,      0.8945449854,      0.5546451212,                 0,                 0,                 0,      0.4369517123,      0.3754783036,      0.9832893699,                 0,      0.6200304403
        1985,     0.06058294658,      -6.784848845,      -4.233250126,      -1.344386856,                        10,      -3.354201494,               5,      -4.129588619,   4.455354157e-08,    1.86925799e-05,       2.149468052,       19.16487306,        17.8375868,         0.7088330177,         -0.7092283168,                     0,      0.4377392021,      0.6867690682,                 0,       288.9273311,       274.1853528,                 0,       15036.99443,        12365.34191,                  0,        0.1813020682,         0.1571098364,                    0,          301410.8281,            301471.185,                     0,           118.6549232,           -137.1010024,                      0,        118.6549231,         137.0451764,                   0,                90.39000299,                  182.044696,                           0,            -1.510840231e-09,             -0.0008142129214,                          nan,                      0.7617888968,                         1.32835537,                                nan,           299.9999284,            300.0600028,                      0,            17152.39925,             16957.07005,                       0,      0.8944519938,      0.5546036941,                 0,                 0,                 0,      0.4369214883,      0.3754294356,      0.9832000639,                 0,      0.6200485861
        1986,     0.06057162421,      -6.769273548,      -4.225047166,      -1.322408888,                        10,      -2.976026609,               6,      -4.637659784,   5.346671475e-08,   2.243120427e-05,       2.149468052,       19.16487306,        17.8375868,         0.7088322839,         -0.7092316243,                     0,       0.437738553,      0.6867561159,                 0,       288.9272802,       274.1846481,                 0,       15036.99191,        12365.33465,                  0,        0.1813020697,         0.1571101458,                    0,           301410.742,           301469.4376,                     0,           118.6547994,           -137.1014455,                      0,        118.6547993,         137.0455794,                   0,                90.38977881,                 182.0385762,                           0,             -1.41210732e-09,             -0.0008147937363,                          nan,                      0.7617878023,                        1.328306808,                                nan,           299.9998428,            300.0582636,                      0,             17152.3898,              16956.8691,                       0,      0.8943481733,      0.5545484981,                 0,                 0,                 0,      0.4368892228,      0.3753802973,      0.9830932429,                 0,       0.620058848
        1987,     0.06056041207,       -6.74909701,      -4.216500773,      -1.294803357,                        10,      -3.005679348,               6,      -4.655722051,   5.346964055e-08,    2.24313099e-05,       2.579361662,       22.99784767,       21.40510416,         0.7088336727,         -0.7092351347,                     0,      0.4377396107,      0.6867441636,                 0,       288.9271443,       274.1840924,                 0,       15036.97388,        12365.34244,                  0,        0.1813019377,         0.1571105612,                    0,           301410.654,           301467.9312,                     0,           118.6551183,           -137.1018534,                      0,        118.6551182,         137.0459374,                   0,                90.38989717,                 182.0329613,                           0,            -1.306631581e-09,             -0.0008155186104,                          nan,                      0.7617867527,                        1.328262367,                                nan,           299.9997551,            300.0567642,                      0,            17152.37995,             16956.70424,                       0,       0.894254398,      0.5544891376,                 0,                 0,                 0,       0.436861707,      0.3753416733,      0.9829891965,                 0,      0.6200574902
        1988,     0.06054912665,      -6.733712008,      -4.212436192,      -1.274277462,                        10,      -2.667806775,               6,      -4.288454552,    6.41670544e-08,    2.69176827e-05,      0.2579361662,       2.299784767,       2.140510416,         0.7088379803,         -0.7092403602,                     0,      0.4377429355,      0.6867316584,                 0,        288.926856,       274.1835581,                 0,       15036.92997,        12365.36129,                  0,        0.1813015891,         0.1571111046,                    0,          301410.5222,           301466.4096,                     0,           118.6560674,           -137.1025035,                      0,        118.6560674,         137.0465257,                   0,                90.39039798,                 182.0269277,                           0,            -1.172015374e-09,             -0.0008164166946,                          nan,                      0.7617848796,                         1.32821264,                                nan,            299.999624,            300.0552498,                      0,            17152.36352,              16956.5473,                       0,      0.8941538407,      0.5544108986,                 0,                 0,                 0,      0.4368348679,      0.3753090946,      0.9828660229,                 0,      0.6200397217
        1989,     0.06053030734,      -6.718978699,      -4.207347383,       -1.25462529,                         4,      -4.535463187,               2,      -4.138279266,   6.417118303e-09,   2.691777934e-06,      0.3095233994,        2.75974172,         2.5686125,         0.7088392311,         -0.7092415751,                     0,      0.4377437569,      0.6867308619,                 0,       288.9268987,       274.1835169,                 0,       15036.93705,        12365.36309,                  0,        0.1813016477,          0.157111151,                    0,          301410.6085,           301466.3055,                     0,           118.6562385,            -137.102728,                      0,        118.6562384,          137.046734,                   0,                90.39065352,                  182.026387,                           0,            -1.139906836e-09,              -0.000816652059,                          nan,                       0.761785935,                        1.328206676,                                nan,           299.9997099,            300.0551462,                      0,            17152.37991,             16956.53835,                       0,      0.8941473105,      0.5544051218,                 0,                 0,                 0,      0.4368330439,      0.3753074007,      0.9828574703,                 0,      0.6200377893
        1990,     0.06051186007,      -6.725048427,       -4.21486126,      -1.264724591,                         4,      -4.134484575,               3,      -5.628436219,   7.700592579e-09,   3.230137642e-06,      0.3714280793,       3.311690064,       3.082334999,         0.7088403768,         -0.7092433726,                     0,      0.4377446501,      0.6867298397,                 0,       288.9269167,       274.1834711,                 0,       15036.93918,        12365.36723,                  0,         0.181301662,         0.1571112296,                    0,          301410.6727,           301466.1798,                     0,           118.6564209,           -137.1030432,                      0,        118.6564208,         137.0470294,                   0,                90.39092401,                 182.0256783,                           0,            -1.121142401e-09,             -0.0008169374101,                          nan,                      0.7617870435,                        1.328198642,                                nan,           299.9997738,             300.055021,                      0,            17152.39138,              16956.5294,                       0,      0.8941391622,      0.5543979441,                 0,                 0,                 0,      0.4368308518,      0.3753052685,      0.9828468229,                 0,      0.6200354123
        1991,     0.06049429327,      -6.734456785,      -4.223002614,      -1.278601282,                         5,      -4.635256323,               3,      -5.254762761,   9.240783889e-09,   3.876170562e-06,      0.4457136952,       3.974028077,       3.698801999,         0.7088415109,         -0.7092459199,                     0,      0.4377456756,      0.6867285824,                 0,       288.9269042,       274.1834149,                 0,       15036.93539,        12365.37339,                  0,        0.1813016242,         0.1571113399,                    0,          301410.7118,           301466.0253,                     0,           118.6566354,           -137.1034828,                      0,        118.6566354,         137.0474454,                   0,                90.39121371,                 182.0247684,                           0,            -1.115129211e-09,             -0.0008172803623,                          nan,                      0.7617881076,                        1.328187971,                                nan,           299.9998127,            300.0548673,                      0,            17152.39744,             16956.51991,                       0,      0.8941289369,      0.5543889205,                 0,                 0,                 0,      0.4368282135,      0.3753026027,      0.9828334485,                 0,       0.620032411
        1992,      0.0604766719,      -6.747418097,      -4.231624877,      -1.296593592,                         5,      -4.190290346,               3,      -4.894861682,   1.108904532e-08,   4.651411491e-06,      0.5348564342,       4.768833693,       4.438562399,         0.7088428104,         -0.7092494145,                     0,      0.4377469308,      0.6867271025,                 0,        288.926856,       274.1833404,                 0,       15036.92507,        12365.38096,                  0,        0.1813015299,         0.1571114785,                    0,          301410.7253,           301465.8347,                     0,           118.6569147,           -137.1040886,                      0,        118.6569146,         137.0480231,                   0,                90.39153243,                 182.0236263,                           0,            -1.118301007e-09,             -0.0008176855569,                          nan,                       0.761789001,                        1.328174038,                                nan,           299.9998261,            300.0546776,                      0,            17152.39837,              16956.5093,                       0,      0.8941161182,      0.5543774546,                 0,                 0,                 0,      0.4368250422,      0.3752993539,      0.9828165597,                 0,      0.6200284766
        1993,     0.06046051494,      -6.762489043,      -4.240395251,      -1.317024517,                         6,      -4.460831103,               3,      -4.549822259,   1.330700476e-08,   5.581702058e-06,       0.641827721,       5.722600431,       5.326274879,         0.7088445305,         -0.7092540898,                     0,      0.4377485523,      0.6867254459,                 0,        288.926768,       274.1832384,                 0,       15036.90787,        12365.38917,                  0,        0.1813013779,         0.1571116408,                    0,          301410.7159,           301465.6015,                     0,           118.6573021,           -137.1049096,                      0,         118.657302,         137.0488118,                   0,                90.39189813,                  182.022229,                           0,             -1.12295262e-09,             -0.0008181517258,                          nan,                      0.7617895955,                        1.328156199,                                nan,           299.9998168,            300.0544454,                      0,            17152.39518,             16956.49724,                       0,      0.8941001818,      0.5543627954,                 0,                 0,                 0,      0.4368212596,      0.3752955603,      0.9827952413,                 0,      0.6200231324
        1994,     0.06044378195,      -6.776876697,      -4.248698648,       -1.33632954,                         6,      -4.002648733,               3,      -4.220647721,   1.596862168e-08,   6.698052011e-06,      0.7701932652,       6.867120517,       6.391529855,         0.7088469746,         -0.7092602022,                     0,      0.4377507128,      0.6867237028,                 0,       288.9266365,       274.1830984,                 0,       15036.88358,         12365.3971,                  0,        0.1813011675,         0.1571118212,                    0,          301410.6885,           301465.3212,                     0,            118.657849,           -137.1059992,                      0,        118.6578489,         137.0498655,                   0,                90.39233914,                 182.0205685,                           0,            -1.117232418e-09,             -0.0008186693653,                          nan,                      0.7617898014,                        1.328133872,                                nan,           299.9997895,            300.0541664,                      0,            17152.38933,             16956.48388,                       0,      0.8940806685,      0.5543440568,                 0,                 0,                 0,       0.436816827,      0.3752913933,      0.9827685105,                 0,      0.6200157059
        1995,     0.06042851969,      -6.788327728,      -4.255485661,      -1.351246748,                         7,      -4.127860175,               4,       -5.03562768,   1.916265602e-08,    8.03767282e-06,      0.9242319183,       8.240544621,       7.669835826,         0.7088504508,         -0.7092679761,                     0,      0.4377536121,      0.6867220096,                 0,       288.9264571,       274.1829072,                 0,       15036.85165,        12365.40355,                  0,        0.1813008951,         0.1571120121,                    0,          301410.6488,           301464.9896,                     0,           118.6586091,           -137.1074056,                      0,         118.658609,         137.0512334,                   0,                90.39289523,                  182.018659,                           0,            -1.087843704e-09,             -0.0008192218728,                          nan,                      0.7617896076,                        1.328106683,                                nan,           299.9997499,            300.0538364,                      0,            17152.38227,             16956.46963,                       0,      0.8940572732,      0.5543202445,                 0,                 0,                 0,      0.4368117896,       0.375287213,      0.9827353911,                 0,      0.6200052962
        1996,     0.06041564607,      -6.796850236,      -4.259284436,      -1.361253903,                         8,      -4.174368734,               4,      -4.647569271,     2.2995632e-08,   9.645218121e-06,       1.109078302,       9.888653545,       9.203802991,         0.7088552357,         -0.7092774862,                     0,      0.4377574673,      0.6867205292,                 0,       288.9262236,        274.182647,                 0,       15036.81096,        12365.40674,                  0,         0.181300551,         0.1571122007,                    0,          301410.6012,           301464.5996,                     0,           118.6596353,           -137.1091524,                      0,        118.6596352,         137.0529402,                   0,                90.39361653,                 182.0165422,                           0,            -1.025862506e-09,             -0.0008197936644,                          nan,                      0.7617890984,                        1.328074697,                                nan,           299.9997026,            300.0534483,                      0,            17152.37488,             16956.45447,                       0,      0.8940299297,      0.5542902511,                 0,                 0,                 0,      0.4368063201,      0.3752836376,      0.9826949623,                 0,      0.6199907102
        1997,     0.06040311602,      -6.803217858,      -4.258748039,      -1.367116018,                         9,      -4.148985024,               4,      -4.283795191,    2.75953962e-08,   1.157427239e-05,       1.330893962,       11.86638425,       11.04456359,         0.7088615674,         -0.7092885294,                     0,       0.437762503,      0.6867194037,                 0,       288.9259272,       274.1822999,                 0,       15036.75974,        12365.40455,                  0,        0.1813001194,         0.1571123708,                    0,          301410.5479,           301464.1422,                     0,           118.6609777,           -137.1112143,                      0,        118.6609776,         137.0549608,                   0,                90.39455981,                 182.0142872,                           0,            -9.335153761e-10,             -0.0008203843466,                          nan,                      0.7617884297,                        1.328038665,                                nan,           299.9996496,             300.052993,                      0,            17152.36743,             16956.43761,                       0,      0.8939988835,      0.5542528056,                 0,                 0,                 0,      0.4368007487,      0.3752816327,      0.9826463618,                 0,      0.6199703555
        1998,     0.06039201111,       -6.80560314,      -4.253641201,      -1.366795114,                        10,      -4.075134187,               5,       -4.86339512,   3.311538945e-08,   1.388913736e-05,       1.597072755,        14.2396611,       13.25347631,          0.708869679,         -0.7093006154,                     0,      0.4377689512,      0.6867187013,                 0,       288.9255555,       274.1818607,                 0,       15036.69564,        12365.39612,                  0,        0.1812995798,         0.1571125141,                    0,          301410.4879,           301463.6168,                     0,           118.6626887,           -137.1135067,                      0,        118.6626886,         137.0572086,                   0,                90.39578135,                 182.0119826,                           0,            -8.264248175e-10,             -0.0008210207792,                          nan,                      0.7617877396,                         1.32800007,                                nan,           299.9995898,            300.0524701,                      0,             17152.3596,              16956.4189,                       0,       0.893964784,      0.5542063942,                 0,                 0,                 0,      0.4367955815,      0.3752826322,      0.9825887788,                 0,      0.6199420873
        1999,      0.0603804788,      -6.799855323,      -4.245358325,      -1.355805114,                        10,       -3.60794339,               5,      -4.485208195,   3.973977614e-08,   1.666697524e-05,       1.916487306,       17.08759333,       15.90417157,         0.7088798874,         -0.7093131909,                     0,      0.4377770805,      0.6867184028,                 0,       288.9250885,       274.1813547,                 0,       15036.61543,        12365.38408,                  0,        0.1812989057,         0.1571126499,                    0,          301410.4139,           301463.0498,                     0,           118.6648387,           -137.1159119,                      0,        118.6648387,         137.0595625,                   0,                90.39733131,                 182.0097187,                           0,            -7.257167089e-10,             -0.0008217545433,                          nan,                      0.7617869988,                        1.327960745,                                nan,           299.9995162,            300.0519057,                      0,            17152.35041,             16956.40176,                       0,      0.8939288507,       0.554149175,                 0,                 0,                 0,      0.4367915321,      0.3752887224,      0.9825214874,                 0,      0.6199029985
        2000,     0.06036915342,      -6.784612667,      -4.236160332,      -1.333404858,                        10,      -3.200632594,               5,      -4.137605158,   4.768960359e-08,   2.000037975e-05,       2.299784767,       20.50511199,       19.08500588,         0.7088927288,         -0.7093260684,                     0,      0.4377872812,      0.6867184825,                 0,       288.9244929,        274.180839,                 0,        15036.5141,        12365.37531,                  0,        0.1812980577,         0.1571128328,                    0,          301410.3111,           301462.5025,                     0,           118.6675434,           -137.1183528,                      0,        118.6675433,         137.0619418,                   0,                90.39926312,                  182.007568,                           0,            -6.417884002e-10,             -0.0008226392446,                          nan,                      0.7617859153,                        1.327922001,                                nan,           299.9994139,             300.051361,                      0,            17152.33809,             16956.39538,                       0,      0.8938932147,      0.5540789034,                 0,                 0,                 0,      0.4367896751,      0.3753029587,      0.9824439931,                 0,      0.6198490987
        2001,     0.06099459905,      -6.763994779,       -4.22758702,      -1.305251752,                        10,      -2.847191411,               6,      -4.632872236,   5.723019979e-08,   2.400046002e-05,      0.2299784767,       2.050511199,       1.908500588,         0.7089090597,         -0.7093398669,                     0,      0.4378001741,      0.6867191033,                 0,       288.9237228,       274.1803789,                 0,       15036.38452,        12365.37837,                  0,        0.1812969786,          0.157113134,                    0,          301410.1631,           301462.0597,                     0,           118.6709835,           -137.1208904,                      0,        118.6709835,         137.0644058,                   0,                90.40166908,                  182.005583,                           0,             -5.66519831e-10,             -0.0008236971387,                          nan,                      0.7617841063,                        1.327883647,                                nan,           299.9992666,            300.0509202,                      0,            17152.32082,             16956.41404,                       0,      0.8938615398,      0.5539929354,                 0,                 0,                 0,      0.4367918818,      0.3753298578,      0.9823564132,                 0,      0.6197748876
        2002,     0.06097602826,      -6.743125227,      -4.219612233,      -1.277619047,                         4,      -4.756757235,               2,      -4.347085384,   5.723338296e-09,   2.400045067e-06,       0.275974172,       2.460613439,       2.290200706,         0.7089130699,          -0.709342563,                     0,      0.4378025391,      0.6867199248,                 0,       288.9237819,       274.1803117,                 0,       15036.39633,        12365.37474,                  0,        0.1812970839,         0.1571131262,                    0,           301410.345,             301462.05,                     0,           118.6715858,           -137.1214472,                      0,        118.6715858,         137.0649468,                   0,                90.40223341,                 182.0054509,                           0,            -5.583191687e-10,             -0.0008239232897,                          nan,                      0.7617849951,                        1.327877442,                                nan,           299.9994476,            300.0509106,                      0,            17152.35824,             16956.42195,                       0,      0.8938590932,      0.5539868743,                 0,                 0,                 0,      0.4367918354,      0.3753315846,      0.9823501092,                 0,      0.6197698032
        2003,       0.060957273,      -6.747921543,      -4.225438667,      -1.286004673,                         4,      -4.345247184,               2,      -4.084189375,   6.868045088e-09,   2.880055448e-06,      0.3311690064,       2.952736127,       2.748240847,         0.7089168656,          -0.709345982,                     0,      0.4378051031,      0.6867208984,                 0,       288.9237869,       274.1802473,                 0,       15036.39701,        12365.37396,                  0,         0.181297089,         0.1571131529,                    0,          301410.4806,           301462.0557,                     0,           118.6722179,           -137.1221211,                      0,        118.6722179,         137.0656006,                   0,                90.40284759,                 182.0052902,                           0,            -5.605725883e-10,             -0.0008242114986,                          nan,                      0.7617861131,                        1.327869935,                                nan,           299.9995825,            300.0509163,                      0,            17152.38498,             16956.43632,                       0,      0.8938562739,      0.5539792944,                 0,                 0,                 0,      0.4367919005,      0.3753339352,      0.9823423711,                 0,       0.619763278
        2004,      0.0609396386,      -6.755278524,      -4.231851316,      -1.297421531,                         5,      -4.881612668,               3,      -5.556119395,   8.241710395e-09,   3.456068196e-06,      0.3974028077,       3.543283352,       3.297889016,         0.7089205514,          -0.709350249,                     0,      0.4378079509,      0.6867220703,                 0,       288.9237285,       274.1801825,                 0,       15036.38481,        12365.37586,                  0,        0.1812969785,         0.1571132142,                    0,          301410.5644,           301462.0768,                     0,           118.6729073,           -137.1229376,                      0,        118.6729072,         137.0663921,                   0,                90.40351919,                 182.0050979,                           0,            -5.774987155e-10,             -0.0008245720846,                          nan,                      0.7617873472,                        1.327860865,                                nan,            299.999666,            300.0509373,                      0,            17152.39989,             16956.45767,                       0,      0.8938530616,      0.5539697134,                 0,                 0,                 0,      0.4367921613,      0.3753371859,      0.9823328031,                 0,      0.6197547866
        2005,     0.06092274362,      -6.765646673,       -4.23897235,      -1.312471854,                         5,      -4.423416161,               3,       -5.18784611,    9.89013342e-09,   4.147283637e-06,      0.4768833693,       4.251940022,        3.95746682,         0.7089243822,         -0.7093554969,                     0,      0.4378112209,      0.6867234997,                 0,       288.9236002,       274.1801126,                 0,       15036.35889,        12365.37999,                  0,        0.1812967465,         0.1571133067,                    0,          301410.5968,            301462.113,                     0,           118.6737004,           -137.1239264,                      0,        118.6737003,         137.0673502,                   0,                90.40426214,                 182.0048732,                           0,            -6.118914264e-10,             -0.0008250121673,                          nan,                      0.7617885166,                        1.327849943,                                nan,           299.9996982,            300.0509733,                      0,            17152.40343,             16956.48634,                       0,      0.8938494621,       0.553957531,                 0,                 0,                 0,      0.4367927311,       0.375341705,       0.982320931,                 0,      0.6197436531
        2006,     0.06090642272,      -6.778266157,      -4.246728104,       -1.33028754,                         6,      -4.724121881,               3,      -4.833722366,   1.186827646e-08,   4.976741929e-06,      0.5722600431,       5.102328027,       4.748960184,         0.7089287596,         -0.7093618795,                     0,      0.4378151061,      0.6867252643,                 0,       288.9233993,       274.1800326,                 0,       15036.31953,        12365.38575,                  0,        0.1812963979,         0.1571134255,                    0,          301410.5847,           301462.1649,                     0,           118.6746614,           -137.1251217,                      0,        118.6746613,         137.0685093,                   0,                90.40509977,                 182.0046193,                           0,             -6.61858679e-10,             -0.0008255331718,                          nan,                      0.7617894062,                        1.327836862,                                nan,           299.9996862,            300.0510249,                      0,            17152.39787,             16956.52267,                       0,      0.8938455266,      0.5539420457,                 0,                 0,                 0,      0.4367937579,      0.3753479583,       0.982306228,                 0,      0.6197290574
        2007,     0.06089021121,      -6.791146107,      -4.254694257,      -1.348313667,                         6,      -4.245767875,               3,       -4.49481929,   1.424209895e-08,   5.972090884e-06,      0.6867120517,       6.122793632,        5.69875222,         0.7089341762,         -0.7093695833,                     0,       0.437819843,       0.686727469,                 0,       288.9231266,       274.1799375,                 0,        15036.2677,         12365.3925,                  0,        0.1812959442,         0.1571135654,                    0,           301410.541,            301462.235,                     0,           118.6758651,           -137.1265636,                      0,         118.675865,         137.0699098,                   0,                 90.4060671,                 182.0043468,                           0,            -7.180124273e-10,             -0.0008261285484,                          nan,                      0.7617898304,                        1.327821308,                                nan,           299.9996427,            300.0510947,                      0,            17152.38671,             16956.56741,                       0,      0.8938413813,      0.5539224876,                 0,                 0,                 0,      0.4367954349,      0.3753565128,      0.9822881581,                 0,      0.6197100506
        2008,      0.0608749122,      -6.802221074,      -4.261969628,      -1.363560997,                         7,      -4.396300687,               3,      -4.172130976,   1.709075892e-08,   7.166507373e-06,      0.8240544621,       7.347352359,       6.838502664,         0.7089411204,         -0.7093788172,                     0,      0.4378256899,      0.6867302529,                 0,       288.9227836,       274.1798213,                 0,       15036.20437,        12365.39957,                  0,        0.1812953958,         0.1571137214,                    0,          301410.4804,           301462.3272,                     0,           118.6773865,           -137.1282951,                      0,        118.6773865,         137.0715957,                   0,                90.40721151,                 182.0040787,                           0,            -7.635958532e-10,             -0.0008267831331,                          nan,                      0.7617897072,                         1.32780302,                                nan,           299.9995824,            300.0511865,                      0,            17152.37367,             16956.62172,                       0,       0.893837276,      0.5538980481,                 0,                 0,                 0,      0.4367980219,      0.3753680572,      0.9822662294,                 0,      0.6196855546
        2009,     0.06086083687,      -6.810960787,      -4.267241619,      -1.374785854,                         8,       -4.46645416,               4,        -4.9731494,    2.05092556e-08,   8.599803123e-06,      0.9888653545,       8.816822831,       8.206203197,         0.7089499841,         -0.7093897529,                     0,      0.4378329028,      0.6867337869,                 0,       288.9223691,       274.1796741,                 0,        15036.1295,        12365.40596,                  0,        0.1812947532,         0.1571138861,                    0,          301410.4148,           301462.4439,                     0,            118.679291,           -137.1303535,                      0,         118.679291,         137.0736057,                   0,                90.40859084,                 182.0038541,                           0,            -7.791415291e-10,             -0.0008274765018,                          nan,                      0.7617891049,                        1.327781911,                                nan,            299.999517,            300.0513026,                      0,             17152.3613,             16956.68673,                       0,        0.89383365,      0.5538678799,                 0,                 0,                 0,      0.4368018822,      0.3753834544,       0.982240034,                 0,      0.6196543169
        2010,     0.06084808369,      -6.818171122,      -4.269217799,       -1.38269978,                         9,      -4.458070613,               4,      -4.594609135,   2.461160189e-08,   1.031975189e-05,       1.186638425,        10.5801874,       9.847443837,         0.7089610239,         -0.7094024277,                     0,      0.4378417188,      0.6867382523,                 0,       288.9218776,       274.1794823,                 0,       15036.04176,        12365.41011,                  0,        0.1812940037,         0.1571140477,                    0,          301410.3501,           301462.5834,                     0,           118.6816297,           -137.1327539,                      0,        118.6816297,         137.0759561,                   0,                90.41026872,                 182.0037314,                           0,             -7.51318785e-10,             -0.0008281914404,                          nan,                       0.761788231,                        1.327758249,                                nan,           299.9994527,            300.0514414,                      0,            17152.35048,             16956.76298,                       0,      0.8938312301,      0.5538310625,                 0,                 0,                 0,       0.436807542,      0.3754038403,      0.9822092803,                 0,       0.619614804
        2011,     0.06083628519,      -6.823409746,      -4.267352113,        -1.3869761,                        10,       -4.38880903,               4,      -4.240324086,   2.953463306e-08,   1.238368221e-05,        1.42396611,       12.69622488,        11.8169326,          0.708974396,         -0.7094166918,                     0,      0.4378523489,      0.6867438075,                 0,       288.9212986,        274.179234,                 0,       15035.93884,        12365.41055,                  0,         0.181293126,         0.1571141945,                    0,          301410.2866,           301462.7444,                     0,           118.6844428,           -137.1354771,                      0,        118.6844428,         137.0786278,                   0,                 90.4123067,                 182.0037861,                           0,            -6.827287624e-10,             -0.0008289246553,                          nan,                      0.7617873461,                         1.32773277,                                nan,           299.9993895,            300.0516017,                      0,             17152.3407,             16956.85076,                       0,      0.8938312101,       0.553786567,                 0,                 0,                 0,      0.4368157917,      0.3754307882,      0.9821738732,                 0,      0.6195650372
        2012,     0.06082464834,      -6.823073755,      -4.262410143,      -1.383784758,                        10,      -3.887502586,               5,      -4.818504919,   3.544257959e-08,   1.486038866e-05,       1.708759333,       15.23546985,       14.18031913,         0.7089902552,         -0.7094322969,                     0,      0.4378649884,      0.6867505664,                 0,       288.9206175,       274.1789316,                 0,       15035.81801,         12365.4075,                  0,        0.1812920966,         0.1571143276,                    0,          301410.2186,           301462.9382,                     0,           118.6877716,           -137.1384754,                      0,        118.6877716,         137.0815722,                   0,                90.41475409,                 182.0041026,                           0,            -5.958260552e-10,              -0.000829692389,                          nan,                      0.7617866009,                         1.32770656,                                nan,           299.9993218,            300.0517946,                      0,            17152.33086,             16956.95204,                       0,      0.8938355988,      0.5537332735,                 0,                 0,                 0,      0.4368278441,      0.3754665745,      0.9821341392,                 0,      0.6195023718
        2013,     0.06081324821,      -6.813020872,      -4.256242602,      -1.368857251,                        10,      -3.443422274,               5,      -4.447590248,   4.253255816e-08,   1.783242466e-05,       2.050511199,       18.28256382,       17.01638295,          0.709008894,         -0.7094491391,                     0,        0.43787987,      0.6867586178,                 0,       288.9198106,       274.1785992,                 0,       15035.67589,        12365.40406,                  0,        0.1812908892,         0.1571144732,                    0,          301410.1335,           301463.1978,                     0,           118.6916823,           -137.1417094,                      0,        118.6916822,         137.0847478,                   0,                90.41764487,                 182.0047584,                           0,             -5.22061061e-10,             -0.0008305239603,                          nan,                       0.761785857,                        1.327680586,                                nan,           299.9992371,             300.052053,                      0,            17152.31943,             16957.07247,                       0,      0.8938477744,        0.55367006,                 0,                 0,                 0,      0.4368455121,      0.3755145665,      0.9820912328,                 0,      0.6194232126
        2014,      0.0608019801,      -6.794590694,      -4.250531868,       -1.34444197,                        10,      -3.055932167,               5,      -4.103789412,   5.104116617e-08,   2.139885258e-05,       2.460613439,       21.93907659,       20.41965954,         0.7090308799,         -0.7094675507,                     0,      0.4378973735,      0.6867681103,                 0,       288.9188423,       274.1782742,                 0,       15035.50751,        12365.40569,                  0,        0.1812894667,          0.157114679,                    0,          301410.0132,           301463.5761,                     0,           118.6962942,           -137.1452048,                      0,        118.6962941,         137.0881787,                   0,                90.42102063,                 182.0058127,                           0,            -4.803535347e-10,             -0.0008314428365,                          nan,                      0.7617846984,                         1.32765505,                                nan,           299.9991173,            300.0524295,                      0,            17152.30461,             16957.22184,                       0,      0.8938730067,      0.5535959286,                 0,                 0,                 0,      0.4368712692,      0.3755795609,      0.9820475537,                 0,      0.6193227946
        2015,     0.06079074261,      -6.774810907,      -4.245457639,      -1.318856123,                        10,      -2.717211314,               6,      -4.566717293,   6.125240406e-08,   2.567854237e-05,      0.2460613439,       2.193907659,       2.041965954,         0.7090570646,         -0.7094885212,                     0,      0.4379181153,      0.6867794168,                 0,       288.9176713,        274.177988,                 0,       15035.30662,        12365.41776,                  0,        0.1812877792,          0.157114995,                    0,          301409.8462,           301464.1359,                     0,           118.7017826,            -137.149109,                      0,        118.7017825,         137.0920126,                   0,                90.42498024,                 182.0073253,                           0,            -4.728006875e-10,              -0.000832444296,                          nan,                      0.7617828334,                        1.327628953,                                nan,           299.9989511,            300.0529867,                      0,            17152.28548,             16957.41308,                       0,      0.8939185403,      0.5535103186,                 0,                 0,                 0,      0.4369080978,      0.3756676604,       0.982007046,                 0,      0.6191954788
        2016,     0.06077213837,      -6.758492104,       -4.23968914,      -1.297224723,                         4,       -4.59869996,               2,      -4.298414622,   6.125599696e-09,   2.567844157e-06,      0.2952736127,        2.63268919,       2.450359145,         0.7090635489,          -0.709492594,                     0,      0.4379218942,      0.6867818121,                 0,        288.917756,       274.1778962,                 0,       15035.32426,        12365.40704,                  0,        0.1812879387,         0.1571149111,                    0,          301410.1268,           301464.2188,                     0,           118.7027636,           -137.1499972,                      0,        118.7027636,         137.0928855,                   0,                 90.4258534,                 182.0075844,                           0,            -4.634331807e-10,             -0.0008326631403,                          nan,                      0.7617838932,                        1.327622391,                                nan,           299.9992304,            300.0530693,                      0,            17152.34388,             16957.43494,                       0,      0.8939213873,      0.5535048847,                 0,                 0,                 0,      0.4369103962,      0.3756732179,      0.9820044488,                 0,      0.6191874281
        2017,     0.06075343603,      -6.767323399,      -4.245274521,      -1.310811939,                         4,      -4.189512074,               2,      -4.038339204,   7.350764166e-09,   3.081412166e-06,      0.3543283352,       3.159227028,       2.940430974,         0.7090695857,         -0.7094976533,                     0,      0.4379259463,      0.6867846946,                 0,       288.9177543,       274.1778131,                 0,       15035.32372,        12365.40022,                  0,        0.1812879333,          0.157114872,                    0,           301410.331,           301464.3494,                     0,           118.7037778,            -137.151045,                      0,        118.7037778,         137.0939133,                   0,                90.42679993,                 182.0079244,                           0,            -4.542062282e-10,             -0.0008329477858,                          nan,                      0.7617853588,                        1.327614918,                                nan,           299.9994337,            300.0531992,                      0,             17152.3843,             16957.46983,                       0,       0.893925304,      0.5534979579,                 0,                 0,                 0,      0.4369134418,      0.3756805311,      0.9820013122,                 0,      0.6191769664
        2018,     0.06073595423,      -6.778695972,      -4.251067559,      -1.327488151,                         5,      -4.702098282,               3,       -5.48998647,   8.820981049e-09,   3.697693188e-06,      0.4251940022,       3.791072434,       3.528517169,         0.7090753469,         -0.7095038179,                     0,      0.4379303944,       0.686788163,                 0,       288.9176544,       274.1777343,                 0,       15035.30285,        12365.39701,                  0,        0.1812877443,         0.1571148763,                    0,           301410.453,           301464.5301,                     0,            118.704866,           -137.1522777,                      0,         118.704866,         137.0951209,                   0,                90.42783006,                 182.0083638,                           0,            -4.564645328e-10,             -0.0008333067308,                          nan,                      0.7617870531,                        1.327606429,                                nan,           299.9995551,            300.0533791,                      0,            17152.40554,             16957.51884,                       0,      0.8939307671,      0.5534890213,                 0,                 0,                 0,      0.4369175368,      0.3756902924,      0.9819975139,                 0,      0.6191631854
        2019,     0.06071862332,      -6.792302153,      -4.257656661,      -1.347050204,                         5,      -4.248850057,               3,      -5.126542391,   1.058526936e-08,   4.437229333e-06,      0.5102328027,       4.549286921,       4.234220602,         0.7090812382,         -0.7095111834,                     0,      0.4379354364,      0.6867923205,                 0,       288.9174508,       274.1776536,                 0,       15035.26128,        12365.39664,                  0,        0.1812873709,         0.1571149177,                    0,          301410.4969,           301464.7625,                     0,           118.7060968,           -137.1537198,                      0,        118.7060968,         137.0965324,                   0,                90.42896281,                 182.0089232,                           0,            -4.817293231e-10,              -0.000833743534,                          nan,                      0.7617886973,                         1.32759684,                                nan,           299.9995988,            300.0536104,                      0,            17152.40918,             16957.58254,                       0,      0.8939384017,      0.5534774815,                 0,                 0,                 0,      0.4369230657,      0.3757033584,      0.9819929607,                 0,      0.6191449886
        2020,     0.06070250173,      -6.806609252,      -4.265221992,      -1.367641529,                         6,      -4.534622631,               3,      -4.777402437,   1.270245565e-08,   5.324670764e-06,      0.6122793632,       5.459144305,       5.081064723,         0.7090878673,          -0.709519836,                     0,      0.4379413371,       0.686797274,                 0,       288.9171453,       274.1775658,                 0,       15035.20059,        12365.39821,                  0,        0.1812868307,         0.1571149878,                    0,          301410.4783,           301465.0489,                     0,           118.7075603,           -137.1553953,                      0,        118.7075602,          137.098172,                   0,                90.43022952,                 182.0096259,                           0,             -5.34909006e-10,             -0.0008342549028,                          nan,                      0.7617899765,                        1.327586088,                                nan,           299.9995803,            300.0538954,                      0,             17152.3997,             16957.66128,                       0,      0.8939489856,      0.5534627247,                 0,                 0,                 0,      0.4369304895,      0.3757207201,      0.9819876358,                 0,      0.6191211508
        2021,     0.06068629787,       -6.81949805,      -4.273240533,      -1.386282294,                         6,      -4.067390147,               3,      -4.443515494,   1.524313715e-08,   6.389597119e-06,      0.7347352359,       6.550973166,       6.097277667,         0.7090959255,         -0.7095298716,                     0,      0.4379483975,      0.6868031386,                 0,       288.9167462,        274.177467,                 0,       15035.12355,        12365.40095,                  0,        0.1812861522,         0.1571150788,                    0,          301410.4209,           301465.3939,                     0,           118.7093536,           -137.1573283,                      0,        118.7093535,         137.1000648,                   0,                90.43167543,                 182.0104999,                           0,            -6.086577908e-10,             -0.0008348301205,                          nan,                      0.7617906486,                        1.327574135,                                nan,           299.9995232,            300.0542388,                      0,            17152.38332,             16957.75573,                       0,       0.893963447,      0.5534441769,                 0,                 0,                 0,      0.4369403335,      0.3757434636,       0.981981645,                 0,      0.6190903876
        2022,     0.06067112046,      -6.829805527,      -4.280526441,      -1.400828365,                         7,      -4.211318709,               3,      -4.125794328,   1.829203831e-08,    7.66750326e-06,      0.8816822831,       7.861167799,       7.316733201,          0.709106016,         -0.7095413958,                     0,      0.4379569084,      0.6868100433,                 0,       288.9162633,       274.1773544,                 0,       15035.03279,        12365.40428,                  0,        0.1812853609,         0.1571151851,                    0,            301410.35,            301465.804,                     0,            118.711561,           -137.1595422,                      0,         118.711561,          137.102235,                   0,                90.43335771,                 182.0115806,                           0,              -6.8308037e-10,             -0.0008354530076,                          nan,                      0.7617906545,                        1.327561003,                                nan,           299.9994525,             300.054647,                      0,            17152.36598,               16957.867,                       0,      0.8939828707,      0.5534213445,                 0,                 0,                 0,      0.4369531743,      0.3757727508,       0.981975253,                 0,      0.6190513964
        2023,     0.06065770548,      -6.838212428,      -4.285726951,      -1.411579616,                         8,      -4.279121732,               4,      -4.904542546,   2.195083975e-08,   9.200982335e-06,        1.05801874,       9.433401359,       8.780079841,         0.7091185132,          -0.709554485,                     0,      0.4379671081,      0.6868181326,                 0,       288.9157027,       274.1772232,                 0,       15034.92944,        12365.40765,                  0,        0.1812844666,         0.1571153021,                    0,          301410.2838,            301466.285,                     0,           118.7142388,           -137.1620538,                      0,        118.7142388,         137.1047007,                   0,                90.43533896,                 182.0129146,                           0,            -7.322523699e-10,             -0.0008361073313,                          nan,                        0.76179016,                        1.327546857,                                nan,           299.9993867,            300.0551257,                      0,            17152.35139,             16957.99642,                       0,      0.8940085123,      0.5533938164,                 0,                 0,                 0,      0.4369696282,      0.3758098297,      0.9819688936,                 0,      0.6190028493
        2024,     0.06064542588,      -6.845904343,      -4.287992729,      -1.419984892,                         9,      -4.272389418,               4,      -4.531260766,   2.634157455e-08,   1.104114568e-05,       1.269622488,       11.32008163,       10.53609581,          0.709133537,         -0.7095691379,                     0,      0.4379791609,      0.6868275594,                 0,       288.9150632,       274.1770668,                 0,       15034.81271,        12365.41035,                  0,        0.1812834603,         0.1571154249,                    0,          301410.2296,           301466.8408,                     0,            118.717413,            -137.164866,                      0,        118.7174129,         137.1074652,                   0,                90.43767708,                 182.0145611,                           0,            -7.361723453e-10,             -0.0008367844008,                          nan,                       0.761789487,                        1.327532099,                                nan,           299.9993327,            300.0556789,                      0,            17152.34029,             16958.14525,                       0,      0.8940418476,       0.553361257,                 0,                 0,                 0,      0.4369903581,      0.3758560776,      0.9819631942,                 0,      0.6189433509
        2025,     0.06063456772,       -6.85186064,      -4.287339685,      -1.425103701,                        10,       -4.20099218,               4,       -4.18101959,   3.161070615e-08,   1.324932683e-05,       1.523546985,       13.58409796,       12.64331497,         0.7091510583,         -0.7095852981,                     0,      0.4379931651,      0.6868384784,                 0,       288.9143363,       274.1768817,                 0,       15034.68054,        12365.41218,                  0,        0.1812823229,         0.1571155528,                    0,          301410.1834,           301467.4791,                     0,           118.7210911,           -137.1679684,                      0,        118.7210911,          137.110518,                   0,                90.44041351,                 182.0165912,                           0,            -6.943877695e-10,             -0.0008374882909,                          nan,                      0.7617889347,                        1.327517347,                                nan,           299.9992867,            300.0563142,                      0,            17152.33136,             16958.31544,                       0,      0.8940847179,      0.5533234482,                 0,                 0,                 0,      0.4370161272,      0.3759130915,      0.9819590972,                 0,      0.6188713856
        2026,     0.06062381569,      -6.851568609,      -4.284598874,      -1.421729261,                        10,      -3.714569133,               5,      -4.722355454,   3.793402481e-08,   1.589912616e-05,       1.828256382,       16.30091755,       15.17197796,         0.7091710835,             -0.709603,                     0,      0.4380091959,      0.6868510596,                 0,       288.9135061,       274.1766742,                 0,       15034.53046,         12365.4144,                  0,        0.1812810341,         0.1571156986,                    0,          301410.1326,           301468.2193,                     0,           118.7252876,           -137.1713581,                      0,        118.7252876,         137.1138553,                   0,                90.44356513,                 182.0190808,                           0,            -6.319171852e-10,             -0.0008382331405,                          nan,                      0.7617885538,                        1.327503194,                                nan,           299.9992362,             300.057051,                      0,            17152.32252,             16958.51125,                       0,      0.8941396502,      0.5532804202,                 0,                 0,                 0,      0.4370479202,      0.3759828632,       0.981958158,                 0,      0.6187852424
        2027,     0.06061254847,      -6.840894025,      -4.280952272,      -1.405374771,                        10,      -3.285560472,               5,      -4.347137043,   4.552252761e-08,    1.90788637e-05,       2.193907659,       19.56110106,       18.20637356,         0.7091938376,         -0.7096225746,                     0,      0.4380273964,      0.6868655296,                 0,       288.9125479,       274.1764585,                 0,       15034.35939,        12365.41988,                  0,        0.1812795726,         0.1571158903,                    0,          301410.0585,           301469.0945,                     0,           118.7300542,            -137.175076,                      0,        118.7300541,         137.1175169,                   0,                90.44713388,                 182.0221002,                           0,            -5.850879781e-10,             -0.0008390307867,                          nan,                      0.7617880287,                        1.327489764,                                nan,           299.9991625,            300.0579221,                      0,            17152.31171,                16958.74,                       0,      0.8942103496,      0.5532326158,                 0,                 0,                 0,      0.4370871053,      0.3760680716,      0.9819629738,                 0,      0.6186828591
        2028,     0.06060128832,      -6.822878099,      -4.277131287,      -1.380596977,                        10,      -2.912466487,               6,      -4.806507172,   5.462947981e-08,   2.289452107e-05,      0.2193907659,       1.956110106,       1.820637356,         0.7092198448,         -0.7096447854,                     0,      0.4380480898,      0.6868822409,                 0,       288.9114293,       274.1762455,                 0,       15034.16322,        12365.43165,                  0,        0.1812779091,         0.1571161604,                    0,           301409.944,           301470.1431,                     0,           118.7354977,           -137.1792407,                      0,        118.7354977,          137.121622,                   0,                90.45114721,                 182.0257123,                           0,            -5.769653644e-10,             -0.0008398732814,                          nan,                      0.7617869042,                        1.327476365,                                nan,           299.9990484,            300.0589658,                      0,            17152.29752,             16959.01108,                       0,      0.8943021014,      0.5531810171,                 0,                 0,                 0,      0.4371355446,      0.3761723259,       0.981977529,                 0,      0.6185616876
        2029,     0.06058327305,      -6.805218215,       -4.27311526,      -1.356880881,                         4,      -4.852107048,               2,      -4.503637354,   5.463241313e-09,   2.289439215e-06,       0.263268919,       2.347332127,       2.184764827,         0.7092259539,         -0.7096487927,                     0,      0.4380516135,      0.6868850799,                 0,       288.9114924,       274.1761593,                 0,       15034.17698,        12365.41961,                  0,        0.1812780354,         0.1571160566,                    0,          301410.1891,           301470.2661,                     0,           118.7364378,           -137.1801297,                      0,        118.7364378,         137.1224978,                   0,                90.45192149,                 182.0261599,                           0,            -5.607246889e-10,              -0.000840060535,                          nan,                      0.7617873939,                        1.327471151,                                nan,           299.9992924,            300.0590882,                      0,            17152.34892,             16959.03783,                       0,      0.8943082483,      0.5531779353,                 0,                 0,                 0,       0.437138724,      0.3761790831,      0.9819788025,                 0,      0.6185539901
        2030,     0.06056502166,      -6.811626928,      -4.277731134,       -1.36766534,                         4,      -4.433044119,               2,      -4.238416892,   6.555926076e-09,   2.747325066e-06,      0.3159227028,       2.816798552,       2.621717792,          0.709231795,         -0.7096537187,                     0,      0.4380554334,      0.6868885064,                 0,       288.9114824,       274.1760805,                 0,       15034.17556,        12365.41077,                  0,        0.1812780246,         0.1571159892,                    0,          301410.3729,           301470.4426,                     0,           118.7374228,           -137.1811711,                      0,        118.7374227,         137.1235222,                   0,                90.45277216,                 182.0267359,                           0,            -5.408273829e-10,             -0.0008403009396,                          nan,                      0.7617882389,                        1.327465434,                                nan,           299.9994753,            300.0592639,                      0,            17152.38599,             16959.07805,                       0,      0.8943161061,      0.5531740174,                 0,                 0,                 0,      0.4371427575,       0.376187708,      0.9819804476,                 0,      0.6185441743
        2031,     0.06054678238,      -6.819578026,      -4.282498415,      -1.380391226,                         4,      -4.030858296,               3,      -5.769771204,    7.86716377e-09,   3.296787197e-06,      0.3791072434,       3.380158263,       3.146061351,         0.7092374604,         -0.7096596622,                     0,      0.4380596428,      0.6868926303,                 0,       288.9113877,       274.1760049,                 0,       15034.15666,        12365.40496,                  0,        0.1812778562,         0.1571159585,                    0,          301410.4881,           301470.6766,                     0,           118.7384816,           -137.1823845,                      0,        118.7384815,         137.1247145,                   0,                 90.4537089,                  182.027468,                           0,            -5.273199655e-10,             -0.0008406017618,                          nan,                      0.7617893352,                        1.327459231,                                nan,           299.9995901,            300.0594968,                      0,            17152.40708,             16959.13324,                       0,      0.8943262911,      0.5531689652,                 0,                 0,                 0,      0.4371479468,      0.3761988715,      0.9819826007,                 0,      0.6185314808
        2032,     0.06052953684,       -6.82904435,      -4.287952391,      -1.395114929,                         5,      -4.527934852,               3,      -5.396474368,   9.440671943e-09,   3.956140395e-06,      0.4549286921,       4.056189915,       3.775273621,         0.7092432284,         -0.7096666865,                     0,      0.4380643938,      0.6868975625,                 0,       288.9112015,        274.175927,                 0,        15034.1194,        12365.40159,                  0,        0.1812775237,         0.1571159603,                    0,          301410.5356,           301470.9704,                     0,            118.739665,           -137.1837865,                      0,         118.739665,         137.1260909,                   0,                90.45474745,                 182.0283861,                           0,            -5.316649343e-10,             -0.0008409664819,                          nan,                      0.7617904889,                        1.327452602,                                nan,           299.9996373,            300.0597892,                      0,            17152.41269,             16959.20428,                       0,      0.8943395967,       0.553162444,                 0,                 0,                 0,       0.437154679,      0.3762134075,      0.9819854763,                 0,       0.618514987
        2033,     0.06051243623,      -6.839268074,      -4.294364922,      -1.410867412,                         5,      -4.086763218,               3,      -5.036444457,   1.132891468e-08,   4.747362121e-06,      0.5459144305,       4.867427899,       4.530328345,         0.7092495616,         -0.7096748248,                     0,      0.4380698968,      0.6869034093,                 0,       288.9109233,       274.1758412,                 0,       15034.06451,        12365.39988,                  0,        0.1812770364,         0.1571159874,                    0,          301410.5253,           301471.3263,                     0,           118.7410445,           -137.1853896,                      0,        118.7410445,          137.127664,                   0,                90.45591239,                 182.0295222,                           0,            -5.617252219e-10,             -0.0008413931341,                          nan,                      0.7617914495,                        1.327445658,                                nan,            299.999627,            300.0601434,                      0,            17152.40582,             16959.29168,                       0,      0.8943569899,      0.5531541265,                 0,                 0,                 0,      0.4371634222,      0.3762322836,         0.9819894,                 0,      0.6184936583
        2034,      0.0604963945,      -6.849016417,      -4.301510243,      -1.425848667,                         6,      -4.365062863,               3,      -4.690602586,   1.359485321e-08,    5.69682488e-06,      0.6550973166,       5.840913478,       5.436394014,         0.7092570353,          -0.709684097,                     0,      0.4380764012,      0.6869102707,                 0,       288.9105587,        274.175744,                 0,       15033.99412,        12365.39912,                  0,        0.1812764165,          0.157116033,                    0,          301410.4757,            301471.748,                     0,           118.7427018,           -137.1872028,                      0,        118.7427018,         137.1294435,                   0,                90.45723879,                 182.0309094,                           0,            -6.165218336e-10,             -0.0008418734265,                          nan,                      0.7617919875,                        1.327438548,                                nan,           299.9995777,            300.0605631,                      0,            17152.39141,             16959.39599,                       0,      0.8943795957,      0.5531437452,                 0,                 0,                 0,      0.4371747127,      0.3762565569,      0.9819948408,                 0,      0.6184664183
        2035,     0.06048127539,      -6.857337795,      -4.308685657,      -1.438425517,                         7,       -4.53346989,               3,      -4.359806516,   1.631404728e-08,   6.836175036e-06,      0.7861167799,       7.009096174,       6.523672817,          0.709266205,         -0.7096945226,                     0,      0.4380841596,      0.6869182424,                 0,       288.9101163,       274.1756341,                 0,       15033.91073,        12365.39895,                  0,        0.1812756885,         0.1571160929,                    0,          301410.4088,           301472.2412,                     0,           118.7447138,            -137.189232,                      0,        118.7447138,         137.1314362,                   0,                90.45877159,                 182.0325833,                           0,            -6.837717059e-10,              -0.000842393627,                          nan,                      0.7617919879,                        1.327431466,                                nan,           299.9995111,            300.0610541,                      0,            17152.37486,             16959.51807,                       0,      0.8944086743,      0.5531311301,                 0,                 0,                 0,      0.4371891324,      0.3762873328,      0.9820024271,                 0,      0.6184322066
        2036,      0.0604664025,      -6.864155138,      -4.315079892,      -1.448170011,                         7,      -4.051550423,               3,      -4.044808509,   1.957717756e-08,   8.203387461e-06,      0.9433401359,       8.410915409,        7.82840738,         0.7092774671,         -0.7097061124,                     0,      0.4380933895,      0.6869274173,                 0,       288.9096034,       274.1755108,                 0,       15033.81594,        12365.39919,                  0,        0.1812748674,         0.1571161656,                    0,          301410.3432,           301472.8121,                     0,           118.7471372,           -137.1914788,                      0,        118.7471372,         137.1336446,                   0,                90.46056166,                 182.0345824,                           0,            -7.422455983e-10,             -0.0008429375509,                          nan,                       0.761791516,                        1.327424666,                                nan,           299.9994458,            300.0616223,                      0,            17152.36023,             16959.65904,                       0,      0.8944456109,      0.5531162187,                 0,                 0,                 0,       0.437207287,       0.376325751,      0.9820129487,                 0,      0.6183899971
        2037,     0.06045371992,      -6.869963794,      -4.320196146,      -1.455730286,                         8,      -4.111659272,               4,      -4.782539397,   2.349307378e-08,   9.844031261e-06,       1.132008163,       10.09309849,       9.394088857,         0.7092909902,         -0.7097188484,                     0,      0.4381042461,      0.6869378868,                 0,        288.909022,       274.1753727,                 0,       15033.70975,        12365.39979,                  0,        0.1812739517,          0.157116251,                    0,          301410.2889,            301473.466,                     0,           118.7500011,           -137.1939377,                      0,        118.7500011,         137.1360646,                   0,                90.46265907,                 182.0369494,                           0,            -7.692264603e-10,             -0.0008434910663,                          nan,                      0.7617908064,                        1.327418502,                                nan,           299.9993917,            300.0622732,                      0,            17152.34906,              16959.8201,                       0,      0.8944919436,      0.5530990481,                 0,                 0,                 0,      0.4372298021,      0.3763730126,       0.982027367,                 0,      0.6183387699
        2038,     0.06044184183,      -6.874790561,      -4.323908495,      -1.461412893,                         9,      -4.102055167,               4,      -4.410718632,   2.819235012e-08,   1.181278887e-05,       1.358409796,       12.11171819,       11.27290663,         0.7093067538,         -0.7097327024,                     0,      0.4381168164,      0.6869497467,                 0,       288.9083684,       274.1752201,                 0,       15033.59085,        12365.40095,                  0,        0.1812729282,         0.1571163515,                    0,          301410.2464,             301474.21,                     0,           118.7533108,           -137.1965999,                      0,        118.7533107,         137.1386876,                   0,                90.46510409,                 182.0397327,                           0,            -7.518923262e-10,             -0.0008440453517,                          nan,                      0.7617901643,                        1.327413408,                                nan,           299.9993494,            300.0630137,                      0,            17152.34077,             16960.00288,                       0,      0.8945494555,      0.5530797726,                 0,                 0,                 0,      0.4372573592,      0.3764304425,      0.9820468854,                 0,      0.6182774683
        2039,     0.06043093926,      -6.876979136,      -4.326248871,      -1.463250354,                        10,      -4.026373302,               4,      -4.060874054,   3.383176995e-08,   1.417527906e-05,       1.630091755,       14.53406183,       13.52748795,          0.709324669,           -0.70974774,                     0,       0.438131131,      0.6869631241,                 0,        288.907635,       274.1750574,                 0,       15033.45766,        12365.40365,                  0,        0.1812717824,         0.1571164772,                    0,          301410.2095,           301475.0584,                     0,           118.7570608,           -137.1994685,                      0,        118.7570608,         137.1415172,                   0,                90.46791781,                 182.0429863,                           0,            -6.983043033e-10,              -0.000844595736,                          nan,                      0.7617898018,                        1.327409744,                                nan,           299.9993127,            300.0638581,                      0,            17152.33384,             16960.21055,                       0,      0.8946204273,      0.5530587701,                 0,                 0,                 0,      0.4372908195,       0.376499626,      0.9820731865,                 0,      0.6182049428
        2040,     0.06042026884,      -6.873104879,      -4.327309789,      -1.456703043,                        10,      -3.555673359,               5,      -4.537465697,   4.059948672e-08,   1.701024445e-05,       1.956110106,       17.44087419,       16.23298554,         0.7093447207,         -0.7097642705,                     0,      0.4381472027,      0.6869782256,                 0,       288.9068108,       274.1748915,                 0,       15033.30879,        12365.40971,                  0,        0.1812705045,         0.1571166473,                    0,          301410.1671,            301476.034,                     0,           118.7612551,           -137.2025855,                      0,        118.7612551,         137.1445958,                   0,                90.47109754,                 182.0467693,                           0,            -6.371407846e-10,             -0.0008451355143,                          nan,                      0.7617896717,                        1.327407531,                                nan,           299.9992705,            300.0648291,                      0,            17152.32683,              16960.4486,                       0,      0.8947080871,      0.5530368685,                 0,                 0,                 0,      0.4373314228,      0.3765826292,      0.9821088852,                 0,      0.6181198946
        2041,     0.06041058634,      -6.861458463,      -4.327101949,      -1.439644448,                        10,       -3.14027054,               5,      -4.163118364,   4.872133793e-08,   2.041217561e-05,       2.347332127,       20.92904903,       19.47958265,         0.7093670775,         -0.7097829192,                     0,      0.4381651041,      0.6869953858,                 0,       288.9058783,       274.1747207,                 0,       15033.14251,        12365.42068,                  0,        0.1812690845,         0.1571168824,                    0,           301410.105,           301477.1603,                     0,           118.7659285,           -137.2060517,                      0,        118.7659285,         137.1480254,                   0,                90.47463109,                 182.0511455,                           0,             -5.99434391e-10,              -0.000845648573,                          nan,                      0.7617894478,                        1.327406246,                                nan,           299.9992087,            300.0659501,                      0,            17152.31849,             16960.72409,                       0,      0.8948171054,      0.5530156544,                 0,                 0,                 0,      0.4373809151,      0.3766822058,      0.9821580738,                 0,      0.6180208795
        2042,     0.06040060675,      -6.845367697,      -4.325332112,      -1.416831799,                        10,      -2.777517082,               6,       -4.58065487,   5.846840533e-08,   2.449445871e-05,      0.2347332127,       2.092904903,       1.947958265,         0.7093920951,         -0.7098045246,                     0,      0.4381850432,      0.6870150872,                 0,       288.9048186,       274.1745233,                 0,       15032.95652,        12365.43628,                  0,        0.1812675067,         0.1571171912,                    0,          301410.0139,           301478.4496,                     0,            118.771151,           -137.2100184,                      0,        118.7711509,          137.151959,                   0,                90.47853546,                 182.0561927,                           0,            -6.002112141e-10,             -0.0008461061327,                          nan,                      0.7617888246,                        1.327404975,                                nan,            299.999118,            300.0672334,                      0,            17152.30832,             16961.04368,                       0,      0.8949535041,      0.5529977912,                 0,                 0,                 0,      0.4374412923,      0.3768015323,      0.9822265201,                 0,      0.6179067277
        2043,     0.06038262231,      -6.829095896,       -4.32138845,      -1.393906065,                         4,      -4.751912935,               2,       -4.42960675,   5.847174871e-09,   2.449429325e-06,      0.2816798552,       2.511485884,       2.337549918,         0.7093980838,         -0.7098082686,                     0,       0.438188488,      0.6870181352,                 0,       288.9048799,       274.1744394,                 0,       15032.97015,        12365.42288,                  0,        0.1812676326,         0.1571170688,                    0,           301410.253,            301478.591,                     0,           118.7720711,           -137.2108668,                      0,         118.772071,         137.1527974,                   0,                90.47929075,                 182.0567627,                           0,            -5.859479568e-10,             -0.0008462456355,                          nan,                      0.7617892823,                        1.327401016,                                nan,           299.9993561,            300.0673742,                      0,            17152.35878,             16961.07171,                       0,      0.8949626704,       0.552997318,                 0,                 0,                 0,      0.4374452681,      0.3768091106,      0.9822316984,                 0,      0.6178998704
        2044,     0.06036432685,      -6.835413005,      -4.325594807,      -1.404497298,                         4,      -4.335627759,               2,      -4.165777278,   7.016651261e-09,   2.939311885e-06,      0.3380158263,        3.01378306,       2.805059902,         0.7094037193,          -0.709812832,                     0,      0.4381921895,      0.6870218262,                 0,       288.9048678,       274.1743605,                 0,       15032.96833,        12365.41247,                  0,        0.1812676183,         0.1571169815,                    0,          301410.4287,           301478.7875,                     0,            118.773024,           -137.2118468,                      0,         118.773024,         137.1537654,                   0,                90.48011602,                 182.0575001,                           0,            -5.675769854e-10,             -0.0008464165828,                          nan,                      0.7617901186,                        1.327397025,                                nan,           299.9995309,            300.0675697,                      0,            17152.39422,             16961.11369,                       0,      0.8949743391,      0.5529966066,                 0,                 0,                 0,      0.4374503112,      0.3768188238,      0.9822382036,                 0,      0.6178910193
        2045,     0.06034778372,      -6.842792438,      -4.329689843,      -1.416280943,                         5,       -4.88137754,               3,      -5.641366464,   8.420041063e-09,   3.527169594e-06,      0.4056189915,       3.616539672,       3.366071882,         0.7094091086,         -0.7098182674,                     0,      0.4381962369,      0.6870262732,                 0,       288.9047729,       274.1742812,                 0,       15032.94919,        12365.40476,                  0,         0.181267447,         0.1571169286,                    0,          301410.5356,           301479.0415,                     0,           118.7740385,           -137.2129697,                      0,        118.7740385,         137.1548736,                   0,                90.48101959,                 182.0584403,                           0,            -5.552689419e-10,             -0.0008466211647,                          nan,                      0.7617912191,                        1.327393154,                                nan,           299.9996373,            300.0678226,                      0,            17152.41339,             16961.17095,                       0,      0.8949893821,      0.5529955296,                 0,                 0,                 0,      0.4374567924,      0.3768314427,      0.9822464628,                 0,      0.6178794304
        2046,     0.06033090039,      -6.851180064,      -4.334292823,      -1.429259289,                         5,      -4.420506179,               3,      -5.270404608,   1.010413488e-08,   4.232596889e-06,      0.4867427899,       4.339847607,       4.039286259,         0.7094145461,         -0.7098245791,                     0,      0.4382007747,      0.6870315835,                 0,       288.9045911,       274.1741948,                 0,       15032.91244,        12365.39908,                  0,        0.1812671179,         0.1571169055,                    0,          301410.5769,           301479.3543,                     0,           118.7751646,           -137.2142401,                      0,        118.7751646,         137.1561272,                   0,                90.48201547,                 182.0596208,                           0,            -5.601455966e-10,             -0.0008468585208,                          nan,                      0.7617923814,                        1.327389629,                                nan,           299.9996784,            300.0681339,                      0,            17152.41743,             16961.24419,                       0,      0.8950088928,      0.5529939824,                 0,                 0,                 0,      0.4374651789,      0.3768479006,      0.9822570552,                 0,      0.6178642323
        2047,     0.06031542598,      -6.859965838,      -4.339667622,       -1.44262149,                         6,      -4.732219052,               3,      -4.912725449,   1.212508487e-08,   5.079106797e-06,      0.5840913478,       5.207817128,       4.847143511,         0.7094204945,         -0.7098317311,                     0,       0.438205996,      0.6870378512,                 0,       288.9043256,       274.1740962,                 0,       15032.85954,        12365.39472,                  0,        0.1812666467,         0.1571169059,                    0,          301410.5655,           301479.7271,                     0,           118.7764693,           -137.2156561,                      0,        118.7764693,         137.1575245,                   0,                90.48312553,                 182.0610796,                           0,            -5.891135357e-10,             -0.0008471240459,                          nan,                      0.7617933593,                        1.327386742,                                nan,           299.9996671,            300.0685049,                      0,            17152.40999,             16961.33383,                       0,      0.8950341665,      0.5529919362,                 0,                 0,                 0,      0.4374760241,      0.3768692451,      0.9822707431,                 0,      0.6178444991
        2048,     0.06030047936,       -6.86819194,      -4.345602489,      -1.454964287,                         6,      -4.250746978,               3,      -4.569204406,   1.455027861e-08,   6.094914513e-06,      0.7009096174,       6.249380554,       5.816572213,         0.7094274922,         -0.7098396677,                     0,      0.4382121165,      0.6870451533,                 0,       288.9039854,       274.1739826,                 0,       15032.79327,        12365.39121,                  0,         0.181266061,         0.1571169254,                    0,           301410.522,           301480.1629,                     0,           118.7780247,           -137.2172101,                      0,        118.7780247,         137.1590582,                   0,                90.48438019,                 182.0628538,                           0,            -6.399822894e-10,             -0.0008474098687,                          nan,                      0.7617939467,                        1.327384835,                                nan,           299.9996238,            300.0689387,                      0,             17152.3964,             16961.44035,                       0,      0.8950666539,      0.5529894885,                 0,                 0,                 0,      0.4374899408,      0.3768965712,       0.982288483,                 0,      0.6178193391
        2049,       0.060286698,      -6.875074729,      -4.351648188,      -1.465056598,                         7,      -4.404370869,               3,      -4.240705981,   1.746058834e-08,   7.313877673e-06,      0.8410915409,       7.499256664,       6.979886655,         0.7094360073,         -0.7098483291,                     0,      0.4382193331,      0.6870535509,                 0,       288.9035826,       274.1738547,                 0,       15032.71655,         12365.3885,                  0,        0.1812653886,         0.1571169631,                    0,          301410.4689,           301480.6668,                     0,            118.779891,           -137.2188901,                      0,        118.7798909,         137.1607171,                   0,                90.48581638,                 182.0649788,                           0,            -6.999162361e-10,             -0.0008477068592,                          nan,                      0.7617940686,                        1.327384273,                                nan,           299.9995709,            300.0694402,                      0,            17152.38199,             16961.56456,                       0,      0.8951079072,      0.5529868942,                 0,                 0,                 0,      0.4375075621,      0.3769309593,      0.9823114183,                 0,      0.6177879669
        2050,     0.06027491268,      -6.880442576,      -4.357533509,       -1.47260162,                         8,      -4.466653762,               4,      -5.005132877,   2.095307108e-08,   8.776624761e-06,       1.009309849,       8.999107997,       8.375863986,         0.7094463082,         -0.7098576572,                     0,      0.4382277852,      0.6870630932,                 0,       288.9031268,       274.1737142,                 0,       15032.63125,        12365.38689,                  0,        0.1812646461,         0.1571170217,                    0,          301410.4234,           301481.2444,                     0,           118.7821022,           -137.2206817,                      0,        118.7821022,         137.1624873,                   0,                90.48747188,                 182.0674881,                           0,            -7.488210052e-10,             -0.0008480074849,                          nan,                      0.7617938245,                        1.327385436,                                nan,           299.9995257,            300.0700151,                      0,            17152.37032,             16961.70753,                       0,      0.8951595246,      0.5529845748,                 0,                 0,                 0,      0.4375294882,      0.3769734251,      0.9823408528,                 0,      0.6177497526
        2051,     0.06089960351,      -6.884599563,       -4.36324604,      -1.478111489,                         9,      -4.449380141,               4,      -4.614799526,   2.514421023e-08,   1.053190933e-05,       1.211171819,        10.7989296,       10.05103678,         0.7094584255,          -0.709867607,                     0,      0.4382375359,      0.6870738278,                 0,       288.9026218,       274.1735635,                 0,       15032.53763,        12365.38688,                  0,        0.1812638341,          0.157117106,                    0,          301410.3926,           301481.9016,                     0,           118.7846631,           -137.2225713,                      0,        118.7846631,         137.1643555,                   0,                90.48937752,                 182.0704137,                           0,            -7.674058056e-10,             -0.0008483074845,                          nan,                      0.7617934436,                        1.327388687,                                nan,            299.999495,            300.0706692,                      0,            17152.36231,             16961.87056,                       0,      0.8952231083,       0.552983132,                 0,                 0,                 0,      0.4375562315,      0.3770248785,      0.9823782361,                 0,      0.6177042649
        2052,     0.06088911057,      -6.887447301,      -4.368584523,      -1.481513379,                        10,      -4.357249652,               4,      -4.246846027,   3.017380743e-08,    1.26382352e-05,       1.453406183,       12.95871552,       12.06124414,         0.7094722293,         -0.7098781999,                     0,      0.4382485788,      0.6870858228,                 0,       288.9020651,       274.1734056,                 0,       15032.43478,        12365.38918,                  0,        0.1812629431,         0.1571172236,                    0,          301410.3737,           301482.6466,                     0,           118.7875581,            -137.224556,                      0,        118.7875581,          137.166319,                   0,                90.49154916,                 182.0737887,                           0,            -7.478063724e-10,             -0.0008486037285,                          nan,                      0.7617931592,                        1.327394291,                                nan,           299.9994762,            300.0714107,                      0,            17152.35687,              16962.0556,                       0,      0.8953002555,      0.5529834016,                 0,                 0,                 0,      0.4375881783,      0.3770860838,      0.9824252009,                 0,      0.6176513389
        2053,     0.06087810623,      -6.887329535,      -4.372744389,      -1.480319121,                        10,      -3.850746405,               5,      -4.719722904,   3.620965546e-08,   1.516580684e-05,       1.744087419,       15.55045862,       14.47349297,         0.7094875716,         -0.7098896186,                     0,      0.4382608671,      0.6870992071,                 0,       288.9014505,       274.1732425,                 0,       15032.32162,        12365.39471,                  0,        0.1812619643,         0.1571173848,                    0,          301410.3578,           301483.4912,                     0,           118.7907684,           -137.2266608,                      0,        118.7907683,         137.1684034,                   0,                 90.4939826,                 182.0776501,                           0,            -7.008875702e-10,             -0.0008488878087,                          nan,                      0.7617930574,                         1.32740227,                                nan,           299.9994603,            300.0722514,                      0,             17152.3523,             16962.26573,                       0,      0.8953926084,      0.5529865728,                 0,                 0,                 0,      0.4376255879,      0.3771576263,      0.9824836882,                 0,      0.6175911746
        2054,     0.06086652326,      -6.881463459,      -4.374490558,      -1.470422487,                        10,      -3.399976283,               5,      -4.328878733,   4.345314944e-08,   1.819886954e-05,       2.092904903,       18.66055034,       17.36819156,         0.7095044091,         -0.7099022776,                     0,      0.4382743608,      0.6871142153,                 0,       288.9007689,       274.1730691,                 0,       15032.19738,        12365.40403,                  0,        0.1812608938,         0.1571175999,                    0,          301410.3333,           301484.4473,                     0,           118.7942891,           -137.2289546,                      0,        118.7942891,          137.170679,                   0,                90.49665767,                 182.0820429,                           0,            -6.509116579e-10,             -0.0008491389742,                          nan,                      0.7617929985,                        1.327412274,                                nan,           299.9994359,             300.073203,                      0,            17152.34728,             16962.50513,                       0,       0.895501952,      0.5529943645,                 0,                 0,                 0,      0.4376686098,      0.3772398845,      0.9825561474,                 0,      0.6175244658
        2055,     0.06085514217,      -6.868908219,      -4.372828062,      -1.450852261,                        10,      -3.004316346,               6,      -4.770059181,    5.21460251e-08,    2.18385171e-05,       2.511485884,       22.39266041,       20.84182987,          0.709522843,         -0.7099167587,                     0,      0.4382890817,      0.6871312037,                 0,       288.9000102,       274.1728629,                 0,       15032.06136,        12365.41624,                  0,        0.1812597297,         0.1571178698,                    0,          301410.2909,           301485.5168,                     0,           118.7981385,           -137.2315445,                      0,        118.7981385,         137.1732552,                   0,                90.49955843,                 182.0870258,                           0,            -6.181392065e-10,             -0.0008493226429,                          nan,                      0.7617927319,                         1.32742367,                                nan,           299.9993937,            300.0742675,                      0,            17152.34128,             16962.77771,                       0,      0.8956301984,      0.5530092471,                 0,                 0,                 0,      0.4377172175,      0.3773328825,      0.9826457019,                 0,      0.6174526586
        2056,     0.06084382902,      -6.851717609,      -4.367577375,      -1.425266534,                        10,      -2.658759357,               6,      -4.362873104,   6.257845165e-08,   2.620606003e-05,      0.2511485884,       2.239266041,       2.084182987,         0.7095430314,         -0.7099335679,                     0,      0.4383051242,      0.6871506011,                 0,       288.8991704,       274.1725805,                 0,       15031.91329,        12365.42823,                  0,        0.1812584712,         0.1571181801,                    0,          301410.2311,           301486.6839,                     0,           118.8023436,           -137.2345362,                      0,        118.8023435,         137.1762404,                   0,                90.50270069,                 182.0926787,                           0,            -6.082711002e-10,             -0.0008493977785,                          nan,                      0.7617922171,                        1.327435991,                                nan,           299.9993342,            300.0754292,                      0,            17152.33493,             16963.08543,                       0,       0.895778976,      0.5530346583,                 0,                 0,                 0,      0.4377709586,      0.3774358323,      0.9827560733,                 0,      0.6173784752
        2057,     0.06082552308,      -6.831887758,      -4.358772912,      -1.397018488,                         4,      -4.644477115,               2,      -4.333879938,   6.258229425e-09,   2.620588932e-06,       0.301378306,       2.687119249,       2.501019585,         0.7095479558,         -0.7099363499,                     0,       0.438307927,      0.6871532864,                 0,       288.8992189,       274.1725015,                 0,       15031.92449,        12365.41562,                  0,        0.1812585758,         0.1571180648,                    0,          301410.4243,           301486.8031,                     0,           118.8030995,           -137.2351863,                      0,        118.8030995,         137.1768842,                   0,                90.50330508,                 182.0932542,                           0,            -5.987377261e-10,             -0.0008494867123,                          nan,                       0.761792457,                        1.327433957,                                nan,           299.9995266,            300.0755478,                      0,            17152.37612,             16963.10901,                       0,      0.8957888116,      0.5530372126,                 0,                 0,                 0,      0.4377744109,      0.3774421083,      0.9827640655,                 0,      0.6173745479
        2058,     0.06080722783,       -6.83716116,      -4.362342557,      -1.405653949,                         4,      -4.236321732,               2,      -4.071553512,   7.509923099e-09,   3.144702729e-06,      0.3616539672,       3.224543099,       3.001223502,         0.7095525155,         -0.7099396903,                     0,      0.4383109112,      0.6871565595,                 0,        288.899206,       274.1724203,                 0,       15031.92255,         12365.4051,                  0,        0.1812585604,         0.1571179772,                    0,          301410.5627,           301486.9648,                     0,            118.803873,           -137.2359211,                      0,         118.803873,         137.1776122,                   0,                90.50396216,                 182.0940082,                           0,            -5.890794519e-10,             -0.0008495819961,                          nan,                      0.7617930281,                        1.327432409,                                nan,           299.9996643,            300.0757087,                      0,            17152.40415,             16963.14433,                       0,      0.8958012168,      0.5530402867,                 0,                 0,                 0,      0.4377787277,      0.3774501134,      0.9827740283,                 0,      0.6173694302
        2059,     0.06079007709,      -6.843878299,      -4.365870527,      -1.415968924,                         5,      -4.757108458,               3,      -5.482465995,   9.011976429e-09,   3.773637728e-06,      0.4339847607,       3.869451719,       3.601468202,         0.7095568138,         -0.7099435774,                     0,      0.4383141483,      0.6871605151,                 0,       288.8991254,       274.1723307,                 0,       15031.90628,         12365.3963,                  0,        0.1812584149,          0.157117916,                    0,          301410.6433,           301487.1694,                     0,           118.8046881,           -137.2367392,                      0,        118.8046881,         137.1784231,                   0,                90.50467797,                 182.0949782,                           0,            -5.868319164e-10,             -0.0008496810575,                          nan,                      0.7617938266,                        1.327431633,                                nan,           299.9997445,            300.0759124,                      0,            17152.41839,             16963.19231,                       0,      0.8958170405,      0.5530439917,                 0,                 0,                 0,      0.4377841891,      0.3774604556,      0.9827865645,                 0,      0.6173626608
        2060,     0.06077275798,      -6.852134383,      -4.369963651,      -1.428232109,                         5,      -4.304500714,               3,      -5.114919194,   1.081447046e-08,   4.528357577e-06,      0.5207817128,       4.643342063,       4.321761843,          0.709561111,         -0.7099479417,                     0,      0.4383177532,      0.6871652357,                 0,       288.8989762,       274.1722261,                 0,       15031.87598,        12365.38862,                  0,         0.181258143,         0.1571178775,                    0,          301410.6711,           301487.4159,                     0,           118.8055858,           -137.2376299,                      0,        118.8055858,         137.1793066,                   0,                90.50546299,                 182.0962033,                           0,            -5.990631324e-10,             -0.0008497796358,                          nan,                      0.7617946784,                        1.327432014,                                nan,           299.9997722,            300.0761578,                      0,            17152.42035,             16963.25336,                       0,        0.89583731,      0.5530485153,                 0,                 0,                 0,      0.4377911364,      0.3774738383,      0.9828024459,                 0,      0.6173537416
        2061,     0.06075682565,      -6.861274001,      -4.374907038,      -1.441680866,                         6,       -4.58858223,               3,      -4.761057682,   1.297750642e-08,   5.434018409e-06,      0.6249380554,       5.572010476,       5.186114211,         0.7095657921,         -0.7099526607,                     0,      0.4383218733,      0.6871707814,                 0,       288.8987637,       274.1721017,                 0,       15031.83344,        12365.38152,                  0,        0.1812577634,         0.1571178575,                    0,          301410.6591,           301487.7037,                     0,           118.8066184,           -137.2385725,                      0,        118.8066184,         137.1802425,                   0,                 90.5063335,                 182.0977223,                           0,            -6.284867071e-10,             -0.0008498721226,                          nan,                      0.7617953843,                        1.327434032,                                nan,           299.9997602,            300.0764442,                      0,            17152.41358,              16963.3276,                       0,      0.8958631831,      0.5530541612,                 0,                 0,                 0,      0.4377999547,      0.3774909982,      0.9828226159,                 0,      0.6173422143
        2062,     0.06074153888,      -6.870000782,      -4.380661126,      -1.454560426,                         6,      -4.116972261,               3,      -4.421799473,   1.557321142e-08,   6.520807229e-06,      0.7499256664,       6.686412571,       6.223337054,         0.7095712725,         -0.7099575752,                     0,      0.4383266601,       0.687177185,                 0,       288.8984985,       274.1719564,                 0,       15031.78146,        12365.37482,                  0,        0.1812573031,         0.1571178541,                    0,           301410.626,           301488.0339,                     0,           118.8078378,           -137.2395372,                      0,        118.8078377,         137.1812012,                   0,                90.50731128,                 182.0995715,                           0,            -6.705910272e-10,             -0.0008499529492,                          nan,                      0.7617957957,                        1.327438234,                                nan,           299.9997273,            300.0767728,                      0,            17152.40279,             16963.41523,                       0,      0.8958958673,      0.5530613771,                 0,                 0,                 0,      0.4378110371,      0.3775126249,      0.9828481621,                 0,      0.6173277467
        2063,     0.06072740538,      -6.877103792,      -4.387090472,       -1.46505229,                         7,      -4.244146247,               3,      -4.098178578,    1.86881462e-08,   7.824947991e-06,      0.8999107997,       8.023695085,       7.468004464,         0.7095778683,         -0.7099625112,                     0,      0.4383322321,      0.6871844501,                 0,       288.8981929,       274.1717927,                 0,        15031.7228,        12365.36881,                  0,        0.1812567875,         0.1571178697,                    0,          301410.5907,           301488.4093,                     0,           118.8092801,           -137.2404878,                      0,        118.8092801,         137.1821469,                   0,                90.50842063,                 182.1017817,                           0,            -7.139808744e-10,             -0.0008500185379,                          nan,                      0.7617958848,                        1.327445194,                                nan,           299.9996922,            300.0771465,                      0,            17152.39233,             16963.51665,                       0,       0.895936525,      0.5530707647,                 0,                 0,                 0,      0.4378247315,      0.3775392783,      0.9828802679,                 0,      0.6173102103
        2064,      0.0607142245,       -6.88231193,      -4.394099334,      -1.472524275,                         8,       -4.28209766,               4,      -4.817315518,   2.242619531e-08,   9.389908936e-06,        1.07989296,       9.628434102,       8.961605357,          0.709585701,         -0.7099673155,                     0,      0.4383386441,      0.6871925586,                 0,       288.8978565,       274.1716166,                 0,       15031.65919,        12365.36429,                  0,        0.1812562314,         0.1571179111,                    0,          301410.5661,           301488.8351,                     0,           118.8109561,           -137.2413888,                      0,        118.8109561,         137.1830441,                   0,                 90.5096825,                  182.104376,                           0,            -7.445146721e-10,             -0.0008500678251,                          nan,                      0.7617957594,                        1.327455424,                                nan,           299.9996677,            300.0775703,                      0,            17152.38473,             16963.63264,                       0,      0.8959861719,      0.5530830845,                 0,                 0,                 0,      0.4378412698,      0.3775713053,      0.9829201534,                 0,       0.617289755
        2065,     0.06070309651,      -6.886095143,      -4.401324141,      -1.477359063,                         9,      -4.245955753,               4,       -4.43538795,   2.691203703e-08,   1.126785148e-05,       1.295871552,       11.55412092,       10.75392643,         0.7095946954,         -0.7099719127,                     0,      0.4383458801,      0.6872014904,                 0,       288.8974935,        274.171436,                 0,       15031.59097,        12365.36244,                  0,        0.1812556366,         0.1571179886,                    0,          301410.5557,           301489.3183,                     0,            118.812852,           -137.2422162,                      0,         118.812852,         137.1838691,                   0,                90.51110759,                 182.1073685,                           0,            -7.518377032e-10,             -0.0008500992255,                          nan,                      0.7617955979,                        1.327469255,                                nan,           299.9996573,            300.0780512,                      0,            17152.38024,             16963.76446,                       0,       0.896045606,      0.5530992838,                 0,                 0,                 0,      0.4378607002,      0.3776087671,      0.9829690559,                 0,      0.6172668892
        2066,     0.06069186541,      -6.888171069,      -4.407573965,      -1.478873125,                        10,       -4.15114659,               4,      -4.076437087,   3.229530918e-08,   1.352136894e-05,       1.555045862,       13.86494511,       12.90471171,         0.7096046734,         -0.7099763693,                     0,      0.4383538709,      0.6872112576,                 0,       288.8971027,       274.1712568,                 0,       15031.51768,         12365.3644,                  0,        0.1812549981,         0.1571181132,                    0,          301410.5545,           301489.8662,                     0,           118.8149412,           -137.2429723,                      0,        118.8149412,         137.1846245,                   0,                90.51269148,                 182.1107665,                           0,            -7.353686549e-10,             -0.0008501039303,                          nan,                      0.7617955334,                        1.327486715,                                nan,           299.9996562,            300.0785965,                      0,            17152.37762,              16963.9138,                       0,       0.896115411,      0.5531205642,                 0,                 0,                 0,      0.4378828573,      0.3776513994,      0.9830282849,                 0,      0.6172425531
        2067,     0.06068080822,      -6.886515317,      -4.410746524,      -1.474034238,                        10,      -3.671544051,               5,      -4.520423045,   3.875561112e-08,   1.622557313e-05,       1.866055034,       16.63793413,       15.48565406,         0.7096154746,         -0.7099809127,                     0,       0.438362527,      0.6872219452,                 0,       288.8966802,       274.1710752,                 0,        15031.4389,        12365.37041,                  0,        0.1812543131,         0.1571182902,                    0,          301410.5544,           301490.4808,                     0,           118.8171988,           -137.2436939,                      0,        118.8171987,         137.1853488,                   0,                  90.514415,                 182.1145776,                           0,            -7.052276541e-10,             -0.0008500593619,                          nan,                      0.7617955647,                        1.327507486,                                nan,            299.999656,            300.0792083,                      0,            17152.37546,             16964.08217,                       0,      0.8961960365,        0.55314849,                 0,                 0,                 0,      0.4379073767,      0.3776986121,      0.9830993573,                 0,      0.6172181838
        2068,     0.06067024553,       -6.87868012,      -4.408723858,      -1.459777604,                        10,      -3.249430357,               5,      -4.146560372,   4.650851012e-08,   1.947059814e-05,       2.239266041,       19.96552095,       18.58278487,         0.7096270172,         -0.7099858475,                     0,      0.4383717677,      0.6872337336,                 0,       288.8962234,       274.1708691,                 0,       15031.35476,        12365.37886,                  0,        0.1812535851,         0.1571185115,                    0,          301410.5481,           301491.1512,                     0,           118.8196087,           -137.2444422,                      0,        118.8196086,         137.1861058,                   0,                90.51625258,                 182.1188221,                           0,            -6.752256532e-10,              -0.000849928862,                          nan,                      0.7617955792,                        1.327531101,                                nan,           299.9996497,            300.0798756,                      0,            17152.37312,              16964.2699,                       0,      0.8962878142,      0.5531851269,                 0,                 0,                 0,      0.4379336653,      0.3777494173,      0.9831841172,                 0,      0.6171958585
        2069,      0.0606595458,      -6.864019494,      -4.400687256,      -1.436388521,                        10,      -2.880951947,               6,      -4.573174752,   5.581275526e-08,   2.336460469e-05,      0.2239266041,       1.996552095,       1.858278487,         0.7096392546,         -0.7099913403,                     0,      0.4383815252,      0.6872468645,                 0,       288.8957347,       274.1705957,                 0,       15031.26623,        12365.38597,                  0,        0.1812528242,         0.1571187539,                    0,          301410.5348,           301491.8482,                     0,           118.8221565,           -137.2452648,                      0,        118.8221565,         137.1869457,                   0,                90.51818604,                 182.1235464,                           0,            -6.533924513e-10,              -0.000849672061,                          nan,                      0.7617955162,                         1.32755741,                                nan,           299.9996365,            300.0805693,                      0,            17152.37101,             16964.47525,                       0,      0.8963905788,      0.5532331878,                 0,                 0,                 0,      0.4379606575,      0.3778020395,      0.9832846224,                 0,      0.6171787174
        2070,     0.06064141695,      -6.843809502,      -4.387239334,      -1.406922401,                         4,      -4.858571885,               2,      -4.491368754,   5.581578596e-09,   2.336448736e-06,      0.2687119249,       2.395862514,       2.229934184,         0.7096420932,         -0.7099919964,                     0,      0.4383831267,      0.6872482638,                 0,        288.895755,       274.1705727,                 0,        15031.2713,        12365.38248,                  0,        0.1812528726,         0.1571187222,                    0,          301410.6375,           301491.9305,                     0,           118.8226001,           -137.2454212,                      0,           118.8226,         137.1871013,                   0,                90.51851294,                 182.1239961,                           0,            -6.503886318e-10,             -0.0008496825827,                          nan,                      0.7617954237,                        1.327559183,                                nan,           299.9997387,            300.0806512,                      0,            17152.39303,             16964.49176,                       0,      0.8963978011,      0.5532371482,                 0,                 0,                 0,      0.4379625464,      0.3778053847,      0.9832921495,                 0,      0.6171781629
        2071,     0.06062366897,      -6.846489032,      -4.389627247,      -1.411789212,                         4,      -4.447492495,               2,      -4.224511611,    6.69793171e-09,    2.80373555e-06,      0.3224543099,       2.875035017,       2.675921021,         0.7096447924,         -0.7099927025,                     0,      0.4383848506,      0.6872500078,                 0,       288.8957435,       274.1705397,                 0,       15031.26967,        12365.37879,                  0,        0.1812528602,         0.1571186937,                    0,          301410.7133,           301492.0281,                     0,           118.8230602,           -137.2455824,                      0,        118.8230601,          137.187263,                   0,                90.51887341,                 182.1245817,                           0,            -6.503089178e-10,             -0.0008496747681,                          nan,                      0.7617955076,                        1.327561886,                                nan,           299.9998141,            300.0807483,                      0,            17152.40865,             16964.51313,                       0,      0.8964067035,      0.5532420032,                 0,                 0,                 0,      0.4379648191,      0.3778095242,      0.9833014063,                 0,      0.6171774498
        2072,      0.0606064492,      -6.850604385,      -4.392216854,       -1.41842597,                         4,      -4.053494951,               3,      -5.693795796,   8.037571856e-09,   3.364478642e-06,      0.3869451719,       3.450042021,       3.211105225,         0.7096473804,         -0.7099934106,                     0,      0.4383867283,      0.6872521521,                 0,       288.8956965,       274.1704926,                 0,       15031.26055,        12365.37476,                  0,        0.1812527796,         0.1571186686,                    0,          301410.7598,           301492.1405,                     0,           118.8235463,           -137.2457383,                      0,        118.8235463,          137.187421,                   0,                90.51927101,                 182.1253325,                           0,            -6.556886145e-10,             -0.0008496425801,                          nan,                      0.7617957369,                        1.327565831,                                nan,           299.9998604,            300.0808602,                      0,            17152.41727,             16964.53996,                       0,      0.8964177699,      0.5532479852,                 0,                 0,                 0,      0.4379675681,      0.3778147022,      0.9833128709,                 0,      0.6171765038
        2073,     0.06059061953,      -6.856502714,      -4.395422024,      -1.427380797,                         5,      -4.539434074,               3,      -5.318481184,   9.645163622e-09,   4.037368908e-06,      0.4643342063,       4.140050425,        3.85332627,         0.7096499604,         -0.7099940396,                     0,      0.4383888115,      0.6872547449,                 0,       288.8956127,       274.1704273,                 0,        15031.2438,        12365.37023,                  0,        0.1812526304,         0.1571186473,                    0,          301410.7783,           301492.2669,                     0,           118.8240762,           -137.2458719,                      0,        118.8240762,         137.1875589,                   0,                  90.519711,                 182.1262798,                           0,            -6.686413645e-10,             -0.0008495802043,                          nan,                      0.7617960428,                        1.327571402,                                nan,           299.9998789,             300.080986,                      0,            17152.41928,             16964.57272,                       0,      0.8964315888,      0.5532554053,                 0,                 0,                 0,      0.4379709053,      0.3778211983,      0.9833271475,                 0,      0.6171752672
        2074,     0.06057390125,      -6.863907344,      -4.399540986,      -1.438373669,                         5,      -4.104545637,               3,      -4.956441287,   1.157430765e-08,    4.84483531e-06,      0.5572010476,        4.96806051,       4.623991524,         0.7096527057,         -0.7099944725,                     0,       0.438391168,      0.6872578198,                 0,        288.895494,       274.1703403,                 0,       15031.22017,        12365.36513,                  0,        0.1812524198,         0.1571186311,                    0,          301410.7745,           301492.4059,                     0,           118.8246739,           -137.2459592,                      0,        118.8246738,         137.1876527,                   0,                90.52020084,                 182.1274546,                           0,            -6.896326843e-10,             -0.0008494832789,                          nan,                      0.7617963333,                        1.327579056,                                nan,           299.9998751,            300.0811244,                      0,            17152.41621,              16964.6118,                       0,      0.8964488315,      0.5532646731,                 0,                 0,                 0,      0.4379749575,      0.3778292982,      0.9833449686,                 0,      0.6171737345
        2075,      0.0605582184,      -6.871786838,      -4.404661175,      -1.450025728,                         6,      -4.368746103,               3,      -4.608632703,    1.38893292e-08,   5.813792441e-06,      0.6686412571,       5.961672612,       5.548789829,         0.7096558208,         -0.7099945541,                     0,      0.4383938697,      0.6872613879,                 0,        288.895346,       274.1702296,                 0,       15031.19108,        12365.35959,                  0,        0.1812521619,         0.1571186223,                    0,          301410.7576,           301492.5561,                     0,           118.8253646,           -137.2459677,                      0,        118.8253645,         137.1876704,                   0,                90.52075011,                 182.1288854,                           0,            -7.165371629e-10,              -0.000849350871,                          nan,                      0.7617965276,                        1.327589315,                                nan,           299.9998582,            300.0812739,                      0,             17152.4104,              16964.6575,                       0,      0.8964702117,      0.5532763089,                 0,                 0,                 0,      0.4379798533,      0.3778392545,      0.9833671808,                 0,      0.6171719948
        2076,     0.06054415041,      -6.878825754,      -4.410616021,      -1.460366593,                         7,      -4.520345681,               3,        -4.2759731,   1.666742504e-08,   6.976537569e-06,      0.8023695085,       7.154007134,       6.658547795,         0.7096594764,         -0.7099941037,                     0,      0.4383969716,      0.6872654331,                 0,       288.8951761,       274.1700959,                 0,       15031.15822,        12365.35398,                  0,        0.1812518722,         0.1571186258,                    0,          301410.7382,           301492.7169,                     0,           118.8261666,           -137.2458589,                      0,        118.8261665,         137.1875728,                   0,                90.52136902,                 182.1305951,                           0,            -7.446885331e-10,             -0.0008491873195,                          nan,                      0.7617965947,                        1.327602722,                                nan,           299.9998389,            300.0814339,                      0,            17152.40435,             16964.71008,                       0,      0.8964964211,      0.5532909453,                 0,                 0,                 0,      0.4379856948,      0.3778512339,      0.9833947062,                 0,      0.6171702778
        2077,     0.06053046853,      -6.884333811,        -4.4169164,      -1.468064842,                         7,      -4.038004042,               4,      -5.039720793,   2.000124058e-08,   8.371827103e-06,      0.9628434102,       8.584808561,       7.990257354,         0.7096637454,         -0.7099929527,                     0,      0.4384004914,      0.6872699139,                 0,       288.8949919,       274.1699437,                 0,       15031.12302,        12365.34916,                  0,        0.1812515634,         0.1571186496,                    0,          301410.7251,           301492.8899,                     0,           118.8270838,           -137.2455944,                      0,        118.8270838,         137.1873211,                   0,                90.52206547,                 182.1325977,                           0,            -7.682794401e-10,             -0.0008490018792,                          nan,                      0.7617965752,                        1.327619755,                                nan,           299.9998259,            300.0816061,                      0,            17152.39987,             16964.77004,                       0,      0.8965280418,      0.5533093303,                 0,                 0,                 0,      0.4379925049,      0.3778652462,      0.9834284928,                 0,       0.617169017
        2078,     0.06051744069,      -6.888488106,      -4.422587191,      -1.472945045,                         8,      -4.080086948,               4,       -4.64478108,   2.400196364e-08,   1.004616834e-05,       1.155412092,       10.30177027,       9.588308825,         0.7096685762,         -0.7099910174,                     0,      0.4384043976,      0.6872747809,                 0,       288.8947989,       274.1697816,                 0,       15031.08631,        12365.34648,                  0,        0.1812512419,         0.1571187057,                    0,          301410.7226,           301493.0812,                     0,           118.8281035,           -137.2451485,                      0,        118.8281035,          137.186889,                   0,                90.52284099,                  182.134896,                           0,            -7.826964632e-10,               -0.00084880374,                          nan,                      0.7617965643,                         1.32764069,                                nan,           299.9998235,            300.0817965,                      0,            17152.39758,             16964.83849,                       0,      0.8965654376,      0.5533323468,                 0,                 0,                 0,       0.438000148,      0.3778810458,      0.9834694633,                 0,      0.6171689467
        2079,     0.06050513361,      -6.891126933,      -4.426067595,      -1.474540774,                         9,      -4.047326922,               4,      -4.273241111,   2.880303868e-08,   1.205536964e-05,       1.386494511,       12.36212433,       11.50597059,          0.709673821,         -0.7099883666,                     0,      0.4384086118,      0.6872800075,                 0,       288.8946005,       274.1696188,                 0,       15031.04844,        12365.34736,                  0,        0.1812509097,         0.1571188073,                    0,          301410.7301,           301493.2984,                     0,           118.8291995,           -137.2445234,                      0,        118.8291995,         137.1862786,                   0,                90.52368721,                  182.137482,                           0,            -7.867433371e-10,             -0.0008485930843,                          nan,                      0.7617966596,                        1.327665447,                                nan,           299.9998309,            300.0820127,                      0,            17152.39709,             16964.91696,                       0,      0.8966086297,      0.5533610492,                 0,                 0,                 0,      0.4380082379,      0.3778980106,      0.9835184692,                 0,      0.6171712282
        2080,     0.06049425786,      -6.890540825,      -4.425524123,      -1.470584396,                        10,      -3.965535552,               5,      -4.747471583,   3.456462619e-08,   1.446640074e-05,       1.663793413,       14.83454919,       13.80716471,         0.7096792942,         -0.7099852029,                     0,      0.4384130202,      0.6872856173,                 0,       288.8943988,       274.1694537,                 0,       15031.00978,        12365.35215,                  0,          0.18125057,          0.157118959,                    0,          301410.7441,            301493.542,                     0,           118.8303387,           -137.2437523,                      0,        118.8303386,         137.1855243,                   0,                90.52458459,                 182.1403404,                           0,            -7.833605986e-10,             -0.0008483532668,                          nan,                      0.7617969083,                        1.327693584,                                nan,           299.9998449,            300.0822551,                      0,            17152.39766,              16965.0062,                       0,       0.896657192,      0.5533966984,                 0,                 0,                 0,      0.4380160648,      0.3779150376,      0.9835762553,                 0,      0.6171775606
        2081,     0.06048351119,      -6.884381717,      -4.419686253,      -1.458434859,                        10,       -3.51142916,               5,      -4.360053102,   4.147895723e-08,   1.735962529e-05,       1.996552095,       17.80145903,       16.56859765,         0.7096848139,         -0.7099817142,                     0,      0.4384174844,      0.6872916854,                 0,       288.8941979,       274.1692648,                 0,       15030.97121,        12365.35871,                  0,         0.181250231,         0.1571191465,                    0,          301410.7617,           301493.7934,                     0,           118.8314852,           -137.2428803,                      0,        118.8314851,         137.1846735,                   0,                90.52550402,                 182.1434598,                           0,            -7.779623612e-10,             -0.0008480507488,                          nan,                      0.7617972957,                        1.327724557,                                nan,           299.9998624,            300.0825054,                      0,            17152.39891,             16965.10434,                       0,       0.896710171,      0.5534407949,                 0,                 0,                 0,      0.4380225534,      0.3779304591,      0.9836434376,                 0,      0.6171902726
        2082,     0.06047253937,      -6.871834894,       -4.40856528,      -1.438058104,                        10,      -3.113669518,               5,       -4.00396823,   4.977676335e-08,   2.083148006e-05,       2.395862514,       21.36175084,       19.88231718,         0.7096901913,         -0.7099778458,                     0,      0.4384218397,      0.6872982957,                 0,       288.8940054,       274.1690105,                 0,       15030.93437,        12365.36259,                  0,        0.1812499075,         0.1571193365,                    0,          301410.7825,           301494.0131,                     0,           118.8325977,           -137.2419207,                      0,        118.8325976,         137.1837422,                   0,                 90.5264104,                 182.1468468,                           0,             -7.75502107e-10,             -0.0008476453641,                          nan,                      0.7617977913,                         1.32775826,                                nan,           299.9998831,             300.082724,                      0,            17152.40102,             16965.20632,                       0,      0.8967659194,      0.5534951383,                 0,                 0,                 0,      0.4380261782,       0.377941874,      0.9837204493,                 0,      0.6172125037
        2083,     0.06046202841,      -6.854195715,      -4.393096832,      -1.412289074,                        10,      -2.765343487,               6,       -4.42379948,   5.973499914e-08,   2.499768976e-05,      0.2395862514,       2.136175084,       1.988231718,         0.7096951783,         -0.7099730932,                     0,      0.4384258772,      0.6873054521,                 0,       288.8938345,       274.1686428,                 0,       15030.90166,        12365.35877,                  0,        0.1812496202,         0.1571194929,                    0,          301410.8098,           301494.1481,                     0,            118.833621,           -137.2408038,                      0,         118.833621,         137.1826626,                   0,                 90.5272644,                 182.1505344,                           0,            -7.791628454e-10,              -0.000847107633,                          nan,                      0.7617984175,                         1.32779559,                                nan,           299.9999102,            300.0828584,                      0,            17152.40462,             16965.30519,                       0,      0.8968216228,      0.5535618677,                 0,                 0,                 0,      0.4380247351,      0.3779457474,      0.9838072863,                 0,      0.6172485739
        2084,     0.06044416863,      -6.833384048,      -4.374085213,      -1.384156501,                         4,      -4.688692255,               2,      -4.384861753,   5.973843227e-09,   2.499760381e-06,      0.2875035017,       2.563410101,       2.385878062,         0.7096963127,         -0.7099720102,                     0,      0.4384264949,      0.6873057754,                 0,       288.8938362,       274.1686417,                 0,       15030.90282,        12365.36047,                  0,        0.1812496332,         0.1571195146,                    0,           301410.843,           301494.1722,                     0,           118.8338025,           -137.2405695,                      0,        118.8338024,         137.1824321,                   0,                90.52737421,                  182.150849,                           0,            -7.840526006e-10,             -0.0008470541135,                          nan,                      0.7617981783,                        1.327800114,                                nan,           299.9999432,            300.0828824,                      0,            17152.41221,             16965.31243,                       0,      0.8968256432,      0.5535669516,                 0,                 0,                 0,      0.4380247547,      0.3779458647,      0.9838137668,                 0,      0.6172514756
        2085,     0.06042629027,      -6.837560979,      -4.377470192,      -1.391295157,                         4,      -4.284330992,               2,      -4.120952656,    7.16865426e-09,   2.999709878e-06,      0.3450042021,       3.076092121,       2.863053674,         0.7096973731,         -0.7099705315,                     0,      0.4384271478,      0.6873062323,                 0,       288.8938268,       274.1686211,                 0,       15030.90153,        12365.36013,                  0,        0.1812496235,         0.1571195212,                    0,          301410.8664,           301494.1847,                     0,           118.8339864,           -137.2402673,                      0,        118.8339863,         137.1821364,                   0,                90.52749595,                 182.1512638,                           0,            -7.900887722e-10,             -0.0008469606166,                          nan,                      0.7617980239,                        1.327805999,                                nan,           299.9999666,            300.0828948,                      0,            17152.41736,             16965.31869,                       0,      0.8968304583,      0.5535732218,                 0,                 0,                 0,       0.438024637,      0.3779458953,      0.9838216724,                 0,      0.6172551531
        2086,     0.06040991763,      -6.844094305,      -4.381850252,      -1.401445301,                         5,        -4.8025678,               3,      -5.535774492,   8.602446089e-09,   3.599648373e-06,      0.4140050425,       3.691310545,       3.435664409,         0.7096983597,         -0.7099685484,                     0,      0.4384278386,      0.6873068343,                 0,       288.8938062,       274.1685785,                 0,        15030.8977,        12365.35771,                  0,        0.1812495903,         0.1571195138,                    0,          301410.8801,           301494.1835,                     0,           118.8341734,            -137.239874,                      0,        118.8341733,          137.181753,                   0,                 90.5276301,                 182.1518007,                           0,            -7.974856331e-10,             -0.0008468182951,                          nan,                      0.7617979539,                        1.327813624,                                nan,           299.9999802,            300.0828937,                      0,            17152.41999,             16965.32406,                       0,      0.8968362317,      0.5535810107,                 0,                 0,                 0,      0.4380242848,      0.3779457679,      0.9838313669,                 0,      0.6172598644
        2087,     0.06039388688,      -6.853177522,       -4.38773284,      -1.415014591,                         5,       -4.35209337,               3,      -5.166781255,   1.032302301e-08,   4.319573426e-06,       0.496806051,       4.429572654,        4.12279729,         0.7096992944,         -0.7099659272,                     0,      0.4384285717,      0.6873075833,                 0,       288.8937756,       274.1685118,                 0,       15030.89158,        12365.35341,                  0,        0.1812495356,         0.1571194958,                    0,          301410.8855,           301494.1667,                     0,           118.8343657,           -137.2393599,                      0,        118.8343657,         137.1812528,                   0,                90.52777678,                 182.1524829,                           0,            -8.063563151e-10,             -0.0008466206345,                          nan,                      0.7617979553,                        1.327823439,                                nan,           299.9999855,            300.0828769,                      0,            17152.42044,             16965.32878,                       0,      0.8968431415,      0.5535907408,                 0,                 0,                 0,      0.4380235728,      0.3779453682,      0.9838432941,                 0,      0.6172659578
        2088,     0.06037826855,      -6.864034648,      -4.395373703,      -1.431143119,                         6,      -4.641265977,               3,      -4.811782353,    1.23877537e-08,   5.183482078e-06,      0.5961672612,       5.315487185,       4.947356749,         0.7097002139,         -0.7099624972,                     0,      0.4384293494,      0.6873084639,                 0,       288.8937377,       274.1684201,                 0,       15030.88378,        12365.34757,                  0,        0.1812494654,         0.1571194726,                    0,          301410.8855,           301494.1317,                     0,           118.8345657,           -137.2386872,                      0,        118.8345657,         137.1805978,                   0,                90.52793532,                 182.1533326,                           0,            -8.167424514e-10,             -0.0008463659279,                          nan,                      0.7617980073,                        1.327835973,                                nan,           299.9999856,            300.0828421,                      0,            17152.41942,             16965.33308,                       0,      0.8968513665,      0.5536029276,                 0,                 0,                 0,      0.4380223527,      0.3779445258,      0.9838579726,                 0,      0.6172738853
        2089,     0.06036262158,      -6.874985871,      -4.404509883,      -1.447553357,                         6,      -4.170379314,               3,      -4.471809563,    1.48654857e-08,   6.220170741e-06,      0.7154007134,       6.378584622,       5.936828098,         0.7097011502,          -0.709958042,                     0,      0.4384301639,      0.6873094355,                 0,        288.893697,       274.1683032,                 0,       15030.87524,        12365.34071,                  0,         0.181249388,         0.1571194504,                    0,          301410.8845,           301494.0752,                     0,           118.8347732,           -137.2378089,                      0,        118.8347732,         137.1797409,                   0,                90.52810349,                 182.1543684,                           0,            -8.288708608e-10,              -0.000846059938,                          nan,                      0.7617980921,                        1.327851818,                                nan,           299.9999845,            300.0827859,                      0,            17152.41794,             16965.33703,                       0,      0.8968610632,      0.5536181709,                 0,                 0,                 0,      0.4380204559,      0.3779430021,      0.9838759744,                 0,      0.6172842078
        2090,     0.06034871961,      -6.884429906,       -4.41414666,      -1.461602799,                         7,       -4.31023798,               3,      -4.147724476,   1.783884332e-08,    7.46419505e-06,      0.8584808561,       7.654301546,       7.124193718,         0.7097021048,         -0.7099523202,                     0,      0.4384309883,      0.6873104273,                 0,       288.8936587,       274.1681641,                 0,       15030.86702,        12365.33359,                  0,        0.1812493128,         0.1571194374,                    0,          301410.8865,           301493.9951,                     0,           118.8349824,           -137.2366732,                      0,        118.8349823,         137.1786292,                   0,                90.52827618,                 182.1556011,                           0,            -8.435376841e-10,             -0.0008457167779,                          nan,                      0.7617982046,                        1.327871566,                                nan,           299.9999866,            300.0827061,                      0,            17152.41691,             16965.34059,                       0,      0.8968723215,      0.5536371396,                 0,                 0,                 0,      0.4380176815,      0.3779404629,      0.9838978859,                 0,       0.617297609
        2091,     0.06033613757,      -6.892060343,      -4.422526985,       -1.47202909,                         8,      -4.373510003,               4,      -4.882570613,   2.140698623e-08,   8.957021655e-06,       1.030177027,       9.185161855,       8.549032461,         0.7097030272,         -0.7099451443,                     0,       0.438431769,      0.6873113455,                 0,       288.8936283,       274.1680112,                 0,       15030.86007,        12365.32755,                  0,        0.1812492481,         0.1571194457,                    0,          301410.8946,           301493.8935,                     0,           118.8351793,           -137.2352352,                      0,        118.8351792,         137.1772167,                   0,                90.52844372,                 182.1570289,                           0,             -8.62239391e-10,             -0.0008453546297,                          nan,                      0.7617983522,                        1.327895647,                                nan,           299.9999946,             300.082605,                      0,            17152.41689,             16965.34422,                       0,      0.8968850752,      0.5536605635,                 0,                 0,                 0,      0.4380137476,      0.3779364135,      0.9839242476,                 0,       0.617314948
        2092,     0.06032453856,      -6.898481482,       -4.42740446,      -1.478945085,                         9,      -4.350924179,               4,      -4.500460808,   2.568892103e-08,   1.074841035e-05,       1.236212433,       11.02219423,       10.25883895,         0.7097038149,         -0.7099364975,                     0,      0.4384324252,      0.6873121021,                 0,       288.8936103,       274.1678583,                 0,       15030.85515,         12365.3246,                  0,        0.1812492001,         0.1571194928,                    0,          301410.9091,           301493.7791,                     0,           118.8353427,           -137.2334782,                      0,        118.8353426,         137.1754858,                   0,                90.52859057,                  182.158634,                           0,            -8.864459167e-10,             -0.0008449850757,                          nan,                      0.7617985407,                        1.327924103,                                nan,           300.0000091,            300.0824912,                      0,            17152.41794,             16965.34937,                       0,      0.8968989549,      0.5536892368,                 0,                 0,                 0,      0.4380081975,      0.3779300788,      0.9839554674,                 0,      0.6173373642
        2093,     0.06031550306,      -6.903066964,      -4.426676715,      -1.481398651,                        10,      -4.272009183,               4,      -4.142343835,   3.082747694e-08,    1.28980726e-05,       1.483454919,       13.22663307,       12.31060674,         0.7097043333,         -0.7099265866,                     0,      0.4384328563,      0.6873126527,                 0,       288.8936082,       274.1677143,                 0,       15030.85289,        12365.32637,                  0,        0.1812491741,         0.1571195943,                    0,           301410.929,           301493.6586,                     0,           118.8354465,            -137.231428,                      0,        118.8354464,         137.1734629,                   0,                 90.5286958,                 182.1603828,                           0,            -9.160834313e-10,             -0.0008446005727,                          nan,                      0.7617987605,                        1.327956435,                                nan,           300.0000288,            300.0823712,                      0,            17152.41973,             16965.35761,                       0,      0.8969130919,      0.5537240137,                 0,                 0,                 0,       0.438000285,        0.37792025,      0.9839916983,                 0,      0.6173664078
        2094,     0.06030578387,      -6.902981958,       -4.41932774,      -1.476284319,                        10,      -3.779504582,               5,      -4.613963458,   3.699407912e-08,   1.547766195e-05,       1.780145903,       15.87195969,       14.77272809,         0.7097044327,         -0.7099157142,                     0,      0.4384329475,      0.6873130127,                 0,       288.8936267,       274.1675674,                 0,       15030.85409,        12365.33209,                  0,        0.1812491771,         0.1571197471,                    0,          301410.9528,           301493.5198,                     0,           118.8354612,           -137.2291424,                      0,        118.8354611,         137.1712079,                   0,                90.52873567,                 182.1622336,                           0,            -9.486971209e-10,             -0.0008441696004,                          nan,                      0.7617990019,                        1.327991759,                                nan,           300.0000526,            300.0822331,                      0,            17152.42203,             16965.36807,                       0,      0.8969259113,      0.5537657675,                 0,                 0,                 0,      0.4379888817,      0.3779051451,      0.9840326808,                 0,      0.6174041362
        2095,     0.06029774466,      -6.895414636,      -4.406117387,      -1.461317195,                        10,      -3.344858371,               5,      -4.244335533,   4.439448003e-08,   1.857316279e-05,       2.136175084,       19.04635162,       17.72727371,         0.7097039297,         -0.7099039776,                     0,       0.438432558,      0.6873132229,                 0,       288.8936742,       274.1673757,                 0,       15030.86025,        12365.33734,                  0,        0.1812492215,         0.1571199189,                    0,          301410.9826,             301493.32,                     0,           118.8353479,           -137.2266629,                      0,        118.8353478,         137.1687653,                   0,                90.52868562,                 182.1641536,                           0,            -9.814050683e-10,             -0.0008436460372,                          nan,                       0.761799307,                        1.328029404,                                nan,           300.0000822,            300.0820342,                      0,             17152.4251,             16965.37519,                       0,      0.8969349205,      0.5538153345,                 0,                 0,                 0,      0.4379724233,      0.3778822747,      0.9840775695,                 0,      0.6174531974
        2096,     0.06032765165,      -6.880516191,      -4.388934724,      -1.438260216,                        10,      -2.967225003,               6,      -4.698082083,   5.327564204e-08,    2.22877572e-05,       2.136175084,       19.04635162,       17.72727371,         0.7097025516,         -0.7098909639,                     0,      0.4384314832,      0.6873132629,                 0,       288.8937663,         274.16708,                 0,       15030.87386,        12365.33556,                  0,        0.1812493279,         0.1571200601,                    0,          301411.0239,           301492.9917,                     0,           118.8350473,           -137.2239475,                      0,        118.8350473,         137.1660961,                   0,                90.52851506,                 182.1661391,                           0,            -1.015518114e-09,               -0.00084299008,                          nan,                      0.7617997984,                        1.328069722,                                nan,           300.0001234,            300.0817075,                      0,            17152.42974,             16965.36949,                       0,      0.8969364736,      0.5538735272,                 0,                 0,                 0,      0.4379488482,       0.377848246,      0.9841248015,                 0,      0.6175170077
        2097,     0.06032112679,      -6.861138749,      -4.369228255,      -1.411558463,                        10,      -2.998922489,               6,      -4.705154664,   5.327833673e-08,    2.22877212e-05,       2.136175084,       19.04635162,       17.72727371,         0.7097002587,         -0.7098769665,                     0,      0.4384297034,      0.6873126048,                 0,       288.8938907,       274.1667243,                 0,       15030.89303,        12365.32585,                  0,        0.1812494809,          0.157120135,                    0,          301411.0631,            301492.544,                     0,           118.8345631,           -137.2210904,                      0,         118.834563,         137.1632904,                   0,                90.52820306,                 182.1679157,                           0,            -1.050518672e-09,             -0.0008422587487,                          nan,                      0.7618002773,                         1.32810984,                                nan,           300.0001624,            300.0812619,                      0,            17152.43357,              16965.3423,                       0,      0.8969289561,      0.5539293461,                 0,                 0,                 0,      0.4379220135,      0.3778084404,      0.9841646483,                 0,      0.6175844167
        2098,     0.06031112758,       -6.84788253,      -4.355535141,       -1.39460731,                        10,      -3.019755794,               6,      -4.712532935,   5.328102005e-08,     2.2287691e-05,       2.563410101,       22.85562195,       21.27272845,         0.7096970462,         -0.7098611606,                     0,      0.4384271975,      0.6873111127,                 0,       288.8940509,       274.1663178,                 0,       15030.91858,        12365.30985,                  0,        0.1812496885,         0.1571201594,                    0,          301411.1028,           301491.9764,                     0,           118.8338891,           -137.2179202,                      0,         118.833889,         137.1601757,                   0,                 90.5277472,                 182.1695608,                           0,            -1.088958146e-09,             -0.0008414706581,                          nan,                       0.761800762,                        1.328151994,                                nan,           300.0002018,            300.0806969,                      0,            17152.43732,             16965.29382,                       0,      0.8969127847,        0.55398284,                 0,                 0,                 0,      0.4378920671,      0.3777631599,      0.9841974016,                 0,       0.617655194
        2099,     0.06030113133,      -6.843762301,      -4.348741853,      -1.389642854,                        10,      -2.667906289,               6,      -4.340520777,    6.39404323e-08,   2.674520077e-05,      0.2563410101,       2.285562195,       2.127272845,         0.7096923235,         -0.7098411428,                     0,      0.4384234662,      0.6873086892,                 0,       288.8942968,       274.1657848,                 0,       15030.95908,         12365.2861,                  0,        0.1812500226,         0.1571201571,                    0,          301411.1694,           301491.1976,                     0,           118.8328793,           -137.2139486,                      0,        118.8328792,         137.1562655,                   0,                 90.5270796,                 182.1713693,                           0,            -1.149280338e-09,             -0.0008405997782,                          nan,                      0.7618016177,                        1.328203044,                                nan,           300.0002681,            300.0799217,                      0,            17152.44571,              16965.2201,                       0,      0.8968814655,       0.554044825,                 0,                 0,                 0,      0.4378513455,      0.3777006841,        0.98422773,                 0,      0.6177458742
        2100,     0.06028409681,      -6.841660959,      -4.340929361,      -1.386423747,                         4,      -4.537352406,               2,      -4.300681661,   6.394424923e-09,   2.674518135e-06,      0.3076092121,       2.742674634,       2.552727415,         0.7096910962,         -0.7098373535,                     0,      0.4384227106,       0.687307154,                 0,        288.894269,       274.1658652,                 0,       15030.95421,        12365.30252,                  0,        0.1812499813,         0.1571203192,                    0,          301411.1019,            301491.169,                     0,           118.8327008,           -137.2130548,                      0,        118.8327008,         137.1553831,                   0,                90.52687712,                 182.1714611,                           0,            -1.156805873e-09,             -0.0008404395374,                          nan,                      0.7618010575,                        1.328212258,                                nan,            300.000201,            300.0798932,                      0,            17152.43248,             16965.21932,                       0,      0.8968797752,      0.5540490849,                 0,                 0,                 0,       0.437848991,      0.3776967581,      0.9842300943,                 0,      0.6177517882
        2101,     0.06086371855,       -6.85061791,      -4.347572204,      -1.400536516,                         4,      -4.134379241,               2,      -4.039678597,   7.673356877e-09,    3.20942048e-06,      0.3691310545,        3.29120956,       3.063272897,          0.709689971,         -0.7098324745,                     0,      0.4384218985,      0.6873054355,                 0,       288.8942613,       274.1659113,                 0,       15030.95349,        12365.31363,                  0,        0.1812499775,         0.1571204331,                    0,          301411.0526,           301491.0882,                     0,           118.8325149,           -137.2119853,                      0,        118.8325148,         137.1543292,                   0,                90.52666125,                 182.1715972,                           0,            -1.154845219e-09,               -0.00084021851,                          nan,                      0.7618004329,                        1.328223457,                                nan,           300.0001519,            300.0798128,                      0,            17152.42344,              16965.2082,                       0,      0.8968772744,      0.5540544161,                 0,                 0,                 0,      0.4378457675,      0.3776915381,      0.9842328197,                 0,      0.6177594548
        2102,     0.06084685725,      -6.862163008,      -4.356113149,      -1.418046865,                         5,      -4.627272415,               3,      -5.404995677,    9.20809583e-09,   3.851302952e-06,      0.4429572654,       3.949451473,       3.675927477,          0.709688888,         -0.7098263629,                     0,      0.4384209916,       0.687303494,                 0,       288.8942772,       274.1659248,                 0,       15030.95751,        12365.31996,                  0,         0.181250016,         0.1571205047,                    0,           301411.023,           301490.9539,                     0,           118.8323083,           -137.2107064,                      0,        118.8323082,         137.1530706,                   0,                90.52642931,                 182.1717882,                           0,            -1.143413364e-09,             -0.0008399299215,                          nan,                      0.7617998055,                        1.328237037,                                nan,           300.0001224,            300.0796792,                      0,            17152.41883,             16965.18684,                       0,      0.8968735694,      0.5540611361,                 0,                 0,                 0,      0.4378413217,      0.3776845186,      0.9842359201,                 0,      0.6177694995
        2103,     0.06082968146,      -6.875874176,      -4.366993552,      -1.438645388,                         5,      -4.181077353,               3,      -5.042907156,   1.104981221e-08,   4.621561585e-06,      0.5315487185,       4.739341767,       4.411112972,         0.7096877276,         -0.7098189057,                     0,      0.4384199296,      0.6873012872,                 0,       288.8943188,        274.165909,                 0,       15030.96647,        12365.32267,                  0,        0.1812500979,         0.1571205466,                    0,          301411.0123,           301490.7665,                     0,           118.8320603,            -137.209185,                      0,        118.8320603,         137.1515743,                   0,                90.52617543,                 182.1720439,                           0,             -1.12484988e-09,             -0.0008395733047,                          nan,                      0.7617992587,                        1.328253393,                                nan,           300.0001118,            300.0794927,                      0,            17152.41828,             16965.15615,                       0,      0.8968681697,      0.5540696262,                 0,                 0,                 0,      0.4378352328,      0.3776750784,      0.9842394015,                 0,      0.6177826852
        2104,     0.06081392337,       -6.89028529,      -4.379983884,      -1.460512924,                         6,      -4.449668316,               3,       -4.69539643,   1.325991446e-08,   5.545871697e-06,      0.6378584622,       5.687210121,       5.293335567,           0.70968632,         -0.7098099985,                     0,      0.4384186307,      0.6872987669,                 0,       288.8943871,       274.1658665,                 0,        15030.9802,        12365.32311,                  0,        0.1812502206,         0.1571205749,                    0,          301411.0175,            301490.525,                     0,           118.8317442,            -137.207388,                      0,        118.8317441,         137.1498066,                   0,                90.52588927,                 182.1723706,                           0,            -1.104274006e-09,              -0.000839157537,                          nan,                      0.7617988775,                        1.328272895,                                nan,           300.0001169,            300.0792523,                      0,            17152.42079,             16965.11728,                       0,      0.8968605146,      0.5540803131,                 0,                 0,                 0,      0.4378270428,      0.3776625128,      0.9842432638,                 0,      0.6177998742
        2105,     0.06079919117,      -6.903515623,      -4.393826685,      -1.480792986,                         7,       -4.60948395,               3,      -4.363458261,   1.591209839e-08,   6.655043799e-06,      0.7654301546,       6.824652145,        6.35200268,         0.7096844725,         -0.7097995267,                     0,      0.4384169978,      0.6872958717,                 0,        288.894482,       274.1657978,                 0,       15030.99838,        12365.32247,                  0,        0.1812503804,         0.1571206041,                    0,          301411.0333,           301490.2253,                     0,           118.8313301,           -137.2052826,                      0,          118.83133,         137.1477334,                   0,                90.52555519,                 182.1727667,                           0,            -1.089345059e-09,             -0.0008387021879,                          nan,                      0.7617987207,                        1.328295861,                                nan,           300.0001327,             300.078954,                      0,            17152.42498,             16965.07092,                       0,      0.8968500041,      0.5540936386,                 0,                 0,                 0,       0.437816292,      0.3776460769,      0.9842474947,                 0,      0.6178219725
        2106,     0.06078439862,      -6.914650555,      -4.406221383,      -1.497336542,                         7,      -4.116255304,               3,      -4.047979098,   1.909480712e-08,   7.986050647e-06,      0.9185161855,       8.189582574,       7.622403216,         0.7096820071,          -0.709787392,                     0,      0.4384149275,      0.6872925232,                 0,       288.8946036,       274.1657041,                 0,       15031.02085,        12365.32177,                  0,         0.181250575,         0.1571206466,                    0,          301411.0548,            301489.863,                     0,           118.8307897,           -137.2028425,                      0,        118.8307896,         137.1453265,                   0,                90.52515231,                 182.1732184,                           0,             -1.08880549e-09,             -0.0008382339245,                          nan,                      0.7617987946,                        1.328322467,                                nan,           300.0001541,            300.0785934,                      0,            17152.42963,             16965.01735,                       0,      0.8968359999,      0.5541100261,                 0,                 0,                 0,      0.4378025346,      0.3776250063,      0.9842520441,                 0,      0.6178498925
        2107,     0.06077116603,      -6.924347838,      -4.414402941,      -1.510002386,                         8,      -4.174275068,               4,      -4.759094494,   2.291418411e-08,   9.583259673e-06,       1.102219423,       9.827499088,       9.146883859,         0.7096787867,         -0.7097736104,                     0,      0.4384123169,      0.6872886392,                 0,       288.8947536,       274.1655915,                 0,       15031.04788,         12365.3223,                  0,        0.1812508068,         0.1571207154,                    0,          301411.0785,           301489.4385,                     0,           118.8300985,           -137.2000624,                      0,        118.8300984,          137.142579,                   0,                90.52465583,                  182.173697,                           0,            -1.109512149e-09,             -0.0008377748376,                          nan,                      0.7617990479,                        1.328352569,                                nan,           300.0001777,            300.0781709,                      0,            17152.43401,             16964.95715,                       0,      0.8968177467,      0.5541298535,                 0,                 0,                 0,      0.4377853023,      0.3775984712,      0.9842567551,                 0,      0.6178845763
        2108,       0.060759423,      -6.933193652,      -4.416141166,      -1.519051352,                         9,      -4.154717617,               4,      -4.389422847,   2.749761824e-08,   1.149991183e-05,       1.322663307,       11.79299891,       10.97626063,         0.7096747125,         -0.7097584171,                     0,       0.438409066,      0.6872841681,                 0,       288.8949363,        274.165468,                 0,       15031.08033,         12365.3255,                  0,        0.1812510835,         0.1571208238,                    0,          301411.1036,           301488.9571,                     0,           118.8292349,           -137.1969763,                      0,        118.8292348,          137.139525,                   0,                90.52403934,                 182.1741586,                           0,            -1.152914431e-09,             -0.0008373252888,                          nan,                      0.7617993961,                        1.328385516,                                nan,           300.0002026,            300.0776917,                      0,            17152.43807,             16964.89152,                       0,      0.8967942017,      0.5541534328,                 0,                 0,                 0,      0.4377640141,       0.377565453,      0.9842612438,                 0,      0.6179270916
        2109,     0.06075071882,      -6.939282903,      -4.410602852,      -1.522194965,                        10,      -4.078803029,               4,      -4.043538185,        3.2998e-08,   1.379989621e-05,       1.587195969,       14.15159869,       13.17151276,         0.7096696906,         -0.7097422199,                     0,       0.438405071,      0.6872791161,                 0,       288.8951584,       274.1653297,                 0,       15031.11944,        12365.33141,                  0,        0.1812514158,         0.1571209746,                    0,          301411.1319,            301488.415,                     0,           118.8281762,           -137.1936573,                      0,        118.8281761,         137.1362399,                   0,                90.52327764,                 182.1745501,                           0,            -1.213738776e-09,             -0.0008368522812,                          nan,                      0.7617997735,                        1.328420192,                                nan,           300.0002309,            300.0771521,                      0,            17152.44221,             16964.82058,                       0,      0.8967638081,      0.5541809838,                 0,                 0,                 0,      0.4377378711,      0.3775245802,      0.9842647417,                 0,      0.6179787573
        2110,     0.06073996215,      -6.938603789,      -4.398684559,      -1.515361029,                        10,      -3.603880273,               5,      -4.517630956,    3.95988316e-08,   1.655987979e-05,       1.904635162,       16.98191842,       15.80581531,         0.7096635778,         -0.7097253102,                     0,      0.4384002065,      0.6872735242,                 0,       288.8954304,       274.1651436,                 0,       15031.16691,        12365.33661,                  0,        0.1812518175,         0.1571211428,                    0,          301411.1682,           301487.7789,                     0,           118.8268893,           -137.1901763,                      0,        118.8268892,         137.1327984,                   0,                90.52234776,                 182.1748216,                           0,            -1.283773199e-09,             -0.0008362966959,                          nan,                      0.7618001984,                         1.32845551,                                nan,           300.0002669,             300.076519,                      0,            17152.44706,             16964.74016,                       0,      0.8967243216,      0.5542126043,                 0,                 0,                 0,      0.4377058076,       0.377474008,      0.9842659666,                 0,      0.6180412318
        2111,     0.06072944602,      -6.929131094,      -4.382539752,      -1.497926677,                        10,       -3.18592272,               5,      -4.159145192,   4.752036278e-08,   1.987186344e-05,       2.285562195,       20.37830211,       18.96697837,         0.7096561243,         -0.7097074594,                     0,       0.438394289,      0.6872673733,                 0,       288.8957679,       274.1648497,                 0,       15031.22502,        12365.33443,                  0,        0.1812523065,         0.1571212785,                    0,          301411.2191,           301486.9811,                     0,           118.8253207,           -137.1865256,                      0,        118.8253206,          137.129197,                   0,                90.52122345,                 182.1749447,                           0,            -1.359986568e-09,             -0.0008356014634,                          nan,                      0.7618007929,                        1.328491296,                                nan,           300.0003176,            300.0757249,                      0,            17152.45339,             16964.64075,                       0,      0.8966727551,      0.5542482452,                 0,                 0,                 0,      0.4376665039,      0.3774113902,      0.9842630693,                 0,      0.6181165225
        2112,     0.06071870208,      -6.913434837,      -4.364428854,      -1.474713669,                        10,      -2.821626637,               6,      -4.603977327,   5.702695898e-08,   2.384624971e-05,      0.2285562195,       2.037830211,       1.896697837,         0.7096469488,         -0.7096876932,                     0,      0.4383870384,      0.6872604567,                 0,       288.8961901,       274.1643903,                 0,       15031.29678,        12365.31897,                  0,        0.1812529069,         0.1571213397,                    0,          301411.2905,           301485.9419,                     0,           118.8233908,           -137.1825501,                      0,        118.8233907,         137.1252819,                   0,                90.51986002,                 182.1749231,                           0,            -1.451279319e-09,             -0.0008347459752,                          nan,                      0.7618016915,                         1.32852907,                                nan,           300.0003887,            300.0746906,                      0,            17152.46176,             16964.51108,                       0,      0.8966053958,      0.5542876472,                 0,                 0,                 0,      0.4376183647,      0.3773339305,      0.9842535936,                 0,      0.6182069056
        2113,     0.06070066859,      -6.895480156,      -4.346130839,      -1.450828291,                         4,      -4.778857848,               2,      -4.481396988,   5.702995882e-09,   2.384627031e-06,      0.2742674634,       2.445396253,       2.276037404,          0.709644721,         -0.7096841888,                     0,      0.4383857327,      0.6872588575,                 0,         288.89616,       274.1644118,                 0,       15031.29063,        12365.32767,                  0,        0.1812528516,         0.1571214375,                    0,          301411.1927,           301485.8431,                     0,            118.823054,           -137.1817659,                      0,        118.8230539,         137.1245099,                   0,                90.51955512,                 182.1748768,                           0,            -1.452877929e-09,             -0.0008345718736,                          nan,                      0.7618012847,                        1.328536211,                                nan,           300.0002914,            300.0745923,                      0,            17152.44151,             16964.49852,                       0,       0.896601171,      0.5542905041,                 0,                 0,                 0,      0.4376153209,      0.3773288385,       0.984253306,                 0,      0.6182130049
        2114,     0.06068282884,      -6.898804188,      -4.351809116,      -1.457887244,                         4,      -4.367644018,               2,      -4.215832161,   6.843631894e-09,   2.861552234e-06,       0.329120956,       2.934475504,       2.731244885,         0.7096426108,         -0.7096797556,                     0,      0.4383843186,      0.6872569605,                 0,       288.8961592,       274.1644059,                 0,        15031.2905,         12365.3325,                  0,        0.1812528506,         0.1571215016,                    0,          301411.1199,           301485.6908,                     0,           118.8227013,           -137.1808243,                      0,        118.8227012,         137.1235849,                   0,                90.51922265,                 182.1748166,                           0,            -1.439384056e-09,             -0.0008343371131,                          nan,                      0.7618007478,                        1.328544734,                                nan,           300.0002188,            300.0744407,                      0,            17152.42703,              16964.4759,                       0,      0.8965956603,      0.5542939898,                 0,                 0,                 0,      0.4376114011,      0.3773223427,      0.9842527394,                 0,      0.6182206923
        2115,     0.06066659173,       -6.90375991,      -4.359121498,       -1.46715887,                         5,      -4.911052868,               3,      -5.649411837,   8.212411221e-09,   3.433862498e-06,      0.3949451473,       3.521370605,       3.277493862,         0.7096405667,         -0.7096742633,                     0,       0.438382753,      0.6872547032,                 0,       288.8961923,        274.164373,                 0,       15031.29732,        12365.33373,                  0,        0.1812529121,         0.1571215351,                    0,          301411.0748,           301485.4808,                     0,           118.8223188,           -137.1796962,                      0,        118.8223187,         137.1224782,                   0,                90.51885867,                 182.1747403,                           0,            -1.410846773e-09,             -0.0008340308766,                          nan,                      0.7618001372,                          1.3285549,                                nan,            300.000174,            300.0742317,                      0,            17152.41894,              16964.4426,                       0,       0.896588357,      0.5542982785,                 0,                 0,                 0,      0.4376062762,      0.3773139342,      0.9842517251,                 0,      0.6182305114
        2116,      0.0606498881,      -6.910938723,      -4.368378055,      -1.479476657,                         5,      -4.452376977,               3,      -5.278679689,   9.854969553e-09,   4.120634952e-06,      0.4739341767,       4.225644725,       3.932992635,         0.7096384575,         -0.7096675986,                     0,      0.4383809653,      0.6872520206,                 0,       288.8962627,       274.1643155,                 0,       15031.31149,        12365.33212,                  0,        0.1812530387,         0.1571215464,                    0,          301411.0572,           301485.2106,                     0,           118.8218826,           -137.1783513,                      0,        118.8218825,         137.1211602,                   0,                90.51845605,                 182.1746457,                           0,            -1.370188074e-09,             -0.0008336464295,                          nan,                      0.7617995454,                         1.32856698,                                nan,           300.0001565,            300.0739628,                      0,            17152.41698,             16964.39866,                       0,      0.8965786206,      0.5543035808,                 0,                 0,                 0,      0.4375995389,       0.377302976,      0.9842500429,                 0,       0.618243139
        2117,     0.06063321931,      -6.920185514,      -4.379451862,      -1.494697308,                         5,      -4.016699047,               3,      -4.921392602,   1.182607276e-08,   4.944762264e-06,      0.5687210121,        5.07077367,       4.719591162,         0.7096360754,         -0.7096596534,                     0,      0.4383788574,      0.6872488458,                 0,       288.8963712,       274.1642356,                 0,       15031.33278,         12365.3287,                  0,        0.1812532274,         0.1571215472,                    0,          301411.0631,           301484.8775,                     0,             118.82136,           -137.1767583,                      0,        118.8213599,         137.1195996,                   0,                90.51800309,                 182.1745301,                           0,            -1.323763321e-09,             -0.0008331844457,                          nan,                      0.7617990836,                        1.328581258,                                nan,           300.0001624,            300.0736312,                      0,            17152.41992,             16964.34445,                       0,      0.8965657054,      0.5543101338,                 0,                 0,                 0,       0.437590727,      0.3772887313,      0.9842474291,                 0,      0.6182593539
        2118,     0.06061763827,       -6.93043768,      -4.391543249,      -1.511353493,                         6,      -4.276596213,               3,      -4.578494458,   1.419144429e-08,    5.93371583e-06,      0.6824652145,       6.084928405,       5.663509394,         0.7096331667,         -0.7096503051,                     0,      0.4383763112,      0.6872451076,                 0,       288.8965168,       274.1641344,                 0,       15031.36055,        12365.32446,                  0,        0.1812534709,         0.1571215496,                    0,          301411.0854,           301484.4772,                     0,           118.8207133,           -137.1748844,                      0,        118.8207132,         137.1177627,                   0,                90.51748239,                 182.1743893,                           0,            -1.281376227e-09,             -0.0008326561046,                          nan,                      0.7617988475,                        1.328598029,                                nan,           300.0001845,            300.0732327,                      0,            17152.42579,             16964.28028,                       0,      0.8965488122,       0.554318182,                 0,                 0,                 0,      0.4375793629,       0.377270416,      0.9842435941,                 0,      0.6182799803
        2119,     0.06060420524,      -6.940238271,      -4.403132849,      -1.527185291,                         7,      -4.429048617,               3,      -4.250889582,   1.702995853e-08,   7.120461583e-06,      0.8189582574,       7.301914086,       6.796211273,         0.7096294844,         -0.7096394173,                     0,      0.4383732012,      0.6872407282,                 0,       288.8966976,       274.1640125,                 0,       15031.39412,        12365.32024,                  0,        0.1812537623,         0.1571215641,                    0,          301411.1157,           301484.0044,                     0,           118.8199057,           -137.1726965,                      0,        118.8199057,          137.115615,                   0,                90.51687089,                 182.1742149,                           0,            -1.255252791e-09,             -0.0008320836957,                          nan,                      0.7617988785,                        1.328617567,                                nan,           300.0002147,            300.0727622,                      0,            17152.43257,             16964.20616,                       0,      0.8965271417,      0.5543279567,                 0,                 0,                 0,       0.437564992,      0.3772472544,      0.9842382376,                 0,       0.618305828
        2120,     0.06059114851,      -6.948726629,      -4.412263523,      -1.540546242,                         8,      -4.499786449,               4,      -5.006235696,   2.043627381e-08,   8.544558922e-06,      0.9827499088,       8.762296903,       8.155453528,         0.7096248395,         -0.7096268904,                     0,      0.4383694084,      0.6872356272,                 0,        288.896913,       274.1638724,                 0,       15031.43328,          12365.317,                  0,        0.1812540994,         0.1571216012,                    0,          301411.1474,           301483.4559,                     0,            118.818907,           -137.1701698,                      0,         118.818907,         137.1131297,                   0,                90.51614115,                 182.1739915,                           0,            -1.257106086e-09,             -0.0008314959738,                          nan,                      0.7617991401,                        1.328640021,                                nan,           300.0002463,            300.0722163,                      0,            17152.43881,             16964.12224,                       0,       0.896499897,       0.554339656,                 0,                 0,                 0,      0.4375471865,      0.3772184923,      0.9842310342,                 0,      0.6183376684
        2121,     0.06057993044,       -6.95596461,      -4.417068304,      -1.551190347,                         9,      -4.487852372,               4,      -4.617810009,   2.452399304e-08,   1.025347934e-05,       1.179299891,       10.51475628,       9.786544233,         0.7096191213,         -0.7096127466,                     0,      0.4383648285,      0.6872297409,                 0,        288.897165,       274.1637188,                 0,       15031.47856,        12365.31594,                  0,        0.1812544872,         0.1571216735,                    0,          301411.1773,           301482.8324,                     0,           118.8176954,            -137.167301,                      0,        118.8176953,         137.1103018,                   0,                90.51526403,                 182.1736955,                           0,            -1.293260055e-09,             -0.0008309171851,                          nan,                      0.7617995266,                        1.328665265,                                nan,            300.000276,            300.0715957,                      0,            17152.44405,             16964.02927,                       0,      0.8964661863,      0.5543534229,                 0,                 0,                 0,      0.4375254847,      0.3771833337,      0.9842215571,                 0,      0.6183762772
        2122,     0.06056963439,       -6.96175805,      -4.416337431,      -1.558866311,                        10,      -4.405885472,               4,      -4.251578107,   2.942945814e-08,   1.230418868e-05,       1.415159869,       12.61770754,       11.74385308,         0.7096122743,         -0.7095971698,                     0,      0.4383593732,      0.6872230458,                 0,       288.8974584,       274.1635526,                 0,       15031.53101,        12365.31794,                  0,        0.1812549357,         0.1571217916,                    0,          301411.2057,           301482.1333,                     0,           118.8162549,           -137.1641174,                      0,        118.8162549,         137.1071582,                   0,                90.51421254,                 182.1732952,                           0,            -1.360260016e-09,             -0.0008303543959,                          nan,                      0.7617999124,                        1.328692809,                                nan,           300.0003043,            300.0708999,                      0,             17152.4486,             16963.92816,                       0,      0.8964248042,      0.5543693025,                 0,                 0,                 0,       0.437499265,      0.3771407925,      0.9842091118,                 0,       0.618422538
        2123,     0.06055941144,      -6.964116839,      -4.410118653,      -1.561049376,                        10,      -3.889972863,               5,      -4.731744753,   3.531630543e-08,   1.476504591e-05,       1.698191842,       15.14124905,        14.0926237,         0.7096042413,         -0.7095804032,                     0,      0.4383529604,      0.6872155644,                 0,       288.8978003,       274.1633584,                 0,       15031.59197,        12365.32219,                  0,        0.1812554561,         0.1571219537,                    0,          301411.2361,           301481.3437,                     0,           118.8145687,           -137.1606665,                      0,        118.8145687,         137.1037473,                   0,                90.51296606,                 182.1727564,                           0,            -1.445897069e-09,             -0.0008297922571,                          nan,                      0.7618002327,                        1.328721935,                                nan,           300.0003345,             300.070114,                      0,            17152.45315,             16963.81815,                       0,      0.8963739239,      0.5543871558,                 0,                 0,                 0,      0.4374676001,      0.3770894997,      0.9841924808,                 0,      0.6184775584
        2124,     0.06054848508,      -6.959899249,      -4.400144957,      -1.553690636,                        10,      -3.429462829,               5,      -4.340182714,   4.238093502e-08,    1.77180819e-05,       2.037830211,       18.16949886,       16.91114844,         0.7095948908,         -0.7095625207,                     0,      0.4383454861,      0.6872073298,                 0,       288.8982025,       274.1630988,                 0,       15031.66307,        12365.32526,                  0,        0.1812560612,         0.1571221378,                    0,          301411.2753,           301480.4249,                     0,           118.8126065,           -137.1569783,                      0,        118.8126064,         137.1001011,                   0,                 90.5115107,                  182.172052,                           0,            -1.538043581e-09,             -0.0008292011279,                          nan,                       0.761800565,                        1.328752135,                                nan,           300.0003735,            300.0691995,                      0,            17152.45852,             16963.69501,                       0,      0.8963107725,      0.5544065205,                 0,                 0,                 0,       0.437429168,      0.3770275297,      0.9841696159,                 0,      0.6185427393
        2125,     0.06053817098,      -6.948427241,      -4.389124648,      -1.536323647,                        10,      -3.025096647,               6,      -4.780846683,   5.085907788e-08,   2.126173448e-05,       2.445396253,       21.80339863,       20.29337812,         0.7095839517,          -0.709543227,                     0,      0.4383367709,      0.6871983139,                 0,       288.8986821,       274.1627252,                 0,       15031.74669,        12365.32245,                  0,        0.1812567686,         0.1571223119,                    0,          301411.3321,           301479.3213,                     0,           118.8103112,           -137.1530201,                      0,        118.8103111,          137.096189,                   0,                 90.5098278,                 182.1711722,                           0,            -1.636599301e-09,             -0.0008285541383,                          nan,                      0.7618011175,                        1.328783634,                                nan,           300.0004301,             300.068101,                      0,             17152.4656,             16963.55181,                       0,      0.8962315079,      0.5544264424,                 0,                 0,                 0,      0.4373823475,      0.3769524043,      0.9841374298,                 0,      0.6186196731
        2126,     0.06052775891,      -6.933370787,       -4.37886913,      -1.514320967,                        10,      -2.672464349,               6,      -4.367454349,   6.103368169e-08,   2.551413133e-05,      0.2445396253,       2.180339863,       2.029337812,         0.7095710089,         -0.7095218456,                     0,      0.4383265161,      0.6871883533,                 0,       288.8992594,       274.1622005,                 0,        15031.8459,        12365.31083,                  0,        0.1812576027,           0.15712246,                    0,          301411.4126,           301477.9793,                     0,           118.8075974,           -137.1486736,                      0,        118.8075973,         137.0918932,                   0,                90.50787033,                 182.1701206,                           0,            -1.759020263e-09,             -0.0008278413774,                          nan,                      0.7618020427,                        1.328817601,                                nan,           300.0005102,            300.0667653,                      0,            17152.47486,             16963.38203,                       0,      0.8961317623,      0.5544453156,                 0,                 0,                 0,        0.43732569,      0.3768616224,      0.9840919982,                 0,      0.6187095904
        2127,     0.06051026523,       -6.91866044,      -4.369161687,      -1.492821649,                         4,      -4.653556468,               2,      -4.379217186,   6.103698465e-09,   2.551419119e-06,      0.2934475504,       2.616407835,       2.435205375,         0.7095678157,         -0.7095180453,                     0,      0.4383246614,      0.6871862838,                 0,       288.8992189,       274.1622411,                 0,       15031.83741,        12365.32296,                  0,        0.1812575258,         0.1571225904,                    0,          301411.2759,           301477.8655,                     0,           118.8071132,            -137.147805,                      0,        118.8071131,         137.0910363,                   0,                90.50744579,                  182.169952,                           0,            -1.754667522e-09,             -0.0008276761853,                          nan,                      0.7618015743,                        1.328824677,                                nan,           300.0003741,             300.066652,                      0,            17152.44637,             16963.36702,                       0,      0.8961253373,       0.554446535,                 0,                 0,                 0,      0.4373220837,      0.3768557725,      0.9840890748,                 0,      0.6187153872
        2128,     0.06049286275,      -6.923412288,      -4.376191794,      -1.501852604,                         4,      -4.240654948,               2,      -4.114149209,   7.324478659e-09,   3.061703684e-06,      0.3521370605,       3.139689403,        2.92224645,          0.709564839,         -0.7095133125,                     0,       0.438322672,      0.6871838522,                 0,       288.8992205,       274.1622512,                 0,       15031.83778,        12365.33089,                  0,        0.1812575292,         0.1571226847,                    0,          301411.1763,           301477.6899,                     0,           118.8066126,           -137.1467816,                      0,        118.8066125,         137.0900281,                   0,                90.50698508,                 182.1697387,                           0,            -1.725669496e-09,             -0.0008274608029,                          nan,                      0.7618009066,                        1.328832894,                                nan,            300.000275,            300.0664773,                      0,            17152.42663,             16963.34055,                       0,      0.8961170426,      0.5544480065,                 0,                 0,                 0,      0.4373174428,      0.3768482827,      0.9840852188,                 0,      0.6187227562
        2129,     0.06047653587,      -6.929871599,      -4.384555347,       -1.51298847,                         5,      -4.759899934,               3,       -5.48800163,   8.789432594e-09,   3.674045565e-06,      0.4225644725,       3.767627283,        3.50669574,         0.7095619974,         -0.7095075733,                     0,      0.4383204889,      0.6871810002,                 0,         288.89927,       274.1622321,                 0,       15031.84807,        12365.33518,                  0,        0.1812576222,         0.1571227493,                    0,          301411.1169,           301477.4497,                     0,           118.8060758,           -137.1455827,                      0,        118.8060757,         137.0888484,                   0,                90.50648323,                 182.1694737,                           0,            -1.673715722e-09,             -0.0008271878651,                          nan,                      0.7618001242,                        1.328842396,                                nan,           300.0002158,            300.0662381,                      0,            17152.41624,             16963.30247,                       0,       0.896106179,      0.5544498006,                 0,                 0,                 0,      0.4373113866,      0.3768385537,      0.9840800627,                 0,      0.6187322592
        2130,     0.06046055631,      -6.938357494,      -4.394376675,      -1.526712836,                         5,      -4.300720818,               3,       -5.11834796,   1.054740272e-08,   4.408856492e-06,       0.507077367,        4.52115274,       4.208034887,         0.7095590953,         -0.7095007961,                     0,      0.4383180162,      0.6871776771,                 0,       288.8993701,        274.162186,                 0,       15031.86846,        12365.33685,                  0,        0.1812578053,         0.1571227959,                    0,          301411.0955,           301477.1432,                     0,           118.8054699,           -137.1441914,                      0,        118.8054698,         137.0874805,                   0,                90.50593104,                 182.1691505,                           0,            -1.605301669e-09,             -0.0008268537996,                          nan,                      0.7617993618,                        1.328853297,                                nan,           300.0001946,            300.0659331,                      0,            17152.41445,              16963.2534,                       0,      0.8960918823,      0.5544519868,                 0,                 0,                 0,      0.4373034543,      0.3768258563,      0.9840731382,                 0,      0.6187445705
        2131,      0.0604451636,      -6.948350316,      -4.405253946,      -1.542324311,                         6,      -4.590356863,               3,       -4.76173259,   1.265700331e-08,   5.290630727e-06,      0.6084928405,       5.425383288,       5.049641865,         0.7095558376,         -0.7094929742,                     0,      0.4383151253,      0.6871738423,                 0,       288.8995201,       274.1621139,                 0,       15031.89823,        12365.33704,                  0,        0.1812580701,         0.1571228383,                    0,          301411.1049,           301476.7684,                     0,           118.8047508,           -137.1425944,                      0,        118.8047507,         137.0859112,                   0,                90.50531338,                 182.1687631,                           0,            -1.531798799e-09,             -0.0008264610111,                          nan,                      0.7617987735,                        1.328865683,                                nan,           300.0002039,              300.06556,                      0,            17152.41911,             16963.19427,                       0,      0.8960731726,       0.554454616,                 0,                 0,                 0,      0.4372931411,      0.3768093799,      0.9840638918,                 0,      0.6187604238
        2132,     0.06042995424,      -6.958567352,      -4.416178022,      -1.557950202,                         6,      -4.110490882,               3,      -4.419085502,   1.518857628e-08,    6.34876166e-06,      0.7301914086,       6.510459945,       6.059570238,         0.7095518858,         -0.7094840989,                     0,      0.4383116688,      0.6871694632,                 0,       288.8997162,       274.1620138,                 0,       15031.93603,        12365.33657,                  0,        0.1812584029,         0.1571228883,                    0,          301411.1335,           301476.3204,                     0,            118.803871,            -137.140781,                      0,        118.8038709,         137.0841289,                   0,                90.50460836,                 182.1683046,                           0,            -1.468401289e-09,              -0.000826018933,                          nan,                      0.7617984806,                        1.328879616,                                nan,           300.0002324,            300.0651142,                      0,            17152.42721,             16963.12571,                       0,      0.8960490375,      0.5544577008,                 0,                 0,                 0,      0.4372799553,      0.3767883117,        0.98405172,                 0,      0.6187805328
        2133,     0.06041590909,       -6.96768288,      -4.425763059,      -1.571570082,                         7,      -4.246042045,               3,      -4.091352692,   1.822653877e-08,   7.618521711e-06,      0.8762296903,       7.812551934,       7.271484286,         0.7095469409,          -0.709474152,                     0,      0.4383075026,      0.6871645093,                 0,       288.8999535,       274.1618813,                 0,        15031.9806,        12365.33583,                  0,        0.1812587914,         0.1571229533,                    0,          301411.1692,           301475.7925,                     0,           118.8027884,           -137.1387429,                      0,        118.8027883,         137.0821243,                   0,                90.50378809,                 182.1677656,                           0,             -1.43134915e-09,             -0.0008255422047,                          nan,                       0.761798518,                        1.328895117,                                nan,           300.0002679,            300.0645887,                      0,            17152.43584,             16963.04783,                       0,      0.8960185159,      0.5544611947,                 0,                 0,                 0,      0.4372634764,      0.3767619154,      0.9840360036,                 0,        0.61880551
        2134,     0.06040275785,      -6.975211081,      -4.432692948,      -1.582465651,                         8,      -4.296200642,               4,      -4.802648829,   2.187220113e-08,   9.142238141e-06,       1.051475628,       9.375062321,       8.725781143,         0.7095408108,         -0.7094631365,                     0,      0.4383025054,      0.6871589495,                 0,       288.9002298,       274.1617128,                 0,       15032.03144,        12365.33503,                  0,        0.1812592311,         0.1571230379,                    0,           301411.203,           301475.1781,                     0,           118.8014738,           -137.1364783,                      0,        118.8014737,         137.0798948,                   0,                90.50282171,                 182.1671316,                           0,            -1.432995833e-09,             -0.0008250447584,                          nan,                      0.7617988132,                        1.328912105,                                nan,           300.0003016,            300.0639772,                      0,             17152.4432,             16962.96049,                       0,      0.8959807355,       0.554464971,                 0,                 0,                 0,      0.4372433859,      0.3767295737,      0.9840161131,                 0,      0.6188358176
        2135,     0.06039058652,      -6.981449954,      -4.436018091,      -1.591248714,                         9,      -4.270153892,               4,       -4.41531853,   2.624714988e-08,   1.097070392e-05,       1.261770754,       11.25007479,       10.47093737,         0.7095334223,         -0.7094511199,                     0,      0.4382965874,      0.6871527555,                 0,       288.9005461,       274.1615054,                 0,       15032.08904,        12365.33442,                  0,        0.1812597272,         0.1571231469,                    0,          301411.2319,           301474.4723,                     0,           118.7999116,           -137.1339972,                      0,        118.7999115,         137.0774499,                   0,                90.50167975,                 182.1663809,                           0,            -1.475858769e-09,             -0.0008245315311,                          nan,                      0.7617992186,                        1.328930331,                                nan,           300.0003304,            300.0632747,                      0,            17152.44894,             16962.86362,                       0,      0.8959348787,      0.5544687908,                 0,                 0,                 0,      0.4372194565,       0.376690781,      0.9839913629,                 0,      0.6188717551
        2136,     0.06038079752,       -6.98604702,      -4.435222819,      -1.597522775,                        10,       -4.17723621,               4,      -4.049776185,    3.14973088e-08,   1.316487071e-05,       1.514124905,       13.50008974,       12.56512485,         0.7095247686,          -0.709438217,                     0,      0.4382896846,      0.6871459051,                 0,       288.9009078,        274.161253,                 0,       15032.15458,        12365.33391,                  0,        0.1812602905,         0.1571232826,                    0,           301411.258,           301473.6669,                     0,           118.7980935,           -137.1313187,                      0,        118.7980934,         137.0748094,                   0,                90.50033928,                 182.1654863,                           0,             -1.55012303e-09,             -0.0008239934855,                          nan,                      0.7617995938,                        1.328949405,                                nan,           300.0003563,             300.062473,                      0,            17152.45376,             16962.75685,                       0,      0.8958801135,      0.5544722511,                 0,                 0,                 0,      0.4371915323,      0.3766451199,      0.9839609285,                 0,      0.6189134492
        2137,     0.06037084476,      -6.986537827,      -4.430512481,      -1.597372992,                        10,      -3.684546943,               5,      -4.478017717,    3.77978148e-08,   1.579788046e-05,       1.816949886,       16.20010769,       15.07814981,         0.7095148208,         -0.7094244792,                     0,      0.4382817383,      0.6871383752,                 0,       288.9013235,       274.1609399,                 0,       15032.22947,        12365.33245,                  0,        0.1812609328,         0.1571234408,                    0,          301411.2874,           301472.7429,                     0,            118.796007,           -137.1284545,                      0,        118.7960069,         137.0719863,                   0,                90.49878735,                  182.164422,                           0,            -1.639553826e-09,             -0.0008234117569,                          nan,                      0.7617999099,                        1.328969011,                                nan,           300.0003855,            300.0615534,                      0,            17152.45867,             16962.63839,                       0,      0.8958155692,      0.5544747187,                 0,                 0,                 0,      0.4371595598,      0.3765922813,      0.9839237783,                 0,      0.6189607971
        2138,     0.06036132319,      -6.979683321,      -4.423241016,      -1.585665506,                        10,      -3.247985376,               5,      -4.087395721,   4.535887226e-08,   1.895750374e-05,       2.180339863,       19.44012923,       18.09377978,         0.7095034418,         -0.7094097649,                     0,      0.4382726532,       0.687130126,                 0,       288.9018064,       274.1605426,                 0,       15032.31541,        12365.32824,                  0,        0.1812616661,         0.1571236116,                    0,          301411.3288,           301471.6715,                     0,           118.7936212,           -137.1253837,                      0,        118.7936211,         137.0689608,                   0,                 90.4970167,                 182.1631758,                           0,            -1.734270061e-09,             -0.0008227704483,                          nan,                      0.7618003045,                        1.328989253,                                nan,           300.0004268,            300.0604871,                      0,            17152.46466,             16962.50516,                       0,      0.8957403865,      0.5544752771,                 0,                 0,                 0,      0.4371236887,       0.376532137,      0.9838786626,                 0,      0.6190133721
        2139,      0.0603512278,      -6.965574047,      -4.415572826,       -1.56304677,                        10,      -2.866518734,               6,      -4.496409101,   5.443278301e-08,   2.274906632e-05,      0.2180339863,       1.944012923,       1.809377978,         0.7094903499,         -0.7093937249,                     0,      0.4382622475,      0.6871210907,                 0,        288.902373,         274.16004,                 0,       15032.41459,        12365.32016,                  0,        0.1812625065,         0.1571237933,                    0,          301411.3905,           301470.4245,                     0,           118.7908784,           -137.1220403,                      0,        118.7908783,         137.0656668,                   0,                90.49500768,                 182.1617595,                           0,            -1.841253816e-09,              -0.000822069956,                          nan,                      0.7618009813,                        1.329010858,                                nan,           300.0004882,            300.0592458,                      0,            17152.47236,             16962.35462,                       0,      0.8956538257,      0.5544726949,                 0,                 0,                 0,      0.4370843849,       0.376464845,      0.9838241537,                 0,      0.6190703138
        2140,     0.06033377375,      -6.948067934,      -4.409288311,      -1.536085913,                         4,      -4.868359748,               2,      -4.508869704,   5.443532452e-09,   2.274913478e-06,      0.2616407835,       2.332815507,       2.171253573,         0.7094872773,          -0.709390901,                     0,      0.4382604709,       0.687119385,                 0,       288.9023406,       274.1600577,                 0,       15032.40762,         12365.3289,                  0,        0.1812624427,          0.157123894,                    0,          301411.2664,           301470.3129,                     0,           118.7904058,            -137.121387,                      0,        118.7904057,         137.0650245,                   0,                90.49461542,                 182.1615676,                           0,            -1.830597895e-09,              -0.000821912736,                          nan,                      0.7618007104,                        1.329015686,                                nan,           300.0003646,            300.0591348,                      0,             17152.4464,             16962.34042,                       0,      0.8956479931,      0.5544723628,                 0,                 0,                 0,      0.4370817938,      0.3764604066,       0.983820355,                 0,      0.6190739745
        2141,     0.06031625924,      -6.951307202,      -4.414913086,       -1.54251864,                         4,       -4.45019759,               2,      -4.238075232,   6.532270083e-09,   2.729897294e-06,      0.3139689403,       2.799378609,       2.605504288,         0.7094843354,         -0.7093874108,                     0,       0.438258543,       0.687117369,                 0,       288.9023452,        274.160053,                 0,       15032.40828,        12365.33504,                  0,        0.1812624479,         0.1571239743,                    0,           301411.173,           301470.1526,                     0,           118.7899098,           -137.1206179,                      0,        118.7899097,         137.0642692,                   0,                90.49418435,                 182.1613264,                           0,            -1.798783122e-09,             -0.0008217159216,                          nan,                      0.7618002621,                         1.32902125,                                nan,           300.0002717,            300.0589752,                      0,            17152.42763,             16962.31779,                       0,      0.8956407039,       0.554471935,                 0,                 0,                 0,      0.4370785714,      0.3764548674,      0.9838155975,                 0,      0.6190785352
        2142,     0.06029905343,      -6.955570442,       -4.42144826,      -1.550092088,                         4,      -4.050652081,               3,      -5.669715065,   7.838768894e-09,   3.275878354e-06,      0.3767627283,       3.359254331,       3.126605146,         0.7094814771,         -0.7093831973,                     0,      0.4382564157,      0.6871149946,                 0,       288.9023926,       274.1600258,                 0,       15032.41777,        12365.33886,                  0,        0.1812625326,         0.1571240378,                    0,          301411.1142,           301469.9398,                     0,           118.7893757,           -137.1197182,                      0,        118.7893756,         137.0633865,                   0,                 90.4937095,                 182.1610276,                           0,            -1.746718881e-09,             -0.0008214738194,                          nan,                      0.7617996899,                        1.329027629,                                nan,           300.0002132,            300.0587635,                      0,             17152.4169,             16962.28636,                       0,      0.8956314799,      0.5544713891,                 0,                 0,                 0,      0.4370745132,      0.3764478608,      0.9838095736,                 0,      0.6190843014
        2143,      0.0602832014,      -6.961137876,      -4.428995136,      -1.559230559,                         5,       -4.54156344,               3,        -5.2894979,   9.406587084e-09,   3.931056347e-06,       0.452115274,       4.031105197,       3.751926175,         0.7094785611,         -0.7093782406,                     0,      0.4382540108,      0.6871122205,                 0,       288.9024865,       274.1599774,                 0,       15032.43659,        12365.34102,                  0,        0.1812627006,         0.1571240923,                    0,          301411.0899,           301469.6728,                     0,           118.7887774,           -137.1186768,                      0,        118.7887773,         137.0623655,                   0,                90.49318273,                 182.1606634,                           0,            -1.678903017e-09,             -0.0008211832887,                          nan,                      0.7617990924,                        1.329034873,                                nan,            300.000189,            300.0584977,                      0,            17152.41399,              16962.2464,                       0,      0.8956197286,      0.5544706838,                 0,                 0,                 0,      0.4370693701,      0.3764389404,      0.9838018914,                 0,      0.6190916368
        2144,     0.06026836858,      -6.967798679,      -4.437335653,        -1.5696634,                         5,      -4.101569497,               3,       -4.92160992,   1.128799708e-08,   4.717271039e-06,      0.5425383288,       4.837326236,        4.50231141,         0.7094753518,         -0.7093725568,                     0,      0.4382512199,      0.6871090173,                 0,       288.9026275,       274.1599088,                 0,        15032.4644,        12365.34239,                  0,        0.1812629474,         0.1571241481,                    0,          301411.0949,           301469.3503,                     0,           118.7880783,           -137.1174879,                      0,        118.7880782,         137.0612002,                   0,                90.49259131,                 182.1602272,                           0,            -1.603703281e-09,             -0.0008208454196,                          nan,                      0.7617985971,                        1.329042989,                                nan,            300.000194,            300.0581767,                      0,            17152.41744,             16962.19863,                       0,      0.8956047748,      0.5544697479,                 0,                 0,                 0,      0.4370628696,      0.3764276121,      0.9837920851,                 0,      0.6191009288
        2145,     0.06025382582,      -6.974820965,      -4.445907236,      -1.580365362,                         6,      -4.379665803,               3,      -4.567019127,    1.35457295e-08,   5.660730376e-06,      0.6510459945,       5.804791483,       5.402773692,         0.7094715549,         -0.7093661895,                     0,      0.4382479136,      0.6871053722,                 0,       288.9028131,       274.1598195,                 0,       15032.50019,        12365.34376,                  0,        0.1812632625,         0.1571242156,                    0,          301411.1203,           301468.9706,                     0,            118.787236,           -137.1161515,                      0,         118.787236,         137.0598904,                   0,                90.49191694,                 182.1597128,                           0,            -1.533001392e-09,             -0.0008204667429,                          nan,                      0.7617983213,                        1.329051937,                                nan,           300.0002193,            300.0577987,                      0,            17152.42477,             16962.14395,                       0,      0.8955859226,      0.5544684707,                 0,                 0,                 0,       0.437054754,      0.3764133897,      0.9837796449,                 0,      0.6191125348
        2146,     0.06024007806,      -6.981268417,      -4.453981204,      -1.590044652,                         7,        -4.5359187,               3,      -4.226740853,   1.625506641e-08,   6.792884217e-06,      0.7812551934,        6.96574978,        6.48332843,         0.7094668835,         -0.7093592066,                     0,      0.4382439593,        0.68710129,                 0,       288.9030392,       274.1597065,                 0,       15032.54275,        12365.34561,                  0,        0.1812636339,         0.1571243027,                    0,          301411.1549,            301468.531,                     0,           118.7862105,           -137.1146753,                      0,        118.7862104,         137.0584427,                   0,                90.49113605,                 182.1591145,                           0,            -1.480896961e-09,             -0.0008200587966,                          nan,                      0.7617983243,                         1.32906161,                                nan,           300.0002537,            300.0573613,                      0,            17152.43326,             16962.08311,                       0,      0.8955625343,       0.554466697,                 0,                 0,                 0,      0.4370448288,      0.3763958598,       0.983764061,                 0,      0.6191267229
        2147,     0.06022616145,      -6.986501953,      -4.460940945,      -1.597948186,                         7,      -4.046702606,               4,      -4.982857373,   1.950635397e-08,   8.151472787e-06,      0.9375062321,       8.358899736,       7.779994116,         0.7094611277,         -0.7093517092,                     0,      0.4382392404,       0.687096795,                 0,       288.9033023,       274.1595652,                 0,       15032.59132,        12365.34812,                  0,        0.1812640544,         0.1571244144,                    0,          301411.1894,           301468.0284,                     0,           118.7849713,           -137.1130761,                      0,        118.7849712,         137.0568733,                   0,                90.49022166,                 182.1584263,                           0,            -1.460721211e-09,             -0.0008196351585,                          nan,                      0.7617985741,                        1.329071808,                                nan,            300.000288,             300.056861,                      0,            17152.44085,             16962.01674,                       0,      0.8955340862,      0.5544642234,                 0,                 0,                 0,      0.4370329982,      0.3763747291,      0.9837448541,                 0,      0.6191436282
        2148,     0.06021411838,      -6.990406525,      -4.466373542,      -1.604183726,                         8,      -4.085011604,               4,      -4.578746687,   2.340801856e-08,   9.781784746e-06,       1.125007479,       10.03067968,       9.335992939,         0.7094541911,         -0.7093438398,                     0,        0.43823367,      0.6870919303,                 0,        288.903602,       274.1593886,                 0,       15032.64595,        12365.35113,                  0,        0.1812645252,         0.1571245523,                    0,          301411.2186,           301467.4583,                     0,           118.7835014,           -137.1113815,                      0,        118.7835013,         137.0552087,                   0,                90.48914676,                 182.1576408,                           0,            -1.480036316e-09,             -0.0008192062792,                          nan,                      0.7617989517,                        1.329082218,                                nan,           300.0003171,            300.0562936,                      0,            17152.44673,             16961.94529,                       0,      0.8955001612,      0.5544607839,                 0,                 0,                 0,      0.4370192637,      0.3763498269,      0.9837215598,                 0,       0.619163243
        2149,       0.060202404,      -6.992932188,      -4.469918267,       -1.60878407,                         9,      -4.057535383,               4,      -4.196464486,   2.809018773e-08,   1.173816676e-05,       1.350008974,       12.03681562,       11.20319153,         0.7094460714,         -0.7093357519,                     0,      0.4382271941,       0.687086749,                 0,       288.9039404,       274.1591653,                 0,       15032.70738,        12365.35395,                  0,        0.1812650535,         0.1571247146,                    0,          301411.2422,           301466.8125,                     0,           118.7817957,           -137.1096232,                      0,        118.7817956,         137.0534808,                   0,                 90.4878888,                 182.1567492,                           0,             -1.53576496e-09,             -0.0008187750875,                          nan,                      0.7617993005,                        1.329092469,                                nan,           300.0003406,            300.0556508,                      0,            17152.45119,             16961.86866,                       0,      0.8954603875,      0.5544560162,                 0,                 0,                 0,      0.4370036911,      0.3763210771,      0.9836936649,                 0,      0.6191854201
        2150,     0.06019176783,      -6.993048937,      -4.471287467,      -1.609744057,                        10,      -3.973729684,               5,       -4.64413897,   3.370903724e-08,   1.408583489e-05,       1.620010769,       14.44417874,       13.44382983,         0.7094368012,         -0.7093275239,                     0,      0.4382197863,      0.6870812908,                 0,       288.9043219,       274.1588774,                 0,       15032.77649,        12365.35525,                  0,        0.1812656475,          0.157124894,                    0,          301411.2633,           301466.0745,                     0,           118.7798544,           -137.1078225,                      0,        118.7798543,         137.0517108,                   0,                90.48643449,                 182.1557425,                           0,            -1.614330558e-09,              -0.000818337209,                          nan,                      0.7617995075,                        1.329102288,                                nan,           300.0003615,            300.0549163,                      0,            17152.45498,             16961.78564,                       0,      0.8954143832,      0.5544494008,                 0,                 0,                 0,      0.4369863895,      0.3762884908,      0.9836605244,                 0,      0.6192098443
        2151,     0.06077262221,      -6.988400729,      -4.470646142,      -1.602493548,                        10,      -3.510967348,               5,       -4.23460756,   4.045201018e-08,   1.690304839e-05,       1.944012923,       17.33301449,        16.1325958,         0.7094263778,         -0.7093190803,                     0,      0.4382114301,      0.6870755542,                 0,       288.9047523,       274.1585049,                 0,       15032.85406,        12365.35346,                  0,        0.1812663128,         0.1571250826,                    0,          301411.2872,           301465.2224,                     0,           118.7776733,           -137.1059712,                      0,        118.7776732,         137.0498911,                   0,                 90.4847825,                 182.1546158,                           0,            -1.699902885e-09,             -0.0008178865992,                          nan,                      0.7617995881,                        1.329111715,                                nan,           300.0003854,            300.0540681,                      0,            17152.45881,             16961.69413,                       0,      0.8953617809,      0.5544401768,                 0,                 0,                 0,      0.4369675637,      0.3762522367,      0.9836213106,                 0,      0.6192359207
        2152,     0.06076196154,      -6.977340855,       -4.46873658,      -1.584027956,                        10,      -3.102523648,               6,      -4.676326568,   4.854408335e-08,   2.028371858e-05,       2.332815507,       20.79961739,       19.35911496,         0.7094147084,         -0.7093102314,                     0,      0.4382020815,      0.6870694921,                 0,       288.9052406,       274.1580355,                 0,       15032.94101,        12365.34828,                  0,        0.1812670549,         0.1571252831,                    0,           301411.321,           301464.2392,                     0,           118.7752332,           -137.1040299,                      0,        118.7752331,         137.0479825,                   0,                90.48293709,                 182.1533726,                           0,            -1.786512716e-09,             -0.0008174218311,                          nan,                       0.761799701,                        1.329121154,                                nan,            300.000419,            300.0530895,                      0,            17152.46328,             16961.59299,                       0,      0.8953023729,      0.5544272594,                 0,                 0,                 0,      0.4369476777,       0.376212807,      0.9835750346,                 0,      0.6192625824
        2153,      0.0607522889,      -6.961156901,      -4.466341619,      -1.557144979,                        10,      -2.743031741,               6,      -4.253602802,   5.825529142e-08,   2.434054028e-05,      0.2332815507,       2.079961739,       1.935911496,         0.7094016073,         -0.7093008706,                     0,      0.4381916317,      0.6870630536,                 0,       288.9057967,       274.1574714,                 0,       15033.03854,        12365.34172,                  0,         0.181267882,         0.1571255202,                    0,          301411.3695,           301463.1232,                     0,           118.7724978,           -137.1019568,                      0,        118.7724977,         137.0459429,                   0,                90.48088914,                 182.1520245,                           0,            -1.884350231e-09,             -0.0008169468712,                          nan,                      0.7618000032,                        1.329131098,                                nan,           300.0004673,            300.0519788,                      0,            17152.46867,             16961.48426,                       0,      0.8952364243,      0.5544091762,                 0,                 0,                 0,      0.4369277201,      0.3761713049,      0.9835206858,                 0,      0.6192880016
        2154,     0.06073515476,      -6.942249573,      -4.463448547,      -1.526762625,                         4,      -4.684804868,               2,      -4.343852482,   5.825813544e-09,   2.434062494e-06,      0.2799378609,       2.495954087,       2.323093795,         0.7093984763,         -0.7092991336,                     0,      0.4381898262,      0.6870618466,                 0,       288.9057644,       274.1574585,                 0,       15033.03139,        12365.34639,                  0,         0.181267816,         0.1571255867,                    0,          301411.2439,           301463.0159,                     0,           118.7720169,           -137.1015481,                      0,        118.7720167,         137.0455425,                   0,                90.48049147,                 182.1518366,                           0,            -1.870476218e-09,             -0.0008168271362,                          nan,                        0.76179974,                        1.329133609,                                nan,           300.0003423,            300.0518719,                      0,            17152.44221,             16961.47197,                       0,      0.8952319761,      0.5544076661,                 0,                 0,                 0,      0.4369263881,      0.3761686815,      0.9835167891,                 0,      0.6192893919
        2155,     0.06071784351,      -6.947118854,      -4.468042445,      -1.534719495,                         4,      -4.278475989,               2,      -4.075277309,   6.991011397e-09,   2.920876679e-06,      0.3359254331,       2.995144904,       2.787712554,         0.7093955251,         -0.7092970351,                     0,      0.4381878841,      0.6870604224,                 0,       288.9057705,       274.1574272,                 0,        15033.0323,        12365.34965,                  0,        0.1812678232,         0.1571256457,                    0,          301411.1515,           301462.8714,                     0,            118.771518,           -137.1010733,                      0,        118.7715179,         137.0450777,                   0,                90.48005686,                 182.1516012,                           0,            -1.834550623e-09,             -0.0008166844568,                          nan,                      0.7617992803,                          1.3291364,                                nan,           300.0002503,            300.0517281,                      0,            17152.42358,             16961.45435,                       0,      0.8952264427,      0.5544058156,                 0,                 0,                 0,      0.4369247608,      0.3761654012,      0.9835119638,                 0,      0.6192911527
        2156,     0.06070165702,      -6.953446973,      -4.472717947,      -1.544318138,                         5,      -4.816113186,               3,      -5.452503612,   8.389264184e-09,   3.505054389e-06,      0.4031105197,       3.594173885,       3.345255065,         0.7093926983,         -0.7092945799,                     0,      0.4381857585,      0.6870587558,                 0,         288.90582,       274.1573774,                 0,       15033.04228,        12365.35186,                  0,        0.1812679126,          0.157125702,                    0,           301411.095,           301462.6878,                     0,           118.7709862,           -137.1005289,                      0,        118.7709861,          137.044545,                   0,                90.47958089,                 182.1513108,                           0,            -1.778109548e-09,             -0.0008165169117,                          nan,                      0.7617986839,                        1.329139447,                                nan,           300.0001941,            300.0515454,                      0,            17152.41343,              16961.4315,                       0,      0.8952194798,      0.5544035389,                 0,                 0,                 0,      0.4369227529,      0.3761612421,      0.9835059333,                 0,      0.6192934263
        2157,     0.06068556511,      -6.961038396,      -4.477660622,      -1.555400969,                         5,      -4.365083757,               3,      -5.076975333,   1.006718957e-08,    4.20606863e-06,      0.4837326236,       4.313008662,       4.014306078,         0.7093898423,         -0.7092918111,                     0,      0.4381833734,      0.6870568323,                 0,       288.9059151,       274.1573095,                 0,       15033.06152,        12365.35364,                  0,        0.1812680848,          0.157125763,                    0,          301411.0729,           301462.4644,                     0,           118.7703952,           -137.0999167,                      0,        118.7703951,         137.0439463,                   0,                90.47905616,                 182.1509585,                           0,             -1.70658232e-09,              -0.000816324145,                          nan,                      0.7617980568,                        1.329142683,                                nan,           300.0001721,            300.0513231,                      0,            17152.41121,             16961.40402,                       0,      0.8952106762,       0.554400708,                 0,                 0,                 0,      0.4369202677,      0.3761559545,      0.9834983465,                 0,      0.6192963542
        2158,     0.06067032381,      -6.969077319,      -4.482895937,      -1.566925543,                         6,      -4.680434533,               3,      -4.714690086,   1.208073163e-08,   5.047287159e-06,      0.5804791483,       5.175610395,       4.817167293,         0.7093867152,         -0.7092888124,                     0,      0.4381806268,      0.6870546549,                 0,       288.9060545,       274.1572233,                 0,       15033.08927,        12365.35565,                  0,         0.181268332,         0.1571258372,                    0,          301411.0785,           301462.2012,                     0,           118.7697096,           -137.0992457,                      0,        118.7697095,         137.0432904,                   0,                 90.4784711,                 182.1505387,                           0,            -1.629280932e-09,             -0.0008161077021,                          nan,                      0.7617975277,                        1.329145981,                                nan,           300.0001777,            300.0510611,                      0,            17152.41504,             16961.37285,                       0,      0.8951995885,      0.5543971394,                 0,                 0,                 0,      0.4369172161,      0.3761492972,      0.9834887888,                 0,      0.6193000382
        2159,     0.06065494472,      -6.976416765,      -4.488305834,      -1.577322889,                         6,      -4.207505216,               3,      -4.366688573,    1.44970274e-08,   6.056751517e-06,       0.696574978,       6.210732474,       5.780600752,         0.7093830338,          -0.709285705,                     0,      0.4381774046,      0.6870522477,                 0,       288.9062335,       274.1571171,                 0,       15033.12412,        12365.35838,                  0,        0.1812686399,          0.157125932,                    0,          301411.1013,            301461.898,                     0,           118.7688915,           -137.0985332,                      0,        118.7688914,         137.0425944,                   0,                90.47780956,                 182.1500474,                           0,            -1.558489338e-09,             -0.0008158704591,                          nan,                      0.7617972055,                        1.329149146,                                nan,           300.0002004,            300.0507593,                      0,            17152.42215,             16961.33902,                       0,      0.8951858021,      0.5543925914,                 0,                 0,                 0,      0.4369135479,      0.3761410864,      0.9834768166,                 0,      0.6193044953
        2160,     0.06064075826,       -6.98223247,       -4.49375661,      -1.585451285,                         7,      -4.352913308,               3,      -4.033988695,   1.739664721e-08,   7.268111863e-06,      0.8358899736,       7.452878968,       6.936720902,         0.7093785496,         -0.7092826449,                     0,      0.4381736014,      0.6870496596,                 0,       288.9064458,       274.1569865,                 0,       15033.16456,        12365.36199,                  0,        0.1812689943,         0.1571260518,                    0,          301411.1294,           301461.5538,                     0,           118.7679086,           -137.0978058,                      0,        118.7679085,         137.0418849,                   0,                90.47705187,                 182.1494826,                           0,            -1.507264757e-09,             -0.0008156148016,                          nan,                      0.7617971305,                        1.329151907,                                nan,           300.0002283,            300.0504167,                      0,            17152.42975,              16961.3035,                       0,      0.8951689963,       0.554386769,                 0,                 0,                 0,      0.4369092894,      0.3761312462,      0.9834620009,                 0,      0.6193096178
        2161,     0.06062785772,      -6.986464805,      -4.499172943,       -1.59130147,                         8,      -4.404739277,               4,      -4.762895754,   2.087628396e-08,   8.721748748e-06,       1.003067968,       8.943454762,       8.324065083,         0.7093731175,         -0.7092798132,                     0,      0.4381691415,      0.6870469622,                 0,       288.9066866,       274.1568238,                 0,        15033.2096,        12365.36616,                  0,        0.1812693862,         0.1571261969,                    0,          301411.1537,           301461.1657,                     0,           118.7667423,            -137.097098,                      0,        118.7667422,         137.0411963,                   0,                90.47617775,                 182.1488438,                           0,            -1.485727319e-09,             -0.0008153402218,                          nan,                      0.7617972514,                        1.329153924,                                nan,           300.0002525,            300.0500304,                      0,            17152.43595,             16961.26693,                       0,      0.8951489899,      0.5543793298,                 0,                 0,                 0,      0.4369045727,      0.3761198397,      0.9834439596,                 0,      0.6193151487
        2162,     0.06061618932,      -6.989384134,      -4.504388306,      -1.595323945,                         9,      -4.386328202,               4,      -4.370124383,   2.505198128e-08,   1.046611916e-05,       1.203681562,       10.73214571,       9.988878099,         0.7093667176,         -0.7092773818,                     0,      0.4381639893,      0.6870442385,                 0,       288.9069538,       274.1566168,                 0,        15033.2591,        12365.37003,                  0,        0.1812698155,         0.1571263635,                    0,          301411.1704,           301460.7265,                     0,           118.7653895,           -137.0964463,                      0,        118.7653894,         137.0405652,                   0,                 90.4751704,                 182.1481321,                           0,            -1.496528013e-09,             -0.0008150422689,                          nan,                      0.7617974465,                        1.329154851,                                nan,           300.0002691,            300.0495932,                      0,            17152.44022,             16961.22937,                       0,      0.8951257475,      0.5543698757,                 0,                 0,                 0,      0.4368996451,      0.3761070801,      0.9834223545,                 0,      0.6193206678
        2163,     0.06060583988,      -6.990457866,      -4.508922911,      -1.596550367,                        10,      -4.307655904,               4,      -4.000163675,   3.006300904e-08,   1.255937172e-05,       1.444417874,       12.87857486,       11.98665372,         0.7093594172,         -0.7092754492,                     0,      0.4381581474,      0.6870415606,                 0,       288.9072484,       274.1563485,                 0,       15033.31351,        12365.37224,                  0,        0.1812702867,         0.1571265437,                    0,          301411.1805,           301460.2231,                     0,           118.7638585,           -137.0958756,                      0,        118.7638584,         137.0400172,                   0,                90.47402089,                 182.1473497,                           0,            -1.532529437e-09,             -0.0008147150905,                          nan,                      0.7617975881,                        1.329154457,                                nan,           300.0002792,            300.0490922,                      0,            17152.44311,             16961.19006,                       0,      0.8950993859,      0.5543579246,                 0,                 0,                 0,      0.4368948803,      0.3760933523,      0.9833968729,                 0,      0.6193255557
        2164,     0.06059564707,      -6.987674569,      -4.512059189,      -1.591446863,                        10,      -3.812195081,               5,      -4.433412084,   3.607651611e-08,   1.507128479e-05,       1.733301449,       15.45428983,       14.38398446,         0.7093512995,         -0.7092739833,                     0,      0.4381516431,      0.6870389606,                 0,       288.9075733,       274.1560015,                 0,       15033.37334,        12365.37149,                  0,        0.1812708043,         0.1571267314,                    0,          301411.1886,           301459.6389,                     0,           118.7621604,            -137.095385,                      0,        118.7621603,         137.0395513,                   0,                90.47273122,                 182.1465017,                           0,            -1.580338749e-09,             -0.0008143572609,                          nan,                      0.7617976216,                        1.329152787,                                nan,           300.0002872,            300.0485107,                      0,            17152.44546,             16961.14776,                       0,      0.8950702642,      0.5543428738,                 0,                 0,                 0,      0.4368908414,      0.3760793074,      0.9833672529,                 0,      0.6193288907
        2165,     0.06058507299,      -6.978701736,      -4.513183242,      -1.576102471,                        10,      -3.374168523,               5,        -4.0443814,   4.329311698e-08,   1.808559245e-05,       2.079961739,       18.54514779,       17.26078136,          0.709342401,          -0.709272856,                     0,      0.4381445064,      0.6870364245,                 0,       288.9079324,       274.1555669,                 0,       15033.43887,        12365.36782,                  0,        0.1812713692,         0.1571269319,                    0,          301411.2001,           301458.9633,                     0,           118.7603004,            -137.094946,                      0,        118.7603003,         137.0391386,                   0,                 90.4713129,                 182.1455983,                           0,            -1.629170243e-09,             -0.0008139765401,                          nan,                      0.7617976096,                        1.329150198,                                nan,           300.0002987,            300.0478383,                      0,            17152.44792,             16961.10235,                       0,      0.8950392278,      0.5543239783,                 0,                 0,                 0,       0.436888441,      0.3760660692,      0.9833334144,                 0,      0.6193292552
        2166,     0.06057484089,       -6.96327446,      -4.512013116,      -1.550656949,                        10,      -2.991031275,               6,      -4.478162239,   5.195360042e-08,   2.170277577e-05,       2.079961739,       18.54514779,       17.26078136,         0.7093326922,         -0.7092720248,                     0,       0.438136744,      0.6870339357,                 0,       288.9083296,       274.1550516,                 0,       15033.51027,        12365.36363,                  0,        0.1812719808,         0.1571271718,                    0,          301411.2197,           301458.2026,                     0,           118.7582743,           -137.0945291,                      0,        118.7582742,         137.0387485,                   0,                90.46977722,                 182.1446573,                           0,            -1.678536532e-09,             -0.0008135881153,                          nan,                      0.7617976756,                        1.329147116,                                nan,           300.0003182,            300.0470812,                      0,            17152.45073,              16961.0569,                       0,      0.8950079739,      0.5543003429,                 0,                 0,                 0,      0.4368891736,      0.3760555303,      0.9832956736,                 0,      0.6193244743
        2167,     0.06056424862,      -6.943316713,      -4.508530253,       -1.51929109,                        10,      -3.024771858,               6,      -4.480276301,   5.195582206e-08,   2.170284421e-05,       2.495954087,       22.25417735,       20.71293763,         0.7093231178,         -0.7092716404,                     0,      0.4381292377,      0.6870317457,                 0,       288.9086917,       274.1545658,                 0,       15033.57375,        12365.36309,                  0,        0.1812725191,         0.1571274413,                    0,          301411.2156,           301457.4975,                     0,           118.7563186,            -137.094176,                      0,        118.7563185,         137.0384202,                   0,                90.46827797,                 182.1438047,                           0,            -1.715425024e-09,             -0.0008132284918,                          nan,                      0.7617975962,                        1.329144079,                                nan,           300.0003141,            300.0463793,                      0,            17152.44711,             16961.02111,                       0,      0.8949834171,      0.5542763247,                 0,                 0,                 0,      0.4368935425,      0.3760505508,      0.9832616866,                 0,       0.619314631
        2168,     0.06055405957,      -6.928483063,      -4.505863602,      -1.496561876,                        10,      -2.676374173,               6,      -4.082193925,   6.234965351e-08,   2.604349142e-05,      0.2495954087,       2.225417735,       2.071293763,         0.7093130481,         -0.7092723802,                     0,       0.438121188,      0.6870298088,                 0,       288.9091024,         274.15403,                 0,       15033.64653,        12365.36878,                  0,         0.181273139,         0.1571278185,                    0,          301411.2346,           301456.7567,                     0,           118.7542266,           -137.0939475,                      0,        118.7542265,         137.0382159,                   0,                90.46667284,                 182.1429376,                           0,            -1.756557899e-09,             -0.0008128764129,                          nan,                      0.7617974995,                        1.329139732,                                nan,            300.000333,             300.045642,                      0,            17152.44859,             16960.99765,                       0,      0.8949629548,      0.5542465781,                 0,                 0,                 0,      0.4369040938,      0.3760522997,       0.983225624,                 0,      0.6192955531
        2169,     0.06053673922,      -6.912604942,       -4.50179195,      -1.473419189,                         4,      -4.566285461,               2,      -4.193721525,   6.235283961e-09,   2.604357566e-06,      0.2995144904,       2.670501282,       2.485552515,          0.709310647,         -0.7092722544,                     0,       0.438119806,      0.6870294271,                 0,       288.9090775,       274.1539933,                 0,       15033.64107,        12365.36848,                  0,        0.1812730888,         0.1571278355,                    0,          301411.1383,            301456.686,                     0,           118.7538576,           -137.0938968,                      0,        118.7538574,         137.0381714,                   0,                90.46636966,                 182.1428082,                           0,            -1.737282651e-09,             -0.0008127866604,                          nan,                      0.7617973142,                         1.32913922,                                nan,           300.0002372,            300.0455716,                      0,            17152.42835,             16960.99102,                       0,      0.8949615973,      0.5542443173,                 0,                 0,                 0,      0.4369047115,      0.3760525898,       0.983223003,                 0,      0.6192939663
        2170,     0.06051956688,      -6.921109886,      -4.504609178,      -1.485758966,                         4,      -4.164102298,               3,      -5.646445786,   7.482380396e-09,    3.12523117e-06,      0.3594173885,       3.204601539,       2.982663018,         0.7093084232,         -0.7092722204,                     0,      0.4381183326,      0.6870289902,                 0,       288.9090834,       274.1539458,                 0,       15033.64221,        12365.36871,                  0,        0.1812730988,         0.1571278655,                    0,          301411.0695,            301456.599,                     0,           118.7534787,           -137.0938517,                      0,        118.7534786,          137.038133,                   0,                90.46604107,                 182.1426473,                           0,            -1.702649466e-09,             -0.0008126895387,                          nan,                      0.7617969778,                        1.329138418,                                nan,           300.0001687,            300.0454851,                      0,            17152.41473,             16960.98422,                       0,      0.8949600053,      0.5542415565,                 0,                 0,                 0,      0.4369056063,      0.3760529964,      0.9832198421,                 0,      0.6192919832
        2171,      0.0605035494,      -6.931833633,      -4.507255203,      -1.500782132,                         5,      -4.678656928,               3,      -5.265345555,   8.978913471e-09,   3.750280315e-06,      0.4313008662,       3.845521847,       3.579195622,         0.7093063239,         -0.7092723515,                     0,      0.4381167332,      0.6870285101,                 0,       288.9091228,       274.1538854,                 0,       15033.65046,        12365.36974,                  0,        0.1812731736,         0.1571279129,                    0,          301411.0292,           301456.4945,                     0,           118.7530782,           -137.0938227,                      0,        118.7530781,          137.038111,                   0,                90.46568421,                 182.1424508,                           0,            -1.654287707e-09,             -0.0008125865007,                          nan,                      0.7617965417,                        1.329137197,                                nan,           300.0001286,             300.045381,                      0,            17152.40794,              16960.9778,                       0,      0.8949581509,      0.5542381588,                 0,                 0,                 0,      0.4369069069,      0.3760535803,      0.9832160155,                 0,      0.6192894698
        2172,     0.06048761491,      -6.943856104,      -4.510443517,      -1.517555674,                         5,      -4.233855014,               3,       -4.89753488,   1.077477808e-08,    4.50034041e-06,      0.5175610395,       4.614626216,       4.295034746,         0.7093042234,         -0.7092727511,                     0,      0.4381149545,      0.6870280118,                 0,       288.9091953,       274.1538094,                 0,       15033.66557,        12365.37179,                  0,        0.1812733103,         0.1571279821,                    0,          301411.0144,           301456.3713,                     0,           118.7526369,            -137.093826,                      0,        118.7526368,         137.0381218,                   0,                 90.4652942,                 182.1422153,                           0,            -1.596575649e-09,             -0.0008124792365,                          nan,                      0.7617960882,                        1.329135375,                                nan,           300.0001138,            300.0452585,                      0,            17152.40716,             16960.97243,                       0,      0.8949560313,      0.5542339296,                 0,                 0,                 0,      0.4369087799,      0.3760544571,      0.9832113669,                 0,      0.6192862109
        2173,     0.06047307075,      -6.955441308,      -4.514761815,      -1.533960489,                         6,      -4.524959892,               3,      -4.544072698,   1.292985137e-08,   5.400414053e-06,      0.6210732474,       5.537551459,       5.154041696,         0.7093019413,         -0.7092735615,                     0,      0.4381129314,      0.6870275393,                 0,       288.9092974,       274.1537147,                 0,       15033.68652,        12365.37503,                  0,        0.1812734989,         0.1571280771,                    0,           301411.018,           301456.2294,                     0,           118.7521314,           -137.0938862,                      0,        118.7521313,         137.0381895,                   0,                 90.4648638,                 182.1419391,                           0,            -1.536245464e-09,              -0.000812368604,                          nan,                       0.761795707,                        1.329132703,                                nan,           300.0001175,            300.0451172,                      0,            17152.41056,             16960.96898,                       0,      0.8949536982,       0.554228612,                 0,                 0,                 0,      0.4369114371,      0.3760558236,       0.983205723,                 0,      0.6192818836
        2174,     0.06045842423,       -6.96490513,      -4.520439226,      -1.547648448,                         6,      -4.067398168,               3,      -4.205937832,   1.551599066e-08,   6.480504504e-06,      0.7452878968,       6.645061751,       6.184850035,         0.7092992915,         -0.7092749715,                     0,      0.4381106019,      0.6870271601,                 0,        288.909423,       274.1535972,                 0,       15033.71177,        12365.37949,                  0,        0.1812737245,         0.1571282004,                    0,          301411.0305,           301456.0693,                     0,           118.7515399,            -137.094037,                      0,        118.7515398,         137.0383482,                   0,                90.46438389,                 182.1416226,                           0,            -1.481027634e-09,             -0.0008122528949,                          nan,                        0.76179546,                        1.329128853,                                nan,           300.0001299,            300.0449578,                      0,            17152.41577,              16960.9685,                       0,      0.8949512957,      0.5542218992,                 0,                 0,                 0,      0.4369151479,      0.3760579803,      0.9831989273,                 0,      0.6192760453
        2175,     0.06044455717,      -6.971827834,      -4.527237375,      -1.557681888,                         7,      -4.202282118,               4,      -4.990688478,    1.86194315e-08,   7.776615847e-06,      0.8943454762,       7.974074101,       7.421820042,         0.7092961457,          -0.709277208,                     0,      0.4381079271,      0.6870269688,                 0,       288.9095647,       274.1534502,                 0,       15033.73977,        12365.38489,                  0,        0.1812739732,         0.1571283523,                    0,          301411.0424,            301455.891,                     0,           118.7508503,           -137.0943216,                      0,        118.7508502,         137.0386413,                   0,                90.46384553,                 182.1412696,                           0,            -1.437395425e-09,             -0.0008121264285,                          nan,                      0.7617953502,                        1.329123434,                                nan,           300.0001417,            300.0447804,                      0,            17152.42061,             16960.97202,                       0,      0.8949490994,      0.5542134575,                 0,                 0,                 0,      0.4369202539,      0.3760613488,      0.9831908812,                 0,      0.6192681325
        2176,     0.06043155475,       -6.97710148,      -4.534496355,      -1.564850795,                         8,      -4.253528817,               4,      -4.588573695,   2.234366639e-08,   9.331953163e-06,       1.073214571,       9.568888922,        8.90618405,          0.709292479,         -0.7092804912,                     0,      0.4381049062,      0.6870270814,                 0,       288.9097167,       274.1532628,                 0,       15033.76945,         12365.3904,                  0,        0.1812742357,         0.1571285287,                    0,          301411.0472,           301455.6912,                     0,           118.7500645,           -137.0947851,                      0,        118.7500644,         137.0391146,                   0,                90.46324323,                 182.1408891,                           0,            -1.408143269e-09,              -0.000811980593,                          nan,                      0.7617953195,                        1.329116067,                                nan,           300.0001465,            300.0445815,                      0,            17152.42386,             16960.98013,                       0,      0.8949475428,      0.5542029457,                 0,                 0,                 0,      0.4369271834,      0.3760664806,      0.9831815761,                 0,      0.6192574639
        2177,     0.06041992847,      -6.981107777,      -4.541241967,      -1.569388614,                         9,       -4.23281636,               4,      -4.209458577,   2.681290056e-08,   1.119836273e-05,       1.287857486,       11.48266671,       10.68742086,          0.709288367,         -0.7092849554,                     0,       0.438101579,      0.6870276147,                 0,       288.9098756,       274.1530189,                 0,       15033.80036,        12365.39454,                  0,        0.1812745087,         0.1571287197,                    0,          301411.0438,           301455.4609,                     0,           118.7491972,            -137.095461,                      0,        118.7491971,          137.039802,                   0,                90.46257863,                 182.1404967,                           0,            -1.391245341e-09,             -0.0008118087953,                          nan,                      0.7617952867,                        1.329106537,                                nan,           300.0001431,            300.0443524,                      0,            17152.42543,             16960.99255,                       0,       0.894947239,      0.5541900151,                 0,                 0,                 0,      0.4369364621,      0.3760740747,       0.983171106,                 0,      0.6192432257
        2178,     0.06040945333,      -6.981962076,      -4.546231753,      -1.568598298,                        10,      -4.153497713,               5,      -4.688830039,   3.217620081e-08,   1.343806023e-05,       1.545428983,       13.77920005,       12.82490503,         0.7092839379,         -0.7092905839,                     0,      0.4380980155,       0.687028656,                 0,       288.9100408,       274.1527017,                 0,       15033.83246,        12365.39571,                  0,        0.1812747921,         0.1571289149,                    0,          301411.0349,           301455.1885,                     0,             118.74827,           -137.0963556,                      0,          118.74827,         137.0407096,                   0,                90.46186232,                 182.1401151,                           0,            -1.381437853e-09,             -0.0008116137391,                          nan,                      0.7617952022,                         1.32909495,                                nan,           300.0001342,            300.0440812,                      0,            17152.42594,             16961.00841,                       0,      0.8949490385,      0.5541742922,                 0,                 0,                 0,      0.4369487444,       0.376085034,      0.9831596894,                 0,      0.6192244121
        2179,     0.06040058413,      -6.976539602,       -4.54802143,      -1.558371875,                        10,      -3.674515681,               5,      -4.286455648,   3.861247683e-08,   1.612570469e-05,       1.854514779,       16.53504006,       15.38988604,         0.7092793183,         -0.7092972442,                     0,       0.438094301,      0.6870302435,                 0,       288.9102119,        274.152304,                 0,       15033.86553,        12365.39357,                  0,        0.1812750834,          0.157129114,                    0,          301411.0244,           301454.8691,                     0,           118.7473058,           -137.0974453,                      0,        118.7473057,         137.0418127,                   0,                90.46111244,                 182.1397733,                           0,            -1.373928304e-09,               -0.00081141152,                          nan,                      0.7617950733,                        1.329081757,                                nan,           300.0001239,            300.0437633,                      0,            17152.42604,             16961.02786,                       0,      0.8949541705,      0.5541553623,                 0,                 0,                 0,       0.436964892,      0.3761005877,      0.9831477411,                 0,      0.6191997094
        2180,     0.06039143645,      -6.963693184,      -4.545283697,      -1.537799096,                        10,      -3.255310666,               6,      -4.756354046,   4.633646251e-08,   1.935088696e-05,       2.225417735,       19.84204807,       18.46786325,         0.7092746251,         -0.7093048727,                     0,       0.438090534,      0.6870323915,                 0,       288.9103856,       274.1518375,                 0,       15033.89873,        12365.39036,                  0,        0.1812753749,         0.1571293389,                    0,           301411.014,           301454.5166,                     0,           118.7463291,           -137.0987016,                      0,         118.746329,         137.0430812,                   0,                90.46035031,                 182.1395028,                           0,            -1.367043145e-09,             -0.0008112267206,                          nan,                      0.7617949206,                        1.329067481,                                nan,           300.0001135,            300.0434124,                      0,            17152.42576,             16961.05427,                       0,      0.8949644882,      0.5541327974,                 0,                 0,                 0,      0.4369861196,      0.3761224693,      0.9831360437,                 0,      0.6191673577
        2181,     0.06038285811,        -6.9452771,      -4.537335467,      -1.510277539,                        10,      -2.893107156,               6,      -4.340160265,   5.560589882e-08,   2.322111604e-05,      0.2225417735,       1.984204807,       1.846786325,         0.7092700224,         -0.7093137496,                     0,      0.4380868491,      0.6870351746,                 0,        288.910552,       274.1513286,                 0,       15033.93025,        12365.39069,                  0,        0.1812756505,         0.1571296328,                    0,          301411.0001,           301454.1661,                     0,            118.745378,           -137.1001437,                      0,        118.7453779,         137.0445329,                   0,                90.45959773,                 182.1393321,                           0,            -1.360770496e-09,             -0.0008110782431,                          nan,                      0.7617946848,                        1.329052157,                                nan,           300.0000997,            300.0430635,                      0,            17152.42438,             16961.09511,                       0,       0.894982777,      0.5541062281,                 0,                 0,                 0,      0.4370141794,      0.3761531182,      0.9831259913,                 0,      0.6191250181
        2182,     0.06036627531,      -6.923394662,      -4.524555215,      -1.479360272,                         4,      -4.836128875,               2,      -4.343187775,   5.560846729e-09,   2.322116868e-06,      0.2670501282,       2.381045768,        2.21614359,         0.7092689835,         -0.7093149488,                     0,      0.4380862764,      0.6870355827,                 0,       288.9105487,       274.1512588,                 0,       15033.92897,        12365.38486,                  0,        0.1812756371,         0.1571295986,                    0,          301410.9676,           301454.1194,                     0,           118.7452129,           -137.1004007,                      0,        118.7452128,         137.0447923,                   0,                90.45949112,                 182.1392769,                           0,            -1.348573475e-09,             -0.0008110428441,                          nan,                      0.7617948464,                         1.32904924,                                nan,           300.0000673,            300.0430171,                      0,            17152.41712,             16961.09292,                       0,      0.8949838739,      0.5541041798,                 0,                 0,                 0,      0.4370159417,       0.376155232,      0.9831250267,                 0,      0.6191219708
        2183,     0.06034974602,      -6.928762354,      -4.525967478,      -1.487473971,                         4,      -4.423978287,               2,      -4.075558557,   6.673048088e-09,   2.786541711e-06,      0.3204601539,       2.857254922,       2.659372307,         0.7092679954,         -0.7093165152,                     0,      0.4380856635,      0.6870360706,                 0,       288.9105559,       274.1511858,                 0,       15033.92991,        12365.38072,                  0,         0.181275644,         0.1571295877,                    0,          301410.9439,           301454.0754,                     0,           118.7450429,           -137.1007092,                      0,        118.7450428,         137.0451026,                   0,                90.45937264,                 182.1392145,                           0,            -1.332783106e-09,             -0.0008110133823,                          nan,                       0.761794939,                        1.329045774,                                nan,           300.0000437,            300.0429733,                      0,            17152.41199,             16961.09423,                       0,      0.8949853781,      0.5541017048,                 0,                 0,                 0,      0.4370182374,      0.3761579283,      0.9831239694,                 0,      0.6191181648
        2184,      0.0603337903,      -6.936285462,      -4.527242186,      -1.498209642,                         4,      -4.028362685,               3,      -5.479429086,   8.007703741e-09,   3.343852057e-06,      0.3845521847,       3.428705906,       3.191246769,         0.7092670571,          -0.709318521,                     0,      0.4380850046,      0.6870366653,                 0,       288.9105742,       274.1511071,                 0,       15033.93329,        12365.37837,                  0,        0.1812756732,         0.1571296026,                    0,          301410.9295,           301454.0332,                     0,           118.7448666,           -137.1010812,                      0,        118.7448665,         137.0454759,                   0,                90.45924135,                 182.1391453,                           0,            -1.313737674e-09,             -0.0008109931977,                          nan,                      0.7617949641,                        1.329041649,                                nan,           300.0000294,            300.0429313,                      0,            17152.40917,             16961.09959,                       0,      0.8949874674,      0.5540986951,                 0,                 0,                 0,      0.4370212701,      0.3761614142,      0.9831228414,                 0,      0.6191133566
        2185,      0.0603181693,       -6.94564572,      -4.528939183,      -1.511345023,                         5,      -4.516863419,               3,        -5.1049618,    9.60931066e-09,   4.012625161e-06,      0.4614626216,       4.114447087,       3.829496123,         0.7092661463,          -0.709321045,                     0,      0.4380842909,      0.6870374013,                 0,       288.9106033,       274.1510195,                 0,       15033.93902,        12365.37775,                  0,         0.181275724,         0.1571296446,                    0,          301410.9236,           301453.9921,                     0,           118.7446809,           -137.1015314,                      0,        118.7446808,         137.0459264,                   0,                90.45909632,                 182.1390709,                           0,            -1.292285834e-09,             -0.0008109852271,                          nan,                      0.7617949346,                        1.329036737,                                nan,           300.0000235,            300.0428904,                      0,            17152.40848,             16961.10944,                       0,      0.8949903838,      0.5540949994,                 0,                 0,                 0,      0.4370252981,      0.3761659737,      0.9831216689,                 0,      0.6191072099
        2186,     0.06030245176,      -6.955745124,      -4.531632287,      -1.525634088,                         5,       -4.08364346,               3,      -4.743880668,   1.153126787e-08,   4.815153758e-06,      0.5537551459,       4.937336505,       4.595395347,         0.7092652234,         -0.7093241862,                     0,      0.4380835126,      0.6870383241,                 0,       288.9106416,       274.1509203,                 0,       15033.94669,        12365.37876,                  0,        0.1812757926,         0.1571297139,                    0,          301410.9239,           301453.9524,                     0,           118.7444815,           -137.1020789,                      0,        118.7444814,         137.0464733,                   0,                90.45893675,                 182.1389939,                           0,             -1.26965527e-09,             -0.0008109907516,                          nan,                      0.7617948699,                        1.329030872,                                nan,           300.0000238,            300.0428509,                      0,            17152.40934,             16961.12433,                       0,      0.8949944427,       0.554090419,                 0,                 0,                 0,      0.4370306319,       0.376171978,      0.9831204849,                 0,      0.6190992844
        2187,     0.06028770713,      -6.965059115,      -4.535647378,      -1.539086015,                         6,      -4.356298526,               3,      -4.397718645,   1.383765802e-08,   5.778189158e-06,      0.6645061751,       5.924803806,       5.514474417,         0.7092642463,         -0.7093280854,                     0,      0.4380826658,      0.6870394965,                 0,       288.9106856,       274.1508071,                 0,       15033.95558,        12365.38135,                  0,        0.1812758721,          0.157129811,                    0,          301410.9267,           301453.9165,                     0,           118.7442657,           -137.1027502,                      0,        118.7442657,         137.0471432,                   0,                90.45876246,                 182.1389196,                           0,            -1.247060344e-09,             -0.0008110075514,                          nan,                       0.761794786,                        1.329023833,                                nan,           300.0000266,            300.0428151,                      0,            17152.41091,             16961.14512,                       0,      0.8950000418,      0.5540847172,                 0,                 0,                 0,      0.4370376305,      0.3761798872,      0.9831193423,                 0,      0.6190890407
        2188,     0.06027405975,      -6.972574828,      -4.540807239,      -1.550069383,                         7,      -4.515459743,               3,      -4.067013667,   1.660538576e-08,   6.933832978e-06,      0.7974074101,       7.109764567,         6.6173693,         0.7092631966,         -0.7093329385,                     0,      0.4380817618,      0.6870410069,                 0,       288.9107307,       274.1506778,                 0,       15033.96477,        12365.38549,                  0,        0.1812759547,          0.157129937,                    0,          301410.9278,           301453.8886,                     0,           118.7440359,           -137.1035816,                      0,        118.7440359,         137.0479729,                   0,                90.45857506,                 182.1388566,                           0,            -1.225071156e-09,             -0.0008110282764,                          nan,                      0.7617946822,                        1.329015328,                                nan,           300.0000277,            300.0427874,                      0,            17152.41223,             16961.17309,                       0,      0.8950076709,       0.554077644,                 0,                 0,                 0,      0.4370467004,      0.3761902422,      0.9831183389,                 0,      0.6190758605
        2189,     0.06026101082,      -6.978417427,      -4.546342085,      -1.558248301,                         7,      -4.043262896,               4,      -4.816597604,    1.99267446e-08,   8.320607226e-06,      0.9568888922,        8.53171748,        7.94084316,         0.7092621045,         -0.7093389781,                     0,      0.4380808382,       0.687042973,                 0,       288.9107716,       274.1505271,                 0,       15033.97332,        12365.39091,                  0,         0.181276032,         0.1571300912,                    0,          301410.9235,           301453.8719,                     0,           118.7438024,           -137.1046171,                      0,        118.7438023,         137.0490071,                   0,                90.45837969,                 182.1388185,                           0,            -1.203073308e-09,             -0.0008110406678,                          nan,                       0.761794535,                         1.32900502,                                nan,           300.0000234,            300.0427707,                      0,            17152.41263,             16961.20959,                       0,      0.8950179235,      0.5540689634,                 0,                 0,                 0,      0.4370583001,      0.3762036583,      0.9831176466,                 0,        0.61905907
        2190,     0.06024867535,      -6.982968768,      -4.551035842,      -1.563700066,                         8,      -4.093466983,               4,      -4.423947099,   2.391249816e-08,   9.984738421e-06,       1.148266671,       10.23806098,       9.529011792,         0.7092610621,         -0.7093464075,                     0,      0.4380799653,      0.6870455328,                 0,       288.9108028,       274.1503436,                 0,       15033.98035,        12365.39663,                  0,        0.1812760972,         0.1571302678,                    0,          301410.9117,           301453.8643,                     0,           118.7435852,           -137.1058993,                      0,        118.7435852,         137.0502894,                   0,                90.45818727,                  182.138826,                           0,            -1.179367382e-09,             -0.0008110313954,                          nan,                      0.7617943078,                         1.32899264,                                nan,           300.0000117,            300.0427632,                      0,             17152.4118,             16961.25536,                       0,      0.8950315218,      0.5540584716,                 0,                 0,                 0,       0.437072956,      0.3762208332,      0.9831175411,                 0,      0.6190379424
        2191,     0.06023724799,      -6.985036315,      -4.553495487,      -1.564721619,                         9,      -4.072046232,               4,       -4.05444501,   2.869557929e-08,   1.198169855e-05,       1.377920005,       12.28567317,       11.43481415,         0.7092602145,         -0.7093553207,                     0,      0.4380792472,       0.687048821,                 0,       288.9108192,       274.1501109,                 0,       15033.98501,        12365.40108,                  0,        0.1812761431,         0.1571304562,                    0,          301410.8923,           301453.8578,                     0,           118.7434132,           -137.1074546,                      0,        118.7434131,         137.0518467,                   0,                90.45801628,                 182.1389073,                           0,            -1.152182683e-09,             -0.0008109929336,                          nan,                      0.7617939714,                        1.328978132,                                nan,           299.9999923,            300.0427568,                      0,            17152.40985,             16961.31023,                       0,      0.8950493799,      0.5540459944,                 0,                 0,                 0,      0.4370912966,      0.3762425999,      0.9831184376,                 0,       0.619011651
        2192,     0.06022686078,      -6.981675299,       -4.55242226,      -1.557757962,                        10,      -3.997726185,               5,      -4.530570482,   3.443553119e-08,   1.437805415e-05,       1.653504006,       14.74280781,       13.72177698,          0.709259742,         -0.7093656806,                     0,      0.4380788187,      0.6870529411,                 0,       288.9108148,       274.1498148,                 0,       15033.98629,        12365.40294,                  0,        0.1812761613,          0.157130648,                    0,          301410.8659,           301453.8448,                     0,           118.7433222,           -137.1092834,                      0,        118.7433221,         137.0536792,                   0,                90.45789297,                 182.1390979,                           0,            -1.120921911e-09,             -0.0008109296305,                          nan,                      0.7617935169,                        1.328961754,                                nan,           299.9999661,            300.0427437,                      0,            17152.40697,             16961.37396,                       0,      0.8950727532,      0.5540313702,                 0,                 0,                 0,      0.4371141259,      0.3762700548,      0.9831209684,                 0,      0.6189791481
        2193,     0.06021681126,      -6.970794275,       -4.54703547,      -1.540886598,                        10,      -3.542550149,               5,      -4.144373209,    4.13238399e-08,   1.725368507e-05,       1.984204807,       17.69136937,       16.46613238,         0.7092598591,         -0.7093774128,                     0,      0.4380788489,      0.6870579607,                 0,       288.9107809,       274.1494535,                 0,       15033.98264,        12365.40261,                  0,        0.1812761386,         0.1571308492,                    0,          301410.8321,           301453.8282,                     0,           118.7433567,            -137.111368,                      0,        118.7433566,         137.0557679,                   0,                90.45785022,                 182.1394373,                           0,            -1.086011836e-09,             -0.0008108576928,                          nan,                      0.7617929355,                        1.328943978,                                nan,           299.9999324,            300.0427272,                      0,            17152.40311,             16961.44813,                       0,      0.8951034651,      0.5540144364,                 0,                 0,                 0,       0.437142523,      0.3763047471,      0.9831261091,                 0,       0.618938992
        2194,     0.06020691608,      -6.953479717,      -4.537480975,      -1.516405349,                        10,      -3.144334146,               6,       -4.60298929,    4.95903378e-08,   2.070444666e-05,       2.381045768,       21.22964324,       19.75935885,          0.709260849,         -0.7093906009,                     0,      0.4380795625,      0.6870639513,                 0,       288.9107032,       274.1490411,                 0,       15033.97162,        12365.40281,                  0,        0.1812760544,         0.1571310862,                    0,          301410.7873,           301453.8293,                     0,           118.7435776,            -137.113704,                      0,        118.7435775,          137.058107,                   0,                90.45792844,                 182.1399646,                           0,            -1.046519982e-09,             -0.0008107968733,                          nan,                      0.7617921774,                        1.328925144,                                nan,           299.9998878,            300.0427283,                      0,            17152.39776,              16961.5376,                       0,      0.8951441227,      0.5539950893,                 0,                 0,                 0,      0.4371779067,      0.3763488132,       0.983135357,                 0,      0.6188892663
        2195,     0.06019691767,       -6.93298654,      -4.524540119,      -1.488856926,                        10,      -2.798825599,               6,       -4.20567411,   5.951089434e-08,    2.48453642e-05,      0.2381045768,       2.122964324,       1.975935885,           0.70926312,          -0.709405696,                     0,       0.438081279,      0.6870710802,                 0,       288.9105602,       274.1485991,                 0,       15033.94965,        12365.40758,                  0,        0.1812758792,         0.1571313981,                    0,          301410.7254,           301453.8847,                     0,           118.7440725,           -137.1163459,                      0,        118.7440724,         137.0607505,                   0,                90.45818292,                 182.1407179,                           0,            -9.974300275e-10,             -0.0008107576268,                          nan,                      0.7617911451,                        1.328905009,                                nan,           299.9998262,            300.0427835,                      0,            17152.39008,             16961.65047,                       0,      0.8951980881,      0.5539734893,                 0,                 0,                 0,      0.4372219264,      0.3764048307,      0.9831508771,                 0,      0.6188278289
        2196,     0.06018041466,      -6.911656571,      -4.509074008,      -1.461120822,                         4,      -4.743073129,               2,      -4.226415834,   5.951387897e-09,   2.484538838e-06,      0.2857254922,       2.547557189,       2.371123062,         0.7092637461,         -0.7094079256,                     0,      0.4380816733,      0.6870721842,                 0,       288.9105778,       274.1485133,                 0,       15033.95268,        12365.39769,                  0,        0.1812759048,         0.1571313214,                    0,          301410.7638,           301453.8737,                     0,           118.7441606,           -137.1168427,                      0,        118.7441605,         137.0612477,                   0,                90.45829648,                 182.1407604,                           0,            -9.880875007e-10,             -0.0008107503229,                          nan,                      0.7617915363,                        1.328900498,                                nan,           299.9998644,            300.0427725,                      0,            17152.39754,             16961.65325,                       0,       0.895201577,      0.5539719616,                 0,                 0,                 0,      0.4372246895,      0.3764085317,      0.9831517761,                 0,      0.6188237105
        2197,     0.06016384527,      -6.919460188,      -4.511360279,      -1.472600762,                         4,      -4.331176424,               3,      -5.689748197,   7.141702759e-09,    2.98144778e-06,      0.3428705906,       3.057068627,       2.845347675,         0.7092643356,         -0.7094107659,                     0,      0.4380821065,      0.6870735101,                 0,       288.9105842,       274.1484298,                 0,        15033.9535,        12365.39064,                  0,        0.1812759106,         0.1571312795,                    0,          301410.7925,           301453.8822,                     0,           118.7442554,           -137.1174289,                      0,        118.7442554,         137.0618332,                   0,                90.45841834,                 182.1408281,                           0,            -9.843312831e-10,             -0.0008107567097,                          nan,                       0.761791954,                        1.328895316,                                nan,            299.999893,             300.042781,                      0,            17152.40286,             16961.66331,                       0,      0.8952060945,      0.5539701085,                 0,                 0,                 0,      0.4372282603,      0.3764132483,      0.9831530396,                 0,      0.6188185177
        2198,     0.06014863188,      -6.930215241,      -4.513829885,      -1.487698995,                         5,       -4.85499523,               3,      -5.308281418,   8.570096924e-09,   3.577738879e-06,      0.4114447087,       3.668482352,        3.41441721,         0.7092649253,         -0.7094142982,                     0,       0.438082605,      0.6870751103,                 0,       288.9105768,       274.1483446,                 0,       15033.95164,        12365.38635,                  0,        0.1812758928,         0.1571312736,                    0,          301410.8102,           301453.9099,                     0,           118.7443658,           -137.1181197,                      0,        118.7443658,          137.062522,                   0,                90.45855058,                  182.140929,                           0,            -9.865299688e-10,              -0.000810780643,                          nan,                      0.7617923596,                        1.328889373,                                nan,           299.9999106,            300.0428086,                      0,            17152.40579,             16961.68133,                       0,      0.8952120268,      0.5539678361,                 0,                 0,                 0,      0.4372329375,      0.3764193442,      0.9831548269,                 0,      0.6188118787
        2199,     0.06013301109,      -6.943280679,       -4.51717188,      -1.505884838,                         5,       -4.39576047,               3,      -4.939724753,   1.028419338e-08,     4.2932886e-06,      0.4937336505,       4.402178822,       4.097300651,         0.7092655891,         -0.7094185942,                     0,      0.4380832112,      0.6870770428,                 0,        288.910553,       274.1482526,                 0,       15033.94675,        12365.38445,                  0,        0.1812758489,         0.1571313018,                    0,          301410.8162,           301453.9556,                     0,           118.7445058,           -137.1189309,                      0,        118.7445057,         137.0633299,                   0,                90.45869762,                 182.1410722,                           0,              -9.9393338e-10,             -0.0008108246894,                          nan,                         0.7617927,                        1.328882585,                                nan,           299.9999166,            300.0428541,                      0,            17152.40636,             16961.70766,                       0,      0.8952198718,      0.5539650186,                 0,                 0,                 0,      0.4372390904,      0.3764272921,      0.9831573397,                 0,      0.6188033086
        2200,     0.06011859423,      -6.956923389,      -4.521912034,      -1.525176471,                         6,      -4.688135582,               3,      -4.584991137,   1.234114281e-08,   5.151948633e-06,      0.5924803806,       5.282614587,       4.916760782,         0.7092664387,         -0.7094237354,                     0,      0.4380839866,       0.687079372,                 0,       288.9105106,       274.1481496,                 0,       15033.93862,        12365.38451,                  0,        0.1812757774,         0.1571313611,                    0,          301410.8113,           301454.0197,                     0,           118.7446948,            -137.119881,                      0,        118.7446947,         137.0642753,                   0,                90.45886738,                 182.1412683,                           0,            -1.004023198e-09,             -0.0008108886824,                          nan,                      0.7617929169,                        1.328874851,                                nan,           299.9999118,            300.0429179,                      0,            17152.40493,              16961.7427,                       0,      0.8952302358,      0.5539615041,                 0,                 0,                 0,       0.437247145,      0.3764376661,      0.9831608244,                 0,       0.618792219
        2201,     0.06069323697,      -6.969020016,      -4.528026982,      -1.542752817,                         6,      -4.216433035,               3,      -4.244880899,   1.480953051e-08,   6.182340896e-06,      0.7109764567,       6.339137504,       5.900112938,         0.7092676149,         -0.7094298418,                     0,      0.4380850118,      0.6870821754,                 0,       288.9104473,       274.1480332,                 0,       15033.92705,        12365.38629,                  0,        0.1812756776,         0.1571314497,                    0,          301410.7975,           301454.1054,                     0,           118.7449571,           -137.1209944,                      0,        118.7449571,         137.0653827,                   0,                90.45907251,                   182.14153,                           0,            -1.012015804e-09,             -0.0008109682524,                          nan,                      0.7617929616,                        1.328866023,                                nan,           299.9998979,            300.0430032,                      0,            17152.40212,             16961.78725,                       0,       0.895243813,      0.5539571334,                 0,                 0,                 0,      0.4372575616,       0.376451115,      0.9831655752,                 0,      0.6187779523
        2202,     0.06067918933,      -6.978519798,      -4.534698127,      -1.556731448,                         7,      -4.366180386,               4,      -5.035686103,   1.777166526e-08,   7.418811544e-06,       0.853171748,       7.606965005,       7.080135526,         0.7092692724,         -0.7094370861,                     0,      0.4380863852,      0.6870855515,                 0,       288.9103604,       274.1479017,                 0,       15033.91171,        12365.38972,                  0,        0.1812755471,         0.1571315677,                    0,          301410.7767,           301454.2182,                     0,           118.7453201,           -137.1223033,                      0,          118.74532,         137.0666852,                   0,                90.45933129,                 182.1418737,                           0,            -1.011180362e-09,             -0.0008110544768,                          nan,                      0.7617928124,                        1.328855903,                                nan,           299.9998773,            300.0431154,                      0,            17152.39853,             16961.84267,                       0,      0.8952613587,      0.5539517726,                 0,                 0,                 0,       0.437270811,      0.3764683208,      0.9831719433,                 0,      0.6187598372
        2203,     0.06066615068,      -6.986034665,       -4.54046913,      -1.567244532,                         8,      -4.432758987,               4,      -4.628827286,   2.132632689e-08,   8.902575828e-06,       1.023806098,       9.128358006,       8.496162631,         0.7092715654,         -0.7094456634,                     0,       0.438088222,      0.6870896245,                 0,       288.9102459,       274.1477503,                 0,       15033.89193,         12365.3945,                  0,        0.1812753805,         0.1571317142,                    0,          301410.7506,           301454.3624,                     0,           118.7458131,            -137.123845,                      0,        118.7458131,         137.0682206,                   0,                90.45966806,                 182.1423211,                           0,            -9.946191648e-10,             -0.0008111363141,                          nan,                      0.7617924853,                        1.328844281,                                nan,           299.9998513,            300.0432589,                      0,            17152.39457,             16961.91043,                       0,      0.8952836599,      0.5539453472,                 0,                 0,                 0,       0.437287351,      0.3764899545,      0.9831803464,                 0,      0.6187372472
        2204,     0.06065508907,      -6.992100163,      -4.543783073,      -1.574572022,                         9,      -4.421358364,               4,      -4.244773929,   2.559206472e-08,     1.0683092e-05,       1.228567317,       10.95402961,       10.19539516,         0.7092746442,         -0.7094557187,                     0,       0.438090653,      0.6870945347,                 0,       288.9100979,       274.1475689,                 0,       15033.86663,        12365.39974,                  0,        0.1812751683,         0.1571318833,                    0,          301410.7199,           301454.5373,                     0,           118.7464676,           -137.1256514,                      0,        118.7464675,         137.0700215,                   0,                90.46011285,                 182.1429022,                           0,            -9.585756633e-10,             -0.0008112062674,                          nan,                      0.7617920326,                        1.328831062,                                nan,           299.9998208,            300.0434331,                      0,            17152.39034,             16961.99134,                       0,      0.8953115213,      0.5539378753,                 0,                 0,                 0,      0.4373076108,      0.3765166454,      0.9831912864,                 0,       0.618709647
        2205,     0.06064595109,       -6.99484706,      -4.543444054,      -1.576265601,                        10,      -4.339373169,               5,      -4.760097574,   3.071115743e-08,   1.281971008e-05,       1.474280781,       13.14483553,       12.23447419,         0.7092786649,         -0.7094672869,                     0,       0.438093824,      0.6871004185,                 0,       288.9099091,       274.1473444,                 0,       15033.83441,        12365.40408,                  0,        0.1812748982,         0.1571320655,                    0,          301410.6843,           301454.7388,                     0,           118.7473176,           -137.1277377,                      0,        118.7473176,         137.0721028,                   0,                90.46069959,                 182.1436555,                           0,            -9.056307926e-10,             -0.0008112666327,                          nan,                      0.7617915204,                         1.32881638,                                nan,           299.9997853,            300.0436336,                      0,             17152.3857,             16962.08559,                       0,      0.8953457972,      0.5539294989,                 0,                 0,                 0,      0.4373319873,       0.376548987,      0.9832053939,                 0,      0.6186766059
        2206,     0.06063786149,      -6.990615267,       -4.53877238,       -1.56807339,                        10,      -3.839999258,               5,      -4.355183366,   3.685436761e-08,   1.538365017e-05,       1.769136937,       15.77380263,       14.68136903,         0.7092838187,         -0.7094803206,                     0,      0.4380979029,      0.6871073904,                 0,       288.9096691,       274.1470689,                 0,       15033.79345,        12365.40677,                  0,         0.181274555,         0.1571322559,                    0,          301410.6413,            301454.967,                     0,           118.7484053,           -137.1301005,                      0,        118.7484052,         137.0744603,                   0,                90.46146304,                 182.1446267,                           0,            -8.444570598e-10,             -0.0008113313614,                          nan,                      0.7617909721,                        1.328800612,                                nan,           299.9997425,            300.0438607,                      0,             17152.3803,             16962.19389,                       0,      0.8953874899,      0.5539205175,                 0,                 0,                 0,      0.4373608628,      0.3765875951,      0.9832235148,                 0,      0.6186377671
        2207,     0.06062968302,      -6.977732384,      -4.529769688,      -1.548854045,                        10,      -3.397708105,               6,      -4.847314448,   4.422665086e-08,   1.846037626e-05,       2.122964324,       18.92856316,       17.61764283,         0.7092903896,         -0.7094948203,                     0,      0.4381031086,      0.6871155487,                 0,       288.9093614,       274.1467473,                 0,       15033.74119,        12365.40877,                  0,        0.1812741179,         0.1571324638,                    0,          301410.5851,           301455.2346,                     0,           118.7497917,           -137.1327344,                      0,        118.7497917,         137.0770869,                   0,                90.46243898,                 182.1458618,                           0,            -7.837479554e-10,             -0.0008114201797,                          nan,                      0.7617902962,                         1.32878416,                                nan,           299.9996865,             300.044127,                      0,            17152.37341,             16962.31903,                       0,      0.8954379013,      0.5539114286,                 0,                 0,                 0,      0.4373946378,      0.3766332037,      0.9832468335,                 0,      0.6185927888
        2208,      0.0606231761,      -6.958892921,      -4.517146108,      -1.522933611,                        10,      -3.014321938,               6,      -4.435728671,   5.307401144e-08,   2.215244392e-05,       2.547557189,       22.71427579,        21.1411714,         0.7092988276,         -0.7095109991,                     0,      0.4381097699,      0.6871250146,                 0,       288.9089608,        274.146395,                 0,       15033.67371,        12365.41255,                  0,        0.1812735556,         0.1571327118,                    0,           301410.506,            301455.568,                     0,           118.7515727,           -137.1356623,                      0,        118.7515727,          137.080005,                   0,                90.46367593,                 182.1474006,                           0,            -7.238556421e-10,             -0.0008115465328,                          nan,                      0.7617892872,                        1.328767099,                                nan,           299.9996078,            300.0444589,                      0,            17152.36391,             16962.46631,                       0,      0.8954987287,      0.5539029713,                 0,                 0,                 0,      0.4374337505,      0.3766867154,      0.9832769667,                 0,      0.6185413262
        2209,      0.0606140352,       -6.93872216,      -4.502036912,      -1.496239673,                        10,      -2.682995391,               6,       -4.05527006,   6.369173532e-08,   2.658291713e-05,      0.2547557189,       2.271427579,        2.11411714,         0.7093097788,         -0.7095293899,                     0,      0.4381183778,      0.6871360089,                 0,       288.9084359,       274.1460274,                 0,        15033.5859,         12365.4207,                  0,        0.1812728262,         0.1571330239,                    0,          301410.3963,           301456.0011,                     0,           118.7538841,           -137.1389664,                      0,         118.753884,         137.0832969,                   0,                90.46525831,                 182.1492806,                           0,            -6.561665655e-10,              -0.000811705886,                          nan,                      0.7617877853,                        1.328748905,                                nan,           299.9994986,              300.04489,                      0,            17152.35094,             16962.64254,                       0,      0.8955719576,       0.553896198,                 0,                 0,                 0,      0.4374786258,      0.3767490715,      0.9833159546,                 0,      0.6184831865
        2210,     0.06059791081,      -6.919224329,      -4.485922529,      -1.470960121,                         4,      -4.653971397,               2,      -4.122653646,   6.369523145e-09,   2.658289026e-06,      0.3057068627,       2.725713095,       2.536940568,         0.7093125899,         -0.7095323447,                     0,      0.4381200375,      0.6871377369,                 0,       288.9084809,       274.1459289,                 0,       15033.59477,        12365.40782,                  0,        0.1812729049,         0.1571329163,                    0,          301410.5276,           301456.0242,                     0,           118.7543031,            -137.139637,                      0,        118.7543031,         137.0839642,                   0,                90.46566058,                 182.1494402,                           0,            -6.495175509e-10,             -0.0008117487416,                          nan,                      0.7617884845,                        1.328743601,                                nan,           299.9996293,             300.044913,                      0,            17152.37787,             16962.65076,                       0,      0.8955766824,       0.553895949,                 0,                 0,                 0,      0.4374813635,      0.3767529809,      0.9833186196,                 0,      0.6184796454
        2211,     0.06058211967,      -6.929551933,      -4.489320492,      -1.486158146,                         4,       -4.23667018,               3,      -5.529351486,   7.643471508e-09,   3.189947162e-06,      0.3668482352,       3.270855714,       3.044328681,         0.7093151871,          -0.709536072,                     0,      0.4381218172,      0.6871398226,                 0,       288.9084851,       274.1458363,                 0,       15033.59514,         12365.3986,                  0,        0.1812729067,         0.1571328519,                    0,          301410.6226,           301456.0812,                     0,           118.7547368,           -137.1404222,                      0,        118.7547367,         137.0847445,                   0,                90.46609391,                 182.1496631,                           0,            -6.542154596e-10,             -0.0008118166218,                          nan,                      0.7617893517,                        1.328737664,                                nan,           299.9997239,            300.0449697,                      0,            17152.39633,             16962.66946,                       0,      0.8955827084,      0.5538956489,                 0,                 0,                 0,      0.4374848757,      0.3767579563,      0.9833220326,                 0,      0.6184751488
        2212,     0.06056752964,      -6.943080689,      -4.492938659,      -1.505417677,                         5,       -4.73608688,               3,      -5.153989841,   9.172228679e-09,   3.827936896e-06,      0.4402178822,       3.925026857,       3.653194418,         0.7093176725,         -0.7095406473,                     0,       0.438123785,      0.6871423407,                 0,       288.9084425,       274.1457442,                 0,       15033.58595,        12365.39271,                  0,        0.1812728225,         0.1571328294,                    0,          301410.6782,            301456.172,                     0,            118.755208,           -137.1413383,                      0,         118.755208,         137.0856536,                   0,                90.46656359,                 182.1499651,                           0,            -6.724414359e-10,             -0.0008119132728,                          nan,                      0.7617902837,                        1.328731055,                                nan,           299.9997793,            300.0450601,                      0,            17152.40577,             16962.69934,                       0,      0.8955904966,      0.5538952661,                 0,                 0,                 0,      0.4374894412,      0.3767643836,      0.9833264477,                 0,       0.618469343
        2213,     0.06055283835,      -6.958667193,      -4.497601976,       -1.52767253,                         5,      -4.271215214,               3,      -4.792033744,   1.100676475e-08,   4.593524352e-06,      0.5282614587,       4.710032229,       4.383833301,         0.7093202658,         -0.7095461188,                     0,      0.4381260499,      0.6871453664,                 0,       288.9083494,       274.1456462,                 0,        15033.5669,        12365.38946,                  0,        0.1812726513,         0.1571328438,                    0,          301410.6963,           301456.2954,                     0,           118.7557544,           -137.1423994,                      0,        118.7557544,         137.0867055,                   0,                90.46708024,                 182.1503633,                           0,            -7.041277561e-10,             -0.0008120395422,                          nan,                      0.7617911295,                        1.328723763,                                nan,           299.9997973,            300.0451829,                      0,            17152.40699,             16962.74056,                       0,       0.895600623,      0.5538947661,                 0,                 0,                 0,      0.4374953943,      0.3767727418,      0.9833321864,                 0,      0.6184617918
        2214,      0.0605405507,      -6.973943867,      -4.503683038,      -1.550089123,                         6,      -4.542167797,               3,      -4.444387473,   1.320824745e-08,   5.512228677e-06,      0.6339137504,       5.652038674,       5.260599961,          0.709323288,         -0.7095525254,                     0,      0.4381287602,      0.6871489742,                 0,       288.9082053,       274.1455375,                 0,       15033.53852,        12365.38809,                  0,        0.1812723995,         0.1571328881,                    0,          301410.6838,           301456.4515,                     0,           118.7564253,           -137.1436186,                      0,        118.7564253,         137.0879138,                   0,                90.46766211,                 182.1508761,                           0,            -7.448061057e-10,             -0.0008121919607,                          nan,                      0.7617917255,                        1.328715794,                                nan,           299.9997848,            300.0453383,                      0,            17152.40207,              16962.7932,                       0,       0.895613757,      0.5538941284,                 0,                 0,                 0,      0.4375031037,       0.376783576,      0.9833396382,                 0,      0.6184520102
        2215,     0.06052647726,      -6.986644724,      -4.510744355,      -1.569433192,                         6,      -4.071221752,               3,      -4.111922987,   1.585008322e-08,   6.614672542e-06,      0.7606965005,       6.782446409,       6.312719954,         0.7093271053,         -0.7095599221,                     0,      0.4381320913,      0.6871532418,                 0,       288.9080115,       274.1454153,                 0,       15033.50171,        12365.38808,                  0,        0.1812720773,         0.1571329572,                    0,           301410.651,           301456.6434,                     0,           118.7572755,           -137.1450101,                      0,        118.7572755,         137.0892931,                   0,                90.46833648,                 182.1515243,                           0,             -7.84477483e-10,              -0.000812362153,                          nan,                      0.7617919503,                        1.328707153,                                nan,           299.9997522,            300.0455292,                      0,            17152.39383,             16962.85769,                       0,      0.8956306174,      0.5538933697,                 0,                 0,                 0,      0.4375129406,      0.3767974478,      0.9833492519,                 0,      0.6184395206
        2216,     0.06051379968,      -6.996425269,      -4.517581176,      -1.584556538,                         7,      -4.206068611,               4,      -4.866529454,   1.902036726e-08,   7.937602776e-06,      0.9128358006,       8.138935691,       7.575263944,         0.7093320529,         -0.7095683835,                     0,      0.4381362269,      0.6871582546,                 0,       288.9077693,       274.1452781,                 0,       15033.45711,        12365.38913,                  0,        0.1812716915,         0.1571330481,                    0,          301410.6088,           301456.8758,                     0,           118.7583566,           -137.1465896,                      0,        118.7583566,         137.0908599,                   0,                90.46913947,                 182.1523316,                           0,            -8.091749493e-10,              -0.000812538191,                          nan,                      0.7617917767,                        1.328697856,                                nan,           299.9997102,            300.0457606,                      0,            17152.38485,             16962.93487,                       0,      0.8956519184,      0.5538925701,                 0,                 0,                 0,      0.4375252455,      0.3768148767,       0.983361524,                 0,      0.6184239198
        2217,     0.06050196226,       -7.00468033,      -4.522778739,      -1.596714913,                         8,      -4.256808312,               4,      -4.472241452,   2.282482451e-08,   9.525115236e-06,       1.095402961,       9.766722829,       9.090316733,         0.7093383778,         -0.7095779698,                     0,      0.4381413439,      0.6871641059,                 0,       288.9074773,       274.1451227,                 0,       15033.40446,        12365.39087,                  0,        0.1812712398,         0.1571331578,                    0,          301410.5645,           301457.1523,                     0,           118.7597115,           -137.1483699,                      0,        118.7597115,         137.0926277,                   0,                90.47011372,                 182.1533266,                           0,            -8.058307355e-10,             -0.0008127086223,                          nan,                      0.7617912894,                         1.32868798,                                nan,           299.9996661,            300.0460358,                      0,            17152.37661,             16963.02561,                       0,      0.8956783168,      0.5538918938,                 0,                 0,                 0,      0.4375402963,      0.3768362858,      0.9833769831,                 0,      0.6184049378
